E:\Jessie_GD_PE_raw_data\TAM_IMS_Pos_223_4May17_Brandi-WCSH8002.d,,,,,,,,,,,,,,,,,,,,,,,,,,,,,,,,,,,,,,,,,,,,,,,,,,,,,,,,,,,,,,,,,,,,,,,,,,,,,,,,,,,,,,,,,,,,,,,,,,,,,,,,,,,,,,,,,,,,,,,,,,,,,,,,,,,,,,,,,,,,,,,,,,,,,,,,,,,,,,,,,,,,,,,,,,,,,,,,,,,,,,,,,,,,,,,,,,,,,,,,,,,,,,,,,,,,,,,,,,,,,,,,,,,,,,,,,,,,,,,,,,,,,,,,,,,,,,,,,,,,,,,,,,,,,,,,,,,,,,,,,,,,,,,,,,,,,,,,,,,,,,,,,,,,,,,,,,,,,,,,,,,,,,,,,,,,,,,,,,,,,,,,,,,,,,,,,,,,,,,,,,,,,,,,,,,,,,,,,,,,,,,,,,,,,,,,,,,,,,,,,,,,,,,,,,,,,,,,,,,,,,,,,,,,,,,,,,,,,,,,,,,,,,,,,,,,,,,,,,,,,,,,,,,,,,,,,,,,,,,,,,,,,,,,,,,,,,,,,,,,,,,,,,,,,,,,,,,,,,,,,,,,,,,,,,,,,,,,,,,,,,,,,,,,,,,,,,,,,,,,,,,,,,,,,,,,,,,,,,,,,,,,,,,,,,,,,,,,,,,,,,,,,,,,,,,,,,,,,,,,,,,,,,,,,,,,,,,,,,,,,,,,,,,,,,,,,,,,,,,,,,,,,,,,,,,,,,,,,,,,,,,,,,,,,,,,,,,,,,,,,,,,,,,,,,,,,,,,,,,,,,,,,,,,,,,,,,,,,,,,,,,,,,,,,,,,,,,,,,,,,,,,,,,,,,,,,,,,,,,,,,,,,,,,,,,,,,,,,,,,,,,,,,,,,,,,,,,,,,,,,,,,,,,,,,,,,,,,,,,,,,,,,,,,,,,,,,,,,,,,,,,,,,,,,,,,,,,,,,,,,,,,,,,,,,,,,,,,,,,,,,,,,,,,,,,,,,,,,,,,,,,,,,,,,,,,,,,,,,,,,,,,,,,,,,,,,,,,,,,,,,,,,,,,,,,,,,,,,,,,,,,,,,,,,,,,,,,,,,,,,,,,,,,,,,,,,,,,,,,,,,,,,,,,,,,,,,,,,,,,,,,,,,,,,,,,,,,,,,,,,,,,,,,,,,
Frame: (0.058-38.475 min) - Drift (0.00-69.90 ms) vs. Mass (49.9409-1699.5710 m/z),,,,,,,,,,,,,,,,,,,,,,,,,,,,,,,,,,,,,,,,,,,,,,,,,,,,,,,,,,,,,,,,,,,,,,,,,,,,,,,,,,,,,,,,,,,,,,,,,,,,,,,,,,,,,,,,,,,,,,,,,,,,,,,,,,,,,,,,,,,,,,,,,,,,,,,,,,,,,,,,,,,,,,,,,,,,,,,,,,,,,,,,,,,,,,,,,,,,,,,,,,,,,,,,,,,,,,,,,,,,,,,,,,,,,,,,,,,,,,,,,,,,,,,,,,,,,,,,,,,,,,,,,,,,,,,,,,,,,,,,,,,,,,,,,,,,,,,,,,,,,,,,,,,,,,,,,,,,,,,,,,,,,,,,,,,,,,,,,,,,,,,,,,,,,,,,,,,,,,,,,,,,,,,,,,,,,,,,,,,,,,,,,,,,,,,,,,,,,,,,,,,,,,,,,,,,,,,,,,,,,,,,,,,,,,,,,,,,,,,,,,,,,,,,,,,,,,,,,,,,,,,,,,,,,,,,,,,,,,,,,,,,,,,,,,,,,,,,,,,,,,,,,,,,,,,,,,,,,,,,,,,,,,,,,,,,,,,,,,,,,,,,,,,,,,,,,,,,,,,,,,,,,,,,,,,,,,,,,,,,,,,,,,,,,,,,,,,,,,,,,,,,,,,,,,,,,,,,,,,,,,,,,,,,,,,,,,,,,,,,,,,,,,,,,,,,,,,,,,,,,,,,,,,,,,,,,,,,,,,,,,,,,,,,,,,,,,,,,,,,,,,,,,,,,,,,,,,,,,,,,,,,,,,,,,,,,,,,,,,,,,,,,,,,,,,,,,,,,,,,,,,,,,,,,,,,,,,,,,,,,,,,,,,,,,,,,,,,,,,,,,,,,,,,,,,,,,,,,,,,,,,,,,,,,,,,,,,,,,,,,,,,,,,,,,,,,,,,,,,,,,,,,,,,,,,,,,,,,,,,,,,,,,,,,,,,,,,,,,,,,,,,,,,,,,,,,,,,,,,,,,,,,,,,,,,,,,,,,,,,,,,,,,,,,,,,,,,,,,,,,,,,,,,,,,,,,,,,,,,,,,,,,,,,,,,,,,,,,,,,,,,,,,,,,,,,,,,,,,,,,,,,,,,,,,,,,,,,,,,,,,,,,,,,,,,,,,,,,,,,,,,,,,,,,,
'Bin' is display plot bin,,,,,,,,,,,,,,,,,,,,,,,,,,,,,,,,,,,,,,,,,,,,,,,,,,,,,,,,,,,,,,,,,,,,,,,,,,,,,,,,,,,,,,,,,,,,,,,,,,,,,,,,,,,,,,,,,,,,,,,,,,,,,,,,,,,,,,,,,,,,,,,,,,,,,,,,,,,,,,,,,,,,,,,,,,,,,,,,,,,,,,,,,,,,,,,,,,,,,,,,,,,,,,,,,,,,,,,,,,,,,,,,,,,,,,,,,,,,,,,,,,,,,,,,,,,,,,,,,,,,,,,,,,,,,,,,,,,,,,,,,,,,,,,,,,,,,,,,,,,,,,,,,,,,,,,,,,,,,,,,,,,,,,,,,,,,,,,,,,,,,,,,,,,,,,,,,,,,,,,,,,,,,,,,,,,,,,,,,,,,,,,,,,,,,,,,,,,,,,,,,,,,,,,,,,,,,,,,,,,,,,,,,,,,,,,,,,,,,,,,,,,,,,,,,,,,,,,,,,,,,,,,,,,,,,,,,,,,,,,,,,,,,,,,,,,,,,,,,,,,,,,,,,,,,,,,,,,,,,,,,,,,,,,,,,,,,,,,,,,,,,,,,,,,,,,,,,,,,,,,,,,,,,,,,,,,,,,,,,,,,,,,,,,,,,,,,,,,,,,,,,,,,,,,,,,,,,,,,,,,,,,,,,,,,,,,,,,,,,,,,,,,,,,,,,,,,,,,,,,,,,,,,,,,,,,,,,,,,,,,,,,,,,,,,,,,,,,,,,,,,,,,,,,,,,,,,,,,,,,,,,,,,,,,,,,,,,,,,,,,,,,,,,,,,,,,,,,,,,,,,,,,,,,,,,,,,,,,,,,,,,,,,,,,,,,,,,,,,,,,,,,,,,,,,,,,,,,,,,,,,,,,,,,,,,,,,,,,,,,,,,,,,,,,,,,,,,,,,,,,,,,,,,,,,,,,,,,,,,,,,,,,,,,,,,,,,,,,,,,,,,,,,,,,,,,,,,,,,,,,,,,,,,,,,,,,,,,,,,,,,,,,,,,,,,,,,,,,,,,,,,,,,,,,,,,,,,,,,,,,,,,,,,,,,,,,,,,,,,,,,,,,,,,,,,,,,,,,,,,,,,,,,,,,,,,,,,,,,,,,,,,,,,,,,,,,,,,,,,,,,,,,,,,,,,
Fragmentation Filter: Sum Low+High,,,,,,,,,,,,,,,,,,,,,,,,,,,,,,,,,,,,,,,,,,,,,,,,,,,,,,,,,,,,,,,,,,,,,,,,,,,,,,,,,,,,,,,,,,,,,,,,,,,,,,,,,,,,,,,,,,,,,,,,,,,,,,,,,,,,,,,,,,,,,,,,,,,,,,,,,,,,,,,,,,,,,,,,,,,,,,,,,,,,,,,,,,,,,,,,,,,,,,,,,,,,,,,,,,,,,,,,,,,,,,,,,,,,,,,,,,,,,,,,,,,,,,,,,,,,,,,,,,,,,,,,,,,,,,,,,,,,,,,,,,,,,,,,,,,,,,,,,,,,,,,,,,,,,,,,,,,,,,,,,,,,,,,,,,,,,,,,,,,,,,,,,,,,,,,,,,,,,,,,,,,,,,,,,,,,,,,,,,,,,,,,,,,,,,,,,,,,,,,,,,,,,,,,,,,,,,,,,,,,,,,,,,,,,,,,,,,,,,,,,,,,,,,,,,,,,,,,,,,,,,,,,,,,,,,,,,,,,,,,,,,,,,,,,,,,,,,,,,,,,,,,,,,,,,,,,,,,,,,,,,,,,,,,,,,,,,,,,,,,,,,,,,,,,,,,,,,,,,,,,,,,,,,,,,,,,,,,,,,,,,,,,,,,,,,,,,,,,,,,,,,,,,,,,,,,,,,,,,,,,,,,,,,,,,,,,,,,,,,,,,,,,,,,,,,,,,,,,,,,,,,,,,,,,,,,,,,,,,,,,,,,,,,,,,,,,,,,,,,,,,,,,,,,,,,,,,,,,,,,,,,,,,,,,,,,,,,,,,,,,,,,,,,,,,,,,,,,,,,,,,,,,,,,,,,,,,,,,,,,,,,,,,,,,,,,,,,,,,,,,,,,,,,,,,,,,,,,,,,,,,,,,,,,,,,,,,,,,,,,,,,,,,,,,,,,,,,,,,,,,,,,,,,,,,,,,,,,,,,,,,,,,,,,,,,,,,,,,,,,,,,,,,,,,,,,,,,,,,,,,,,,,,,,,,,,,,,,,,,,,,,,,,,,,,,,,,,,,,,,,,,,,,,,,,,,,,,,,,,,,,,,,,,,,,,,,,,,,,,,,,,,,,,,,,,,,,,,,,,,,,,,,,,,,,,,,,,,,,,,,,,,,,,,,,,,,,,,,,,,,,,,,,,,,,
,Mass,49.9409,51.4855,53.0301,54.5747,56.1193,57.6639,59.2085,60.7531,62.2977,63.8423,65.3869,66.9315,68.4761,70.0206,71.5652,73.1098,74.6544,76.199,77.7436,79.2882,80.8328,82.3774,83.922,85.4666,87.0112,88.5558,90.1004,91.645,93.1896,94.7342,96.2788,97.8234,99.368,100.9126,102.4572,104.0018,105.5464,107.091,108.6356,110.1802,111.7248,113.2694,114.814,116.3586,117.9032,119.4478,120.9924,122.537,124.0816,125.6262,127.1708,128.7154,130.2599,131.8045,133.3491,134.8937,136.4383,137.9829,139.5275,141.0721,142.6167,144.1613,145.7059,147.2505,148.7951,150.3397,151.8843,153.4289,154.9735,156.5181,158.0627,159.6073,161.1519,162.6965,164.2411,165.7857,167.3303,168.8749,170.4195,171.9641,173.5087,175.0533,176.5979,178.1425,179.6871,181.2317,182.7763,184.3209,185.8655,187.4101,188.9547,190.4992,192.0438,193.5884,195.133,196.6776,198.2222,199.7668,201.3114,202.856,204.4006,205.9452,207.4898,209.0344,210.579,212.1236,213.6682,215.2128,216.7574,218.302,219.8466,221.3912,222.9358,224.4804,226.025,227.5696,229.1142,230.6588,232.2034,233.748,235.2926,236.8372,238.3818,239.9264,241.471,243.0156,244.5602,246.1048,247.6494,249.194,250.7386,252.2831,253.8277,255.3723,256.9169,258.4615,260.0061,261.5507,263.0953,264.6399,266.1845,267.7291,269.2737,270.8183,272.3629,273.9075,275.4521,276.9967,278.5413,280.0859,281.6305,283.1751,284.7197,286.2643,287.8089,289.3535,290.8981,292.4427,293.9873,295.5319,297.0765,298.6211,300.1657,301.7103,303.2549,304.7995,306.3441,307.8887,309.4333,310.9779,312.5224,314.067,315.6116,317.1562,318.7008,320.2454,321.79,323.3346,324.8792,326.4238,327.9684,329.513,331.0576,332.6022,334.1468,335.6914,337.236,338.7806,340.3252,341.8698,343.4144,344.959,346.5036,348.0482,349.5928,351.1374,352.682,354.2266,355.7712,357.3158,358.8604,360.405,361.9496,363.4942,365.0388,366.5834,368.128,369.6726,371.2172,372.7618,374.3063,375.8509,377.3955,378.9401,380.4847,382.0293,383.5739,385.1185,386.6631,388.2077,389.7523,391.2969,392.8415,394.3861,395.9307,397.4753,399.0199,400.5645,402.1091,403.6537,405.1983,406.7429,408.2875,409.8321,411.3767,412.9213,414.4659,416.0105,417.5551,419.0997,420.6443,422.1889,423.7335,425.2781,426.8227,428.3673,429.9119,431.4565,433.0011,434.5456,436.0902,437.6348,439.1794,440.724,442.2686,443.8132,445.3578,446.9024,448.447,449.9916,451.5362,453.0808,454.6254,456.17,457.7146,459.2592,460.8038,462.3484,463.893,465.4376,466.9822,468.5268,470.0714,471.616,473.1606,474.7052,476.2498,477.7944,479.339,480.8836,482.4282,483.9728,485.5174,487.062,488.6066,490.1512,491.6958,493.2404,494.785,496.3295,497.8741,499.4187,500.9633,502.5079,504.0525,505.5971,507.1417,508.6863,510.2309,511.7755,513.3201,514.8647,516.4093,517.9539,519.4985,521.0431,522.5877,524.1323,525.6769,527.2215,528.7661,530.3107,531.8553,533.3999,534.9445,536.4891,538.0337,539.5783,541.1229,542.6675,544.2121,545.7567,547.3013,548.8459,550.3905,551.9351,553.4797,555.0243,556.5688,558.1134,559.658,561.2026,562.7472,564.2918,565.8364,567.381,568.9256,570.4702,572.0148,573.5594,575.104,576.6486,578.1932,579.7378,581.2824,582.827,584.3716,585.9162,587.4608,589.0054,590.55,592.0946,593.6392,595.1838,596.7284,598.273,599.8176,601.3622,602.9068,604.4514,605.996,607.5406,609.0852,610.6298,612.1744,613.719,615.2636,616.8081,618.3527,619.8973,621.4419,622.9865,624.5311,626.0757,627.6203,629.1649,630.7095,632.2541,633.7987,635.3433,636.8879,638.4325,639.9771,641.5217,643.0663,644.6109,646.1555,647.7001,649.2447,650.7893,652.3339,653.8785,655.4231,656.9677,658.5123,660.0569,661.6015,663.1461,664.6907,666.2353,667.7799,669.3245,670.8691,672.4137,673.9583,675.5029,677.0475,678.592,680.1366,681.6812,683.2258,684.7704,686.315,687.8596,689.4042,690.9488,692.4934,694.038,695.5826,697.1272,698.6718,700.2164,701.761,703.3056,704.8502,706.3948,707.9394,709.484,711.0286,712.5732,714.1178,715.6624,717.207,718.7516,720.2962,721.8408,723.3854,724.93,726.4746,728.0192,729.5638,731.1084,732.653,734.1976,735.7422,737.2868,738.8313,740.3759,741.9205,743.4651,745.0097,746.5543,748.0989,749.6435,751.1881,752.7327,754.2773,755.8219,757.3665,758.9111,760.4557,762.0003,763.5449,765.0895,766.6341,768.1787,769.7233,771.2679,772.8125,774.3571,775.9017,777.4463,778.9909,780.5355,782.0801,783.6247,785.1693,786.7139,788.2585,789.8031,791.3477,792.8923,794.4369,795.9815,797.5261,799.0707,800.6152,802.1598,803.7044,805.249,806.7936,808.3382,809.8828,811.4274,812.972,814.5166,816.0612,817.6058,819.1504,820.695,822.2396,823.7842,825.3288,826.8734,828.418,829.9626,831.5072,833.0518,834.5964,836.141,837.6856,839.2302,840.7748,842.3194,843.864,845.4086,846.9532,848.4978,850.0424,851.587,853.1316,854.6762,856.2208,857.7654,859.31,860.8545,862.3991,863.9437,865.4883,867.0329,868.5775,870.1221,871.6667,873.2113,874.7559,876.3005,877.8451,879.3897,880.9343,882.4789,884.0235,885.5681,887.1127,888.6573,890.2019,891.7465,893.2911,894.8357,896.3803,897.9249,899.4695,901.0141,902.5587,904.1033,905.6479,907.1925,908.7371,910.2817,911.8263,913.3709,914.9155,916.4601,918.0047,919.5493,921.0939,922.6384,924.183,925.7276,927.2722,928.8168,930.3614,931.906,933.4506,934.9952,936.5398,938.0844,939.629,941.1736,942.7182,944.2628,945.8074,947.352,948.8966,950.4412,951.9858,953.5304,955.075,956.6196,958.1642,959.7088,961.2534,962.798,964.3426,965.8872,967.4318,968.9764,970.521,972.0656,973.6102,975.1548,976.6994,978.244,979.7886,981.3332,982.8777,984.4223,985.9669,987.5115,989.0561,990.6007,992.1453,993.6899,995.2345,996.7791,998.3237,999.8683,1001.4129,1002.9575,1004.5021,1006.0467,1007.5913,1009.1359,1010.6805,1012.2251,1013.7697,1015.3143,1016.8589,1018.4035,1019.9481,1021.4927,1023.0373,1024.5819,1026.1265,1027.6711,1029.2157,1030.7603,1032.3049,1033.8495,1035.3941,1036.9387,1038.4833,1040.0279,1041.5725,1043.117,1044.6616,1046.2062,1047.7508,1049.2954,1050.84,1052.3846,1053.9292,1055.4738,1057.0184,1058.563,1060.1076,1061.6522,1063.1968,1064.7414,1066.286,1067.8306,1069.3752,1070.9198,1072.4644,1074.009,1075.5536,1077.0982,1078.6428,1080.1874,1081.732,1083.2766,1084.8212,1086.3658,1087.9104,1089.455,1090.9996,1092.5442,1094.0888,1095.6334,1097.178,1098.7226,1100.2672,1101.8118,1103.3564,1104.9009,1106.4455,1107.9901,1109.5347,1111.0793,1112.6239,1114.1685,1115.7131,1117.2577,1118.8023,1120.3469,1121.8915,1123.4361,1124.9807,1126.5253,1128.0699,1129.6145,1131.1591,1132.7037,1134.2483,1135.7929,1137.3375,1138.8821,1140.4267,1141.9713,1143.5159,1145.0605,1146.6051,1148.1497,1149.6943,1151.2389,1152.7835,1154.3281,1155.8727,1157.4173,1158.9619,1160.5065,1162.0511,1163.5957,1165.1402,1166.6848,1168.2294,1169.774,1171.3186,1172.8632,1174.4078,1175.9524,1177.497,1179.0416,1180.5862,1182.1308,1183.6754,1185.22,1186.7646,1188.3092,1189.8538,1191.3984,1192.943,1194.4876,1196.0322,1197.5768,1199.1214,1200.666,1202.2106,1203.7552,1205.2998,1206.8444,1208.389,1209.9336,1211.4782,1213.0228,1214.5674,1216.112,1217.6566,1219.2012,1220.7458,1222.2904,1223.835,1225.3796,1226.9241,1228.4687,1230.0133,1231.5579,1233.1025,1234.6471,1236.1917,1237.7363,1239.2809,1240.8255,1242.3701,1243.9147,1245.4593,1247.0039,1248.5485,1250.0931,1251.6377,1253.1823,1254.7269,1256.2715,1257.8161,1259.3607,1260.9053,1262.4499,1263.9945,1265.5391,1267.0837,1268.6283,1270.1729,1271.7175,1273.2621,1274.8067,1276.3513,1277.8959,1279.4405,1280.9851,1282.5297,1284.0743,1285.6189,1287.1634,1288.708,1290.2526,1291.7972,1293.3418,1294.8864,1296.431,1297.9756,1299.5202,1301.0648,1302.6094,1304.154,1305.6986,1307.2432,1308.7878,1310.3324,1311.877,1313.4216,1314.9662,1316.5108,1318.0554,1319.6,1321.1446,1322.6892,1324.2338,1325.7784,1327.323,1328.8676,1330.4122,1331.9568,1333.5014,1335.046,1336.5906,1338.1352,1339.6798,1341.2244,1342.769,1344.3136,1345.8582,1347.4028,1348.9473,1350.4919,1352.0365,1353.5811,1355.1257,1356.6703,1358.2149,1359.7595,1361.3041,1362.8487,1364.3933,1365.9379,1367.4825,1369.0271,1370.5717,1372.1163,1373.6609,1375.2055,1376.7501,1378.2947,1379.8393,1381.3839,1382.9285,1384.4731,1386.0177,1387.5623,1389.1069,1390.6515,1392.1961,1393.7407,1395.2853,1396.8299,1398.3745,1399.9191,1401.4637,1403.0083,1404.5529,1406.0975,1407.6421,1409.1866,1410.7312,1412.2758,1413.8204,1415.365,1416.9096,1418.4542,1419.9988,1421.5434,1423.088,1424.6326,1426.1772,1427.7218,1429.2664,1430.811,1432.3556,1433.9002,1435.4448,1436.9894,1438.534,1440.0786,1441.6232,1443.1678,1444.7124,1446.257,1447.8016,1449.3462,1450.8908,1452.4354,1453.98,1455.5246,1457.0692,1458.6138,1460.1584,1461.703,1463.2476,1464.7922,1466.3368,1467.8814,1469.4259,1470.9705,1472.5151,1474.0597,1475.6043,1477.1489,1478.6935,1480.2381,1481.7827,1483.3273,1484.8719,1486.4165,1487.9611,1489.5057,1491.0503,1492.5949,1494.1395,1495.6841,1497.2287,1498.7733,1500.3179,1501.8625,1503.4071,1504.9517,1506.4963,1508.0409,1509.5855,1511.1301,1512.6747,1514.2193,1515.7639,1517.3085,1518.8531,1520.3977,1521.9423,1523.4869,1525.0315,1526.5761,1528.1207,1529.6653,1531.2098,1532.7544,1534.299,1535.8436,1537.3882,1538.9328,1540.4774,1542.022,1543.5666,1545.1112,1546.6558,1548.2004,1549.745,1551.2896,1552.8342,1554.3788,1555.9234,1557.468,1559.0126,1560.5572,1562.1018,1563.6464,1565.191,1566.7356,1568.2802,1569.8248,1571.3694,1572.914,1574.4586,1576.0032,1577.5478,1579.0924,1580.637,1582.1816,1583.7262,1585.2708,1586.8154,1588.36,1589.9046,1591.4491,1592.9937,1594.5383,1596.0829,1597.6275,1599.1721,1600.7167,1602.2613,1603.8059,1605.3505,1606.8951,1608.4397,1609.9843,1611.5289,1613.0735,1614.6181,1616.1627,1617.7073,1619.2519,1620.7965,1622.3411,1623.8857,1625.4303,1626.9749,1628.5195,1630.0641,1631.6087,1633.1533,1634.6979,1636.2425,1637.7871,1639.3317,1640.8763,1642.4209,1643.9655,1645.5101,1647.0547,1648.5993,1650.1439,1651.6885,1653.233,1654.7776,1656.3222,1657.8668,1659.4114,1660.956,1662.5006,1664.0452,1665.5898,1667.1344,1668.679,1670.2236,1671.7682,1673.3128,1674.8574,1676.402,1677.9466,1679.4912,1681.0358,1682.5804,1684.125,1685.6696,1687.2142,1688.7588,1690.3034,1691.848,1693.3926,1694.9372,1696.4818,1698.0264,1699.571
Drift,Bin,0,1,2,3,4,5,6,7,8,9,10,11,12,13,14,15,16,17,18,19,20,21,22,23,24,25,26,27,28,29,30,31,32,33,34,35,36,37,38,39,40,41,42,43,44,45,46,47,48,49,50,51,52,53,54,55,56,57,58,59,60,61,62,63,64,65,66,67,68,69,70,71,72,73,74,75,76,77,78,79,80,81,82,83,84,85,86,87,88,89,90,91,92,93,94,95,96,97,98,99,100,101,102,103,104,105,106,107,108,109,110,111,112,113,114,115,116,117,118,119,120,121,122,123,124,125,126,127,128,129,130,131,132,133,134,135,136,137,138,139,140,141,142,143,144,145,146,147,148,149,150,151,152,153,154,155,156,157,158,159,160,161,162,163,164,165,166,167,168,169,170,171,172,173,174,175,176,177,178,179,180,181,182,183,184,185,186,187,188,189,190,191,192,193,194,195,196,197,198,199,200,201,202,203,204,205,206,207,208,209,210,211,212,213,214,215,216,217,218,219,220,221,222,223,224,225,226,227,228,229,230,231,232,233,234,235,236,237,238,239,240,241,242,243,244,245,246,247,248,249,250,251,252,253,254,255,256,257,258,259,260,261,262,263,264,265,266,267,268,269,270,271,272,273,274,275,276,277,278,279,280,281,282,283,284,285,286,287,288,289,290,291,292,293,294,295,296,297,298,299,300,301,302,303,304,305,306,307,308,309,310,311,312,313,314,315,316,317,318,319,320,321,322,323,324,325,326,327,328,329,330,331,332,333,334,335,336,337,338,339,340,341,342,343,344,345,346,347,348,349,350,351,352,353,354,355,356,357,358,359,360,361,362,363,364,365,366,367,368,369,370,371,372,373,374,375,376,377,378,379,380,381,382,383,384,385,386,387,388,389,390,391,392,393,394,395,396,397,398,399,400,401,402,403,404,405,406,407,408,409,410,411,412,413,414,415,416,417,418,419,420,421,422,423,424,425,426,427,428,429,430,431,432,433,434,435,436,437,438,439,440,441,442,443,444,445,446,447,448,449,450,451,452,453,454,455,456,457,458,459,460,461,462,463,464,465,466,467,468,469,470,471,472,473,474,475,476,477,478,479,480,481,482,483,484,485,486,487,488,489,490,491,492,493,494,495,496,497,498,499,500,501,502,503,504,505,506,507,508,509,510,511,512,513,514,515,516,517,518,519,520,521,522,523,524,525,526,527,528,529,530,531,532,533,534,535,536,537,538,539,540,541,542,543,544,545,546,547,548,549,550,551,552,553,554,555,556,557,558,559,560,561,562,563,564,565,566,567,568,569,570,571,572,573,574,575,576,577,578,579,580,581,582,583,584,585,586,587,588,589,590,591,592,593,594,595,596,597,598,599,600,601,602,603,604,605,606,607,608,609,610,611,612,613,614,615,616,617,618,619,620,621,622,623,624,625,626,627,628,629,630,631,632,633,634,635,636,637,638,639,640,641,642,643,644,645,646,647,648,649,650,651,652,653,654,655,656,657,658,659,660,661,662,663,664,665,666,667,668,669,670,671,672,673,674,675,676,677,678,679,680,681,682,683,684,685,686,687,688,689,690,691,692,693,694,695,696,697,698,699,700,701,702,703,704,705,706,707,708,709,710,711,712,713,714,715,716,717,718,719,720,721,722,723,724,725,726,727,728,729,730,731,732,733,734,735,736,737,738,739,740,741,742,743,744,745,746,747,748,749,750,751,752,753,754,755,756,757,758,759,760,761,762,763,764,765,766,767,768,769,770,771,772,773,774,775,776,777,778,779,780,781,782,783,784,785,786,787,788,789,790,791,792,793,794,795,796,797,798,799,800,801,802,803,804,805,806,807,808,809,810,811,812,813,814,815,816,817,818,819,820,821,822,823,824,825,826,827,828,829,830,831,832,833,834,835,836,837,838,839,840,841,842,843,844,845,846,847,848,849,850,851,852,853,854,855,856,857,858,859,860,861,862,863,864,865,866,867,868,869,870,871,872,873,874,875,876,877,878,879,880,881,882,883,884,885,886,887,888,889,890,891,892,893,894,895,896,897,898,899,900,901,902,903,904,905,906,907,908,909,910,911,912,913,914,915,916,917,918,919,920,921,922,923,924,925,926,927,928,929,930,931,932,933,934,935,936,937,938,939,940,941,942,943,944,945,946,947,948,949,950,951,952,953,954,955,956,957,958,959,960,961,962,963,964,965,966,967,968,969,970,971,972,973,974,975,976,977,978,979,980,981,982,983,984,985,986,987,988,989,990,991,992,993,994,995,996,997,998,999,1000,1001,1002,1003,1004,1005,1006,1007,1008,1009,1010,1011,1012,1013,1014,1015,1016,1017,1018,1019,1020,1021,1022,1023,1024,1025,1026,1027,1028,1029,1030,1031,1032,1033,1034,1035,1036,1037,1038,1039,1040,1041,1042,1043,1044,1045,1046,1047,1048,1049,1050,1051,1052,1053,1054,1055,1056,1057,1058,1059,1060,1061,1062,1063,1064,1065,1066,1067,1068
69.9,393,303,258,246,255,226,305,859,229,225,211,221,171,227,158,484,189,250,135,203,166,109,250,208,351,164,226,161,173,168,143,138,205,584,274,110,211,92,134,186,138,226,126,249,139,87,140,126,262,78,147,196,105,154,157,86,123,92,86,187,152,74,72,162,129,157,82,46,70,159,82,145,178,48,94,144,238,75,235,73,116,96,111,72,81,257,298,87,88,130,136,75,118,70,120,39,50,65,97,104,192,70,129,108,157,185,86,76,36,54,132,94,97,19,98,137,160,136,115,36,79,57,131,121,37,89,112,106,77,84,120,53,57,103,67,46,27,54,22,65,44,83,99,54,47,68,38,85,124,61,96,92,80,76,62,85,89,72,163,85,142,180,231,101,97,94,93,71,88,173,84,109,125,65,119,76,141,130,132,188,72,99,166,182,109,169,110,134,90,68,141,93,291,134,157,148,247,84,114,203,146,91,120,109,167,237,201,98,204,143,202,112,127,160,121,161,108,191,121,172,83,238,210,78,126,212,81,114,221,135,155,91,122,104,141,147,125,113,115,104,186,105,100,89,97,109,151,161,102,149,153,167,174,159,98,92,170,102,102,92,133,217,96,81,180,166,135,98,158,85,121,74,103,89,69,51,178,101,124,117,128,72,115,53,126,151,127,81,87,88,37,113,107,109,54,102,97,117,58,136,92,43,158,88,102,95,86,30,59,115,74,71,172,94,100,20,41,88,66,45,30,63,68,52,58,27,89,83,95,139,78,57,147,119,142,53,39,45,35,60,67,141,72,96,98,219,65,164,106,80,81,157,55,57,122,29,76,134,119,85,101,112,57,123,97,93,126,125,57,73,58,167,55,64,80,58,52,49,43,95,78,37,61,122,8,100,12,65,65,94,82,47,65,76,99,23,91,116,36,103,81,48,71,80,92,138,184,65,178,89,42,174,60,41,173,101,79,83,84,107,80,8,89,86,105,39,118,24,85,37,160,27,81,71,47,120,55,99,85,36,62,40,88,55,18,20,70,65,39,37,62,70,50,94,49,58,75,199,136,92,92,36,59,73,32,184,23,84,177,89,42,67,72,64,81,161,120,158,87,84,131,51,110,50,62,122,141,125,65,159,116,60,82,89,85,126,22,64,36,138,98,62,69,202,82,110,111,104,102,57,93,146,71,66,42,69,78,48,32,64,67,123,20,110,32,41,114,43,64,62,69,75,75,39,78,115,34,115,23,37,107,46,70,89,35,92,53,55,9,230,32,136,126,78,37,29,21,59,52,59,26,20,72,87,142,47,134,116,52,138,21,59,57,25,24,85,58,82,100,91,29,33,71,166,135,96,90,151,134,48,32,105,62,44,27,98,65,53,37,79,60,42,98,99,52,45,39,40,143,31,86,87,56,62,84,92,43,61,91,18,100,71,86,73,62,4,94,60,64,54,59,10,65,101,41,56,31,20,56,79,49,111,118,112,106,112,46,87,87,113,35,77,26,28,44,61,82,83,57,66,47,138,98,55,85,80,32,68,55,31,28,64,54,91,51,67,72,140,29,98,68,61,48,103,41,69,58,49,36,52,106,27,5,102,65,30,25,76,27,22,28,67,151,55,21,38,28,118,36,12,79,28,50,67,79,35,105,43,65,34,17,32,146,44,65,16,59,66,49,39,40,56,20,77,80,51,4,21,31,79,43,41,59,7,38,33,19,99,59,90,34,45,64,58,104,24,81,128,72,28,117,46,76,302,51,30,18,35,83,39,16,151,100,41,78,100,62,77,59,40,11,82,15,52,29,51,62,58,99,50,59,61,87,29,50,36,136,101,8,26,37,56,33,99,43,64,84,84,231,68,69,65,51,34,59,11,89,46,23,50,24,69,50,55,40,95,17,197,49,63,29,53,21,52,47,59,83,55,36,35,80,45,39,80,90,36,32,33,37,44,84,286,48,55,38,81,48,99,42,82,57,68,89,43,54,37,45,67,47,47,21,33,49,75,87,61,36,60,38,53,104,32,90,23,34,121,366,62,37,97,66,18,61,58,68,53,16,32,75,100,23,37,47,48,57,121,43,37,52,42,42,53,102,106,79,46,30,31,31,25,84,44,38,63,52,81,18,54,63,174,72,70,120,44,90,55,47,26,24,39,141,27,10,47,35,43,23,27,60,32,59,34,101,174,116,96,124,95,64,62,70,87,42,30,64,41,46,39,67,170,88,91,70,64,38,69,33,164,83,29,17,47,40,49,98,113,84,157,122,82,74,43,269,46,52,47,45,52,26,70,59,36,57,71,18,65,97,29,120,78,70,61,105,35,47,53,68,102,144,32,89,71,124,154,42,53,31,38,21,29,76,38,48,68,29,25,104,70,56,47,80,39,65,75,40,25,47,28,33,80,88,39,49,31,42,70,83,86,63,41,80,53,130,41,69,51,34,54,6,
69.72,392,291,279,251,354,221,343,2089,279,207,316,157,198,382,294,228,154,203,191,187,129,112,197,147,436,198,497,183,182,457,148,149,299,226,143,257,92,120,196,133,163,213,353,179,107,115,152,111,128,151,118,114,215,94,180,130,93,134,153,147,173,95,113,96,108,121,186,90,87,135,224,122,241,58,106,95,34,256,75,113,103,157,92,58,86,210,49,108,110,168,178,90,161,179,71,156,85,115,80,101,71,89,61,51,60,122,111,96,232,44,24,114,115,71,27,125,181,120,53,137,64,52,128,88,53,31,78,34,58,65,39,129,46,55,50,67,53,63,70,38,167,107,153,56,28,70,105,69,141,30,105,84,160,81,47,107,80,142,83,59,97,114,201,104,57,108,160,99,51,125,68,205,170,196,90,124,104,93,135,106,115,110,116,110,199,88,106,141,180,114,144,112,133,114,171,110,317,152,217,136,171,132,168,138,109,202,121,148,180,110,104,137,135,111,164,121,200,184,214,185,186,130,113,171,147,226,153,124,89,149,136,145,124,79,138,132,181,144,96,154,121,138,95,169,101,142,118,120,152,109,111,113,161,105,81,57,202,110,104,105,100,89,138,94,129,84,123,88,92,172,106,109,87,90,147,230,227,83,134,110,124,73,68,69,65,106,94,76,186,109,117,89,94,104,82,80,82,41,73,78,129,47,175,76,76,122,132,63,70,133,46,135,65,95,52,123,91,129,81,89,88,105,115,40,91,86,46,71,55,30,117,69,144,125,42,66,149,112,47,56,23,71,110,155,64,53,90,78,260,128,85,94,44,175,46,43,84,15,87,86,56,31,37,53,76,28,41,27,101,25,46,127,97,16,30,139,201,66,108,80,80,89,74,33,99,76,83,116,131,216,40,122,115,46,40,77,252,68,160,96,140,111,82,109,139,106,124,107,69,152,63,66,102,91,93,113,75,73,140,56,96,19,91,70,132,48,108,54,29,83,78,168,113,124,99,121,111,20,91,88,144,59,184,64,64,176,46,103,87,77,99,73,93,103,81,11,66,91,109,98,94,71,119,27,154,59,56,44,71,63,66,67,124,82,177,46,254,54,69,119,94,69,59,142,75,60,151,59,113,92,87,115,37,65,38,197,141,184,59,50,47,66,51,160,16,59,29,29,58,88,74,57,115,22,53,98,56,71,36,115,37,54,62,38,96,87,58,124,224,108,81,43,95,66,115,92,82,163,63,43,146,48,21,50,30,85,22,68,37,80,78,119,84,34,77,55,85,47,50,62,106,71,71,37,49,77,121,62,40,22,61,84,41,67,153,14,108,167,76,48,4,13,36,41,118,24,43,80,133,62,73,51,81,112,94,40,103,20,80,23,51,76,50,87,80,144,34,7,37,61,59,22,42,92,85,39,73,126,21,86,36,51,112,30,34,23,7,63,41,44,13,49,91,18,100,55,109,81,69,65,65,62,30,53,69,69,48,117,100,125,103,95,111,67,65,29,102,82,83,77,245,205,40,79,116,137,63,61,107,184,76,53,16,49,33,21,53,48,18,66,33,106,22,93,44,64,92,81,14,47,148,83,29,24,108,101,42,36,132,86,120,63,37,123,201,26,48,74,30,44,50,68,59,70,50,133,17,72,18,32,36,33,75,81,101,63,28,70,36,90,19,52,34,48,59,29,81,54,22,57,120,32,54,73,10,54,67,118,65,134,81,35,79,108,48,18,30,66,40,75,74,22,99,100,88,32,68,59,55,67,47,55,49,74,52,59,74,100,31,121,14,92,27,101,48,68,56,96,85,35,113,29,32,66,79,48,55,24,55,66,63,30,17,74,55,56,37,133,165,190,151,55,16,33,46,48,185,36,71,132,87,73,34,68,116,90,129,69,87,28,59,116,67,71,74,51,123,38,64,25,59,112,83,57,96,76,16,55,73,77,127,36,90,30,257,36,64,55,68,101,31,36,65,39,26,101,32,46,60,67,32,53,44,124,98,88,112,72,61,45,39,15,79,39,51,58,94,58,19,54,68,84,54,63,59,63,26,38,53,81,48,39,86,131,200,27,34,53,15,42,108,32,71,21,45,67,43,45,36,39,51,40,36,53,107,95,56,33,50,42,57,78,97,94,59,31,10,35,106,69,39,133,107,79,111,31,90,106,65,33,37,48,12,22,42,147,74,57,108,236,151,72,50,124,27,44,38,53,144,65,64,22,47,29,60,31,98,102,93,59,98,71,107,45,76,41,38,189,69,42,42,73,55,50,62,29,90,71,55,58,172,63,87,105,143,131,173,94,54,45,66,20,62,57,53,95,311,87,58,111,68,55,99,56,77,30,112,66,53,100,49,66,37,98,34,93,31,54,42,52,62,77,42,50,50,33,71,135,65,111,23,47,12,26,40,49,61,44,102,38,27,88,50,72,102,63,23,104,72,
69.54,391,440,285,297,440,316,511,3197,251,283,431,290,225,226,264,686,261,210,202,352,244,209,478,181,237,249,359,241,189,136,141,154,593,273,236,190,143,242,194,137,102,204,193,166,279,137,145,264,434,153,186,200,115,151,134,99,359,356,141,111,370,114,255,158,223,110,180,419,145,87,108,111,295,139,265,199,155,86,211,85,110,99,219,333,108,234,141,285,312,141,130,86,91,63,211,144,179,228,168,135,134,72,81,104,162,206,108,105,197,124,69,139,211,138,189,201,318,150,115,78,91,178,126,157,89,193,54,96,213,211,113,92,94,95,86,146,218,147,270,116,95,132,262,167,143,109,142,123,74,58,184,149,202,152,168,117,139,127,118,127,191,141,118,219,103,86,207,133,157,153,182,212,166,158,195,153,151,176,108,140,152,96,159,116,165,156,129,205,160,155,223,170,113,129,209,165,170,154,152,153,177,219,245,169,91,158,274,154,168,156,137,133,146,177,229,187,195,201,135,276,188,131,230,181,187,237,245,172,229,114,146,108,194,120,148,143,172,164,176,210,82,311,191,106,128,227,237,136,138,200,219,155,138,322,220,116,183,224,106,164,127,229,158,201,158,251,116,131,141,149,97,88,86,263,169,177,174,163,103,127,87,147,84,171,91,203,169,124,93,85,81,117,86,170,328,108,133,87,185,107,78,115,152,77,184,137,203,173,46,71,65,83,76,158,115,110,99,143,150,84,83,83,228,128,93,61,100,76,65,130,169,133,206,139,107,122,91,158,93,81,81,119,181,68,134,130,121,52,156,104,96,151,69,162,254,75,30,115,216,230,79,87,83,89,61,93,67,154,49,17,202,148,66,59,102,79,212,66,277,98,166,143,55,86,130,136,55,55,247,179,146,51,100,137,103,72,174,135,167,87,249,91,135,114,99,97,132,90,144,54,85,119,72,89,65,191,99,161,82,94,164,151,97,171,94,130,60,74,120,93,145,217,215,100,138,200,111,73,75,54,94,100,130,127,92,173,55,60,103,150,148,109,127,216,77,136,104,146,232,41,153,105,99,97,138,95,179,108,165,179,68,129,101,111,112,183,144,77,172,124,103,204,184,218,82,206,110,105,155,82,114,96,136,118,84,167,140,154,169,111,120,89,77,116,67,111,167,69,108,107,89,69,105,115,148,107,68,83,85,69,95,66,73,94,72,133,125,77,47,118,142,89,91,104,143,104,154,206,94,130,172,91,75,96,61,123,117,84,66,64,79,70,143,71,53,72,111,66,105,92,93,166,56,184,53,72,91,168,101,36,179,82,120,95,66,129,102,137,86,126,144,92,112,70,115,178,43,108,70,73,112,68,63,90,148,91,42,63,48,102,92,78,107,132,106,82,86,83,38,171,80,85,144,162,45,134,56,64,239,86,78,81,106,110,82,102,160,46,77,106,101,160,203,124,239,166,60,220,107,102,133,95,81,68,61,162,78,77,51,109,166,107,128,76,66,130,104,58,65,91,120,146,70,125,101,106,78,72,127,73,106,135,74,112,77,105,113,132,157,87,92,107,111,74,103,87,149,82,81,89,111,97,51,92,185,173,91,176,162,56,104,93,53,154,107,111,93,88,119,151,79,61,74,74,156,65,33,94,61,96,109,68,143,86,123,96,127,165,103,114,71,195,76,97,51,101,48,27,75,49,66,128,125,33,92,60,177,73,173,120,117,36,82,65,41,32,67,135,82,130,63,62,72,73,44,85,76,103,139,99,72,87,131,135,87,83,88,174,93,46,79,108,106,104,64,104,126,136,32,78,61,114,82,65,65,128,74,70,61,81,35,64,61,69,111,160,91,234,101,88,65,51,113,93,120,75,85,111,97,80,44,230,62,152,141,49,29,103,105,126,126,62,62,82,69,51,86,109,110,109,47,108,159,133,77,68,102,70,89,96,98,83,35,55,157,68,110,42,101,122,80,109,178,75,21,54,100,94,61,58,63,159,180,90,106,111,100,91,66,120,67,62,48,151,99,118,85,76,100,112,82,126,158,78,162,104,42,123,44,82,38,32,71,82,141,54,78,49,82,77,96,67,86,35,84,122,91,82,122,118,209,129,75,41,96,71,88,38,122,106,53,85,98,54,68,81,99,62,101,70,50,54,67,129,117,87,99,45,53,88,117,101,84,161,76,71,99,104,54,90,55,63,74,80,49,49,80,55,183,53,117,48,112,95,102,120,114,119,92,56,83,136,139,72,111,67,70,102,132,55,52,77,59,66,102,97,73,77,98,171,143,118,181,62,53,108,44,110,90,67,76,106,111,202,191,189,83,53,129,75,137,70,150,64,214,96,98,66,137,77,121,83,50,58,96,61,73,123,99,76,123,34,67,71,148,39,34,128,58,88,93,59,192,50,93,67,106,105,28,70,64,45,76,96,123,88,52,34,88,
69.36,390,249,302,218,424,194,592,2406,365,182,185,255,188,244,193,411,250,217,159,220,275,210,637,230,172,156,310,133,153,246,200,118,176,431,149,547,218,98,121,275,161,144,527,375,169,271,98,154,225,105,461,96,218,89,146,84,170,100,348,143,85,70,96,83,68,81,177,130,55,126,150,58,135,93,124,85,107,135,87,31,62,130,73,121,110,79,204,190,105,98,205,77,184,73,87,144,147,89,105,96,54,189,77,158,81,116,72,186,48,119,40,51,167,116,112,159,106,66,62,77,55,75,91,70,88,60,67,58,108,50,123,150,77,223,81,66,117,74,131,82,149,80,178,131,125,112,152,76,60,72,72,207,164,147,185,110,141,106,244,171,77,144,78,44,81,79,130,90,134,143,107,181,138,113,158,89,81,185,102,174,203,119,283,116,89,145,181,142,177,107,172,123,138,218,123,124,204,127,153,311,90,196,124,220,73,112,197,187,201,230,112,158,161,166,134,99,78,152,156,226,123,132,118,144,168,200,154,183,153,147,169,119,203,165,119,143,125,112,224,142,68,114,140,96,87,149,99,147,117,129,112,91,128,121,100,76,356,117,146,129,170,94,74,167,96,208,113,99,129,112,130,168,132,90,132,51,96,112,147,130,116,102,52,60,173,69,116,108,219,134,145,182,88,71,74,250,144,91,37,93,127,68,109,43,222,78,159,130,88,95,96,128,50,165,49,161,60,30,41,61,108,134,175,38,48,99,196,109,98,54,98,47,55,86,59,237,159,98,4,49,43,107,121,77,149,182,94,54,111,110,80,107,64,89,69,103,114,69,101,135,113,64,51,138,147,54,175,64,86,44,159,44,85,28,93,85,81,79,90,171,59,169,121,41,95,54,57,61,99,32,31,76,43,67,29,70,110,135,67,113,192,78,80,116,67,175,111,113,106,104,85,82,98,20,106,132,74,113,90,44,71,99,106,62,44,87,283,63,79,147,88,94,171,98,68,29,89,65,64,62,69,148,87,74,87,48,54,43,89,91,141,139,89,49,138,117,89,103,86,169,257,127,159,44,31,31,197,135,135,63,53,59,60,46,158,195,102,114,125,110,111,142,113,79,47,35,119,32,148,107,175,56,67,81,125,79,160,134,119,134,25,141,136,203,44,230,121,43,126,97,72,92,104,39,57,149,83,90,94,74,49,150,52,97,47,148,130,71,131,54,51,64,68,44,107,73,45,41,72,124,60,120,193,66,66,56,61,80,130,82,42,91,132,97,40,21,41,65,141,111,86,60,123,66,18,123,25,73,55,54,38,47,54,102,59,79,175,40,75,54,158,55,32,87,87,68,71,76,73,156,67,93,41,119,79,215,42,197,46,34,120,24,110,14,92,44,73,142,88,23,68,106,124,76,56,70,137,76,40,55,21,81,119,85,114,69,88,34,34,82,39,37,169,62,121,33,16,36,62,66,135,72,79,56,58,103,66,102,42,81,30,30,31,106,42,37,127,80,121,52,93,60,67,99,58,81,87,67,218,47,85,118,121,54,56,42,98,68,42,52,43,31,44,81,115,79,31,88,94,60,79,119,59,63,74,27,34,90,47,22,25,137,75,82,55,26,38,59,86,49,78,59,14,56,69,39,52,52,15,37,32,65,107,127,148,49,32,89,104,78,68,80,72,129,65,93,29,37,82,146,79,63,28,35,42,57,38,62,85,112,69,82,19,12,42,67,115,53,26,123,86,108,44,98,52,20,33,38,19,69,37,8,31,22,102,30,82,35,16,188,25,67,57,98,59,51,51,55,99,98,20,35,52,45,75,58,64,103,118,35,82,193,57,117,42,69,89,134,122,125,103,67,56,27,75,118,26,60,25,87,36,76,42,113,137,134,183,130,86,33,50,132,104,83,113,25,85,107,148,91,66,64,54,45,113,77,62,68,54,60,35,81,160,102,174,24,66,84,86,108,77,94,64,32,85,57,113,74,58,67,14,82,44,103,58,102,128,64,13,80,132,36,42,141,98,63,61,130,24,14,50,39,99,36,140,90,36,145,27,62,15,73,51,59,55,84,53,56,57,283,48,55,42,40,99,87,94,24,15,57,58,38,80,45,169,36,71,51,57,66,64,113,41,112,33,103,66,51,44,26,35,90,140,130,63,39,13,59,88,53,71,94,42,121,55,84,212,80,91,63,25,23,42,72,42,56,90,94,50,66,129,114,116,84,74,41,85,110,75,65,53,72,37,12,34,123,94,96,98,96,64,57,69,85,54,116,24,33,74,37,34,86,45,60,104,62,95,60,82,36,45,78,53,42,66,68,186,54,126,53,75,78,104,69,76,90,57,64,51,23,56,79,61,78,88,61,43,55,92,61,84,44,36,78,89,50,63,241,107,98,122,98,31,76,18,59,5,42,103,33,65,78,42,73,75,90,52,55,24,
69.18,389,312,287,373,279,234,532,3323,347,223,255,325,185,1051,207,668,206,242,213,170,244,243,507,195,549,140,983,146,296,175,345,134,540,471,440,143,391,187,263,399,158,370,268,335,178,102,117,293,409,126,236,179,192,136,298,551,414,262,169,278,266,233,89,202,127,139,143,405,134,205,98,83,182,122,132,107,164,62,225,123,129,107,332,161,127,250,301,203,156,334,319,204,137,66,213,92,148,164,103,136,207,98,248,121,204,343,115,251,68,347,78,100,220,206,172,226,124,121,118,164,127,136,402,148,207,300,261,207,164,122,144,108,94,372,114,184,132,129,160,148,137,216,179,138,214,114,131,99,119,180,113,232,293,126,109,104,98,147,174,159,260,187,166,174,120,235,194,170,217,277,183,142,166,158,198,135,197,271,139,251,199,272,143,136,159,125,147,149,192,122,166,181,162,139,168,178,154,229,223,193,163,191,230,158,142,172,213,155,331,389,232,139,156,205,207,251,176,301,112,124,162,129,182,223,237,191,318,172,122,122,160,189,162,208,124,159,120,137,224,158,124,242,166,122,119,173,220,340,207,165,126,232,186,167,158,106,239,162,253,168,176,137,138,124,104,261,258,101,159,142,137,230,134,139,174,112,180,175,215,122,140,112,250,214,174,185,146,124,138,128,147,124,163,168,95,172,245,170,109,144,128,158,135,75,64,131,275,301,113,96,270,121,95,106,100,112,90,41,166,91,72,127,94,229,168,74,189,54,68,105,104,87,159,168,103,83,237,76,98,285,162,120,196,84,138,108,66,71,168,132,142,166,103,88,81,224,69,94,87,209,204,64,123,94,91,121,105,141,88,123,143,175,123,63,135,87,156,149,197,79,140,114,120,141,154,105,190,75,102,135,113,47,65,131,105,117,114,157,144,113,315,364,83,93,58,194,136,84,70,154,196,189,129,55,266,88,53,102,298,144,81,127,65,213,148,173,78,141,209,106,113,101,250,78,109,71,179,232,138,80,111,137,238,139,148,111,102,112,90,174,77,74,86,130,84,122,157,73,490,142,253,248,106,172,164,114,54,141,174,136,127,59,115,215,168,200,128,68,192,54,177,78,59,142,152,123,126,111,237,181,268,132,197,96,163,164,61,293,120,226,127,91,190,67,125,104,110,74,134,49,165,162,178,119,84,141,99,108,92,133,186,80,149,89,176,147,72,73,159,57,105,277,96,47,152,93,155,244,97,64,135,89,134,98,203,138,147,127,96,119,140,48,108,70,243,89,69,90,93,47,68,38,137,206,98,106,149,86,65,114,102,85,59,104,109,86,184,138,81,67,151,77,97,84,96,52,90,104,106,53,128,131,52,132,84,124,86,143,54,123,133,122,104,90,90,93,49,139,106,112,83,163,104,131,128,150,137,165,60,154,88,157,83,254,132,164,86,103,150,49,88,148,143,97,86,108,61,51,114,132,74,81,91,93,130,177,92,153,64,74,181,106,58,148,127,72,54,124,71,101,106,73,93,55,77,117,127,53,160,105,122,76,113,181,63,132,113,57,94,62,72,71,84,96,22,131,143,95,50,68,87,103,153,166,110,130,111,105,88,117,23,103,41,53,153,72,88,107,53,87,67,68,79,116,49,98,78,106,77,53,142,108,114,31,57,36,101,105,39,41,33,56,231,70,111,61,71,137,38,74,208,95,256,102,101,107,62,22,75,108,52,46,160,123,108,68,59,125,82,102,81,61,56,111,89,144,154,158,73,95,67,90,45,78,75,113,174,88,95,87,66,82,72,107,126,71,77,52,68,59,80,143,84,92,110,91,107,60,55,127,31,66,81,129,81,91,46,113,106,150,81,130,119,107,93,55,162,95,111,77,95,154,58,107,62,119,153,116,77,79,124,149,77,39,100,52,110,76,46,79,64,48,191,177,119,101,41,128,169,53,164,67,58,91,76,49,71,108,67,74,85,88,71,60,159,103,107,121,100,108,52,67,50,73,49,76,186,94,131,98,57,123,108,68,118,44,48,137,135,137,53,41,110,41,55,61,261,56,167,59,42,67,78,52,142,64,69,115,55,59,44,82,32,47,74,118,97,74,101,53,147,101,57,76,65,74,66,91,94,51,99,126,72,51,87,89,88,98,61,44,71,89,56,52,88,62,72,72,142,70,65,43,94,20,33,124,111,37,144,80,47,134,54,70,39,93,53,127,91,109,73,62,63,160,43,51,93,34,69,106,165,104,120,82,68,106,122,295,156,88,88,71,116,106,52,72,73,130,71,131,160,67,93,104,156,115,120,89,71,68,94,92,154,110,204,95,142,64,70,57,195,170,122,148,75,60,106,58,123,41,40,55,129,86,64,75,115,227,50,60,54,39,54,140,63,100,139,79,117,91,36,55,56,138,59,225,83,176,93,108,84,159,109,82,64,81,109,60,213,
69.01,388,206,227,273,314,324,1134,5069,319,243,232,295,250,266,263,233,225,159,180,205,187,224,390,136,564,140,831,140,122,132,373,163,349,495,231,459,87,135,109,316,241,386,788,208,471,299,167,81,307,197,253,163,381,61,181,306,203,177,128,146,387,193,135,71,181,262,107,139,339,239,58,110,41,120,88,159,87,76,100,199,104,101,169,208,102,137,112,88,48,108,158,98,372,64,329,163,92,40,242,124,86,90,107,164,94,169,66,67,155,126,213,140,153,41,76,109,134,67,37,78,120,98,337,124,122,169,120,123,93,60,79,119,88,99,55,90,75,134,111,69,99,90,105,126,151,86,102,58,101,95,111,133,117,101,70,116,123,114,182,127,164,255,158,108,134,105,64,72,362,227,187,118,207,65,181,168,112,115,150,146,208,216,91,131,120,128,175,184,143,95,178,120,178,101,124,165,197,184,111,167,165,141,182,280,133,149,160,146,187,425,144,165,212,210,155,133,187,150,98,163,152,152,194,287,111,132,273,269,151,88,119,174,192,169,310,120,128,180,90,199,139,151,124,111,67,154,244,176,153,87,107,143,334,83,133,110,90,156,245,65,190,134,233,245,68,151,97,124,84,170,105,53,66,78,100,45,114,108,130,132,107,48,245,83,170,96,69,128,70,139,42,88,61,127,53,138,427,154,145,113,226,35,170,145,90,15,51,148,109,68,149,120,100,66,180,73,48,84,63,201,72,111,77,27,160,103,55,44,85,78,80,27,93,79,35,69,128,60,67,80,57,120,132,63,70,126,70,59,91,185,172,53,68,42,146,82,66,67,246,107,45,57,49,82,164,80,101,45,99,25,89,86,73,183,97,39,76,85,176,117,118,74,38,138,130,50,53,90,197,134,114,54,43,147,124,104,136,108,184,96,153,50,101,59,91,135,113,126,83,78,121,85,94,24,198,136,101,156,76,72,153,135,97,135,83,94,87,47,90,118,280,145,57,43,58,79,71,72,29,127,79,54,45,70,68,60,156,88,50,93,86,32,98,74,73,30,141,70,278,50,205,66,132,226,83,63,112,203,90,134,108,117,26,111,97,142,85,167,103,131,40,61,115,40,86,161,80,72,105,172,194,166,117,169,197,160,137,203,98,109,47,109,74,136,109,94,98,120,179,163,149,99,121,136,69,89,93,63,17,36,152,63,105,74,89,57,139,88,121,99,74,46,120,76,75,22,42,34,58,45,91,137,12,31,91,67,66,171,65,57,63,76,80,227,150,55,125,37,47,55,102,28,30,81,42,64,104,80,46,37,45,75,29,85,99,37,149,83,44,42,58,77,49,86,76,101,130,28,182,81,35,85,49,90,55,111,48,61,109,74,65,35,141,61,44,68,81,46,23,33,20,109,45,195,16,109,75,169,66,70,50,35,87,70,56,92,51,52,64,76,124,123,52,77,47,106,183,31,168,109,40,200,97,129,95,94,225,76,114,76,45,41,46,45,53,89,119,103,76,31,96,103,60,20,34,51,63,39,45,86,50,63,67,43,53,71,158,41,90,85,71,92,14,73,63,133,100,62,88,63,63,88,38,130,83,180,183,61,78,118,52,52,78,60,82,46,98,98,25,82,134,72,32,123,48,143,37,59,36,24,115,42,181,11,95,40,121,54,64,102,17,26,102,70,92,71,33,106,96,24,256,74,111,50,147,43,70,65,44,99,70,31,53,50,5,222,260,115,30,36,113,232,31,58,28,43,63,67,53,56,67,50,57,109,42,76,27,33,84,45,47,69,74,33,76,87,62,44,47,39,39,22,67,40,71,46,131,29,20,57,114,97,57,108,127,111,40,186,190,72,26,48,56,70,31,31,21,153,87,36,129,95,204,29,107,62,16,102,73,56,112,94,49,180,54,86,106,137,130,111,92,137,120,33,44,110,79,138,70,81,61,55,85,109,86,154,11,106,33,24,31,28,16,16,108,101,34,114,38,45,13,75,23,75,43,182,76,82,86,31,81,35,76,56,42,33,60,58,70,91,90,68,76,61,70,55,57,40,49,45,76,74,35,130,35,55,178,17,24,36,72,54,39,41,125,61,57,87,72,91,108,65,112,79,90,72,14,35,34,33,43,98,68,79,76,56,82,89,44,83,67,31,71,61,16,49,10,42,101,83,105,51,74,99,56,65,38,53,179,29,74,107,77,46,43,42,72,54,31,38,49,47,62,89,47,70,90,40,105,52,58,147,110,46,67,133,201,182,68,72,99,87,111,149,132,19,61,85,64,100,50,89,133,152,44,85,106,87,55,104,19,38,79,92,80,66,44,78,188,40,79,95,85,45,23,43,51,65,30,50,60,96,95,78,93,72,103,27,48,41,63,50,74,49,31,54,38,68,49,88,95,36,24,33,59,56,118,47,43,92,59,81,83,52,32,95,49,180,42,
68.83,387,274,326,354,344,292,1084,5642,373,413,291,274,264,306,300,1441,231,199,174,176,184,165,445,161,729,199,568,209,305,239,284,167,531,502,298,348,159,259,196,511,233,205,374,343,516,284,185,262,911,189,526,274,220,129,240,322,199,238,245,264,372,187,298,249,132,264,134,275,198,110,220,99,161,114,142,103,222,207,298,366,143,267,107,214,156,188,138,193,151,190,94,85,134,242,212,116,150,84,118,60,126,182,160,198,186,188,115,154,201,166,104,171,204,163,188,131,299,134,87,91,200,102,284,250,153,123,220,87,227,236,124,127,138,209,217,100,117,190,112,136,128,147,341,205,129,176,143,93,154,198,135,361,150,289,121,241,124,194,191,239,176,157,131,170,104,219,154,402,245,246,288,231,209,173,204,153,142,140,225,161,153,153,217,160,178,145,197,163,161,167,243,213,240,147,178,356,353,201,161,435,160,149,194,209,341,214,377,219,248,270,184,128,168,195,152,152,151,236,120,260,159,326,174,168,120,250,239,192,154,284,322,167,228,160,166,230,177,156,131,200,231,248,128,211,106,315,360,226,374,229,202,119,142,175,167,80,285,140,142,155,126,185,155,139,115,208,96,190,205,102,151,134,111,97,106,136,104,130,113,158,188,116,173,164,129,160,99,143,116,91,90,99,108,112,161,89,317,254,145,129,151,163,166,182,84,119,125,141,123,116,184,201,103,164,117,138,199,102,243,139,131,139,84,104,147,76,164,119,139,131,111,231,143,129,91,243,104,85,80,166,155,200,182,106,197,92,148,148,128,134,106,160,80,61,228,81,180,225,255,221,131,89,102,199,159,117,127,96,113,137,129,125,97,139,177,202,150,120,105,188,196,141,91,118,91,146,189,145,154,311,109,104,226,129,107,198,142,174,136,217,174,78,116,128,150,97,124,143,289,71,194,132,150,96,120,162,92,103,66,149,119,75,130,165,200,140,65,143,96,191,51,208,116,107,97,103,127,115,108,124,126,145,91,71,110,85,106,149,62,159,118,166,177,148,67,91,142,122,279,157,195,88,112,118,89,137,91,177,98,206,163,104,128,200,267,180,167,158,178,183,164,160,155,151,244,91,146,103,148,102,126,172,263,250,203,151,200,191,112,91,110,117,99,112,126,167,223,86,222,299,154,162,147,56,108,120,83,85,89,83,79,147,151,85,102,103,117,59,87,107,106,115,102,149,168,60,152,84,170,111,100,96,50,42,82,126,126,102,113,116,167,120,136,69,127,97,91,93,131,84,106,88,80,68,73,73,96,56,194,51,94,102,114,58,140,67,130,100,64,133,117,54,97,23,147,73,155,113,99,121,182,80,152,181,98,102,133,97,128,125,119,125,117,89,113,46,77,91,208,95,150,179,90,66,111,59,145,105,63,78,62,78,213,97,140,56,98,79,47,122,114,67,118,109,128,144,70,80,139,115,91,96,150,119,108,54,117,177,59,66,60,85,144,65,144,43,112,73,112,112,110,139,87,50,81,112,44,90,123,84,118,71,162,69,85,59,115,45,55,155,86,37,45,110,153,79,109,88,113,133,136,60,107,53,64,75,43,105,146,78,124,69,55,65,87,98,116,137,66,65,113,69,91,188,103,308,52,61,128,97,95,144,95,76,56,82,80,52,49,102,143,112,182,84,112,62,64,69,84,140,123,90,107,94,72,41,77,104,87,39,125,92,61,79,67,123,93,88,91,154,167,97,67,62,91,163,96,136,82,149,93,111,85,41,109,55,158,111,69,71,160,140,92,109,136,56,112,63,84,64,79,69,68,57,62,121,61,179,141,78,96,76,54,88,37,112,173,136,120,84,67,67,70,39,110,46,87,101,68,148,117,257,121,137,130,102,82,118,136,82,111,113,98,88,58,140,174,99,133,101,83,49,41,156,74,68,89,106,75,100,66,98,71,107,171,87,133,54,117,116,126,117,88,71,46,110,66,133,104,151,74,69,75,118,127,150,39,48,77,145,52,80,64,74,42,77,128,57,86,105,72,101,84,99,67,93,68,139,79,99,117,85,141,56,186,75,51,97,70,82,83,29,166,56,133,124,82,83,153,66,174,72,54,96,80,108,127,56,162,113,74,95,87,81,43,78,52,50,44,71,54,74,119,64,56,138,86,152,97,86,147,85,135,114,109,84,100,76,77,69,96,79,93,107,118,130,101,46,99,63,134,81,93,78,49,44,117,72,68,64,113,197,115,94,230,112,91,495,225,111,167,152,69,80,124,138,121,122,118,70,155,199,84,69,89,130,81,96,77,79,67,89,85,264,171,105,60,70,150,68,120,89,58,80,135,57,73,95,59,102,67,120,133,79,130,46,76,100,146,93,76,77,84,72,61,88,68,104,77,211,77,111,49,58,69,147,236,79,95,73,114,79,63,135,79,185,114,95,105,
68.65,386,261,269,372,314,290,760,5080,295,211,281,271,191,295,210,763,192,303,197,152,139,255,303,220,567,187,864,222,171,134,414,172,503,421,286,180,133,124,161,359,212,208,317,135,139,224,182,159,662,95,333,222,100,132,277,219,128,183,369,146,114,108,138,130,93,91,81,98,70,284,137,98,144,95,267,331,211,260,189,146,100,112,98,264,51,133,361,313,200,179,164,58,173,164,343,363,100,27,190,273,83,83,150,46,172,247,86,128,85,175,169,76,380,238,129,112,144,148,81,110,73,115,239,144,181,191,133,117,152,92,213,127,85,314,125,139,100,125,156,115,108,99,125,240,84,78,108,87,143,135,102,136,170,103,137,170,157,161,197,86,185,89,122,121,179,150,152,164,170,117,169,142,212,118,173,191,155,181,190,158,161,149,273,127,122,167,170,176,142,135,104,141,165,197,143,162,145,158,197,202,197,230,138,123,169,147,165,145,227,389,209,189,162,138,183,195,151,167,163,261,164,160,266,144,169,119,165,125,148,157,181,119,122,136,194,197,135,168,254,190,206,131,130,117,207,192,452,168,125,248,135,138,210,114,130,143,282,127,209,101,244,119,271,113,99,201,97,160,111,156,79,155,148,97,97,133,90,86,162,266,104,97,166,205,78,123,129,137,181,100,85,90,161,97,83,109,277,152,113,84,101,112,118,113,107,58,43,98,118,181,159,193,164,123,211,191,139,66,130,123,66,66,76,76,146,24,52,167,121,115,165,58,164,76,59,171,74,50,71,64,199,121,127,46,190,324,71,33,85,32,88,88,58,146,60,103,33,72,145,167,45,68,74,147,55,218,139,101,94,94,155,110,110,180,99,101,98,58,196,179,80,125,125,82,158,51,66,63,148,63,104,42,96,193,144,138,81,78,102,139,87,124,115,50,138,124,58,88,53,60,71,69,99,148,102,132,173,73,64,61,135,144,163,110,104,74,101,130,71,144,62,64,129,127,103,66,81,149,199,129,65,179,135,79,127,129,61,43,49,160,111,91,30,33,81,126,84,90,123,105,161,100,117,76,54,68,147,51,136,118,80,125,83,102,146,123,77,96,232,195,194,76,54,116,59,40,129,40,72,111,120,124,121,70,181,248,363,296,106,133,51,95,86,64,83,112,169,134,77,110,142,95,159,39,73,114,175,94,57,74,82,159,111,118,164,59,107,78,68,55,54,220,47,94,47,93,87,111,69,85,48,90,73,135,40,80,86,75,127,71,124,79,70,133,49,58,81,29,103,132,41,178,68,83,60,24,26,55,74,27,136,77,32,70,88,48,57,58,93,48,140,23,79,21,71,72,43,91,99,93,86,90,87,77,81,80,38,52,38,47,118,80,92,35,140,81,141,160,164,81,94,89,78,57,67,46,36,50,47,65,83,70,49,106,103,73,113,35,92,61,82,110,41,48,54,57,26,57,76,82,78,68,47,78,73,140,30,37,87,109,74,365,58,48,51,99,113,44,122,79,137,75,123,46,54,40,55,72,58,68,95,50,55,65,46,120,42,21,105,93,99,99,22,146,40,106,71,58,37,124,103,109,55,97,22,79,117,20,116,57,76,59,134,60,88,162,50,99,64,43,54,55,88,52,82,60,14,70,105,44,97,44,39,50,86,49,100,85,88,54,82,35,119,19,84,161,66,16,62,52,52,38,60,33,38,39,96,99,46,88,53,83,62,67,48,74,102,128,104,49,135,27,80,57,39,84,46,62,93,64,63,44,76,27,141,159,50,43,47,107,37,27,75,31,72,29,55,33,33,45,114,61,42,63,94,29,68,83,58,32,102,51,74,109,47,107,48,40,64,54,94,44,94,293,64,85,104,109,58,46,36,98,54,74,99,71,37,64,48,97,116,122,175,25,27,60,68,81,108,37,54,38,79,93,82,17,33,37,143,42,109,60,84,99,34,102,170,26,84,49,141,67,64,37,47,31,84,32,34,153,116,46,66,53,92,43,48,97,28,35,34,110,45,42,99,52,38,46,62,47,141,52,50,27,68,26,29,125,43,48,58,48,87,78,84,40,51,85,77,137,23,34,18,47,41,44,10,21,84,47,77,29,94,50,50,33,33,59,55,90,55,83,93,51,43,40,61,92,72,69,54,78,57,70,52,35,53,21,141,53,99,106,47,105,87,100,33,73,51,97,16,19,100,47,90,95,84,94,83,63,69,66,75,74,75,62,75,74,26,92,51,213,117,79,95,242,117,427,134,100,143,61,195,118,51,58,139,68,104,156,80,78,118,102,54,57,73,73,53,57,42,69,120,70,166,58,78,91,110,85,133,57,80,28,83,71,43,76,62,57,119,145,75,50,79,46,66,67,64,34,55,47,134,42,36,53,47,88,71,51,88,102,72,83,24,73,67,67,113,45,66,86,48,59,60,113,31,92,87,
68.47,385,245,350,357,513,289,1138,5736,443,319,302,335,274,422,200,1209,195,243,190,194,177,235,348,207,898,153,666,245,151,205,179,202,477,627,459,630,253,217,213,201,135,670,459,630,219,228,186,192,708,272,429,373,115,166,647,114,165,183,175,329,314,158,125,153,320,276,198,343,234,288,231,205,132,159,215,134,303,142,211,264,172,223,120,163,221,344,124,293,119,435,167,92,196,358,167,243,246,103,173,229,82,156,315,200,131,191,131,311,129,161,132,162,174,208,203,131,265,103,154,125,198,104,301,173,237,112,128,177,122,139,141,124,145,99,193,100,109,144,266,156,236,138,163,220,171,130,117,137,192,279,134,208,215,224,276,119,254,166,235,240,197,245,237,137,207,153,184,137,193,269,216,225,192,181,180,262,198,158,227,220,168,183,228,168,211,162,191,183,179,276,163,192,184,219,195,176,171,268,213,285,207,184,135,211,188,182,163,221,250,277,275,179,152,172,222,161,220,192,161,161,171,193,184,285,146,200,155,236,185,162,131,156,230,224,265,132,153,150,236,214,293,165,148,133,126,190,316,338,130,136,170,128,113,327,167,142,145,215,303,138,142,136,173,175,182,135,90,192,231,137,156,121,226,123,183,171,141,126,146,155,97,176,136,122,130,192,77,255,181,88,116,149,177,116,209,245,164,97,158,149,107,46,134,118,133,138,132,115,164,63,202,168,117,176,107,80,102,144,108,80,95,101,115,87,184,104,142,133,103,144,148,122,110,136,98,174,75,95,190,195,116,117,112,86,129,125,44,156,196,88,127,71,126,108,95,140,47,215,141,147,71,185,92,166,121,106,57,163,149,158,84,110,121,87,104,153,133,67,136,112,65,182,125,160,101,203,251,103,142,72,165,101,183,90,141,107,177,117,150,84,153,139,117,138,80,141,120,133,138,196,202,199,100,121,228,84,102,87,184,254,97,123,72,208,117,130,85,162,160,199,109,150,196,75,148,136,191,118,81,97,272,102,146,123,71,211,135,99,129,72,161,103,137,86,145,202,148,87,253,174,166,149,102,125,152,76,231,210,175,245,161,87,106,125,215,258,137,146,112,141,114,152,90,188,143,132,134,184,350,124,71,268,132,158,114,254,105,250,225,148,133,98,83,148,103,83,215,116,100,140,112,107,194,125,155,144,163,139,102,233,134,107,91,116,166,124,103,110,142,115,111,53,261,160,62,77,99,89,126,165,93,155,102,119,78,81,115,50,162,93,110,100,62,95,121,93,109,118,120,165,95,72,105,106,198,73,122,173,96,50,89,103,145,207,144,137,87,120,117,101,141,170,102,101,208,173,90,70,111,188,74,130,91,122,102,103,99,112,94,100,127,141,228,84,114,110,142,59,100,111,110,91,109,149,132,114,106,91,77,81,56,110,76,59,144,151,116,71,87,117,59,69,59,110,101,144,97,126,30,97,80,69,86,95,75,64,80,107,128,84,90,53,85,76,70,125,92,94,90,145,63,91,76,100,51,114,136,125,136,81,98,251,197,132,49,140,105,58,57,143,58,83,109,79,96,122,64,82,76,137,110,82,76,154,71,175,163,123,160,203,163,66,94,113,135,97,140,119,104,123,59,102,41,118,111,190,271,95,103,115,82,103,144,72,70,68,75,66,102,110,72,84,72,203,78,129,88,42,86,93,52,56,67,111,111,86,54,87,80,41,44,87,122,112,141,179,92,142,71,41,85,46,92,91,154,64,124,45,151,50,88,94,103,128,115,72,188,74,130,149,186,122,132,64,134,24,133,72,115,189,83,104,225,115,261,106,88,87,92,55,64,104,80,145,75,73,109,102,97,85,145,110,110,92,142,95,48,143,286,138,102,140,123,176,228,144,107,199,112,73,119,82,75,68,66,59,81,53,120,49,142,88,42,113,35,89,91,159,82,78,148,57,105,97,119,140,82,145,133,102,154,79,130,179,197,66,34,134,86,80,50,84,54,68,103,101,54,74,83,108,122,92,69,117,86,106,128,135,101,58,76,164,33,108,89,96,102,65,238,96,82,46,172,98,88,96,121,48,127,60,223,69,78,49,48,49,73,73,85,68,70,134,71,89,70,71,97,113,81,139,146,117,51,141,75,112,69,67,66,76,123,119,140,104,106,96,62,87,223,71,118,79,67,135,149,117,79,100,37,96,136,113,147,92,95,131,149,250,145,71,56,75,171,135,92,58,99,126,102,118,171,238,274,155,234,251,193,432,203,143,121,107,122,85,165,56,89,60,157,139,250,164,79,108,161,122,104,91,153,70,89,119,164,170,77,131,74,101,135,99,117,135,82,112,78,57,85,86,84,102,203,85,110,79,119,81,80,87,75,58,127,96,54,96,33,108,85,50,240,122,88,57,112,44,64,90,65,102,128,126,100,70,159,81,254,114,132,87,55,
68.29,384,271,349,484,297,308,982,6441,287,213,294,207,351,175,162,308,159,349,207,356,146,248,305,168,740,104,946,335,137,132,554,157,298,718,93,751,107,154,120,518,125,147,599,552,280,132,137,192,849,135,140,121,160,110,176,87,106,164,133,204,189,276,183,47,95,276,63,195,105,298,130,136,64,108,213,73,55,116,236,375,104,292,116,73,59,143,130,94,282,235,101,86,82,92,182,170,117,95,113,218,99,76,56,151,127,319,83,224,117,125,120,65,200,95,92,65,374,96,190,110,78,87,604,115,158,187,245,140,107,94,89,114,166,156,97,122,109,156,78,108,126,158,113,127,62,98,75,192,162,280,104,234,155,149,121,188,191,241,205,117,152,173,142,122,145,232,112,125,271,179,117,193,195,192,181,337,176,162,187,136,133,178,157,160,250,196,184,146,156,178,273,130,106,193,221,94,161,156,127,184,126,155,119,159,193,247,376,195,170,167,200,249,193,175,141,148,152,136,110,150,173,116,135,145,214,136,150,214,110,96,194,81,132,168,270,121,160,107,169,152,116,182,198,81,219,180,196,225,144,125,109,82,304,127,173,110,157,179,132,114,116,41,112,61,123,243,64,179,107,66,145,108,100,84,117,64,149,143,140,103,91,146,166,83,190,77,86,154,80,135,100,109,86,98,39,77,125,110,107,101,70,168,118,153,112,175,99,115,57,38,121,268,75,108,77,109,52,130,99,52,120,34,92,99,55,149,33,88,51,20,41,142,163,58,54,110,175,99,102,63,175,90,106,47,98,91,37,56,61,171,119,55,39,117,142,124,83,84,104,210,66,195,78,69,94,135,124,60,110,140,89,216,101,85,104,106,164,148,106,151,116,38,94,140,116,79,58,127,107,187,79,182,77,89,173,119,150,92,162,58,65,280,123,137,81,88,78,147,87,81,104,75,45,66,60,103,153,71,75,66,145,95,84,111,54,135,63,32,62,249,155,151,92,68,88,109,95,64,87,127,93,54,238,113,75,116,166,92,92,85,149,138,83,77,63,95,111,46,92,126,210,74,99,63,126,58,115,152,91,147,69,49,103,168,105,222,201,105,172,107,110,129,189,54,144,70,157,98,136,72,60,133,178,148,86,329,189,615,98,162,134,32,100,55,76,45,131,93,77,105,98,46,162,56,188,122,54,69,112,107,120,75,81,62,65,81,108,63,60,71,145,79,90,75,98,86,109,59,135,104,103,78,129,113,92,91,71,60,64,73,59,244,130,47,74,115,69,60,72,46,58,90,145,93,156,81,48,125,63,107,33,89,59,259,37,76,59,170,114,55,181,186,159,64,63,129,143,91,133,81,57,92,78,47,68,96,70,119,171,45,71,118,23,112,94,63,131,71,110,107,26,73,72,186,97,18,61,102,75,68,50,149,94,72,87,37,70,52,127,89,134,50,128,163,48,61,60,57,63,82,120,62,66,107,38,143,45,145,53,60,123,103,123,28,72,114,41,117,27,60,91,56,147,28,26,141,37,88,114,112,155,157,103,41,19,68,35,53,51,48,23,125,61,28,67,20,40,47,73,45,54,84,69,106,61,74,84,111,40,27,28,27,97,47,49,43,44,112,65,169,84,74,32,42,39,122,146,117,46,69,102,102,57,57,36,69,41,68,64,68,68,46,34,69,103,93,38,133,49,31,17,109,69,65,54,30,95,97,58,100,88,100,121,43,31,20,110,95,26,98,122,153,67,22,126,155,105,30,111,69,106,108,137,45,43,48,81,52,52,129,56,72,54,114,72,91,87,101,144,61,101,107,30,161,125,85,62,80,127,48,57,79,97,230,50,64,66,166,73,148,62,90,51,92,50,72,103,77,59,107,96,108,25,103,64,61,48,74,74,134,75,31,99,88,56,124,140,125,80,91,54,32,66,48,70,67,54,24,60,59,69,75,79,39,42,108,52,34,60,30,141,149,28,98,70,81,38,94,129,59,36,49,112,86,104,27,55,59,44,57,58,20,22,48,43,39,43,64,66,48,46,73,56,113,46,42,54,37,51,63,70,58,44,63,71,59,35,42,22,21,90,109,132,63,99,38,32,114,24,53,52,54,22,52,116,41,41,127,59,77,77,66,84,67,20,99,77,26,100,95,89,44,27,72,176,93,122,62,157,58,156,88,132,112,151,70,40,60,96,88,68,44,133,152,129,95,108,56,86,32,136,119,51,59,68,66,65,73,49,130,89,139,240,155,181,192,220,451,141,123,115,49,90,95,75,69,121,70,114,75,118,103,69,88,63,87,49,44,120,105,60,52,86,57,90,211,50,94,135,133,105,119,80,67,68,79,67,108,57,55,88,49,80,46,42,61,139,46,114,78,44,52,49,31,62,70,74,108,25,74,186,86,54,49,62,73,85,108,51,44,39,38,156,61,57,127,72,21,99,
68.12,383,227,254,388,388,235,1354,6896,429,348,231,196,162,584,282,784,323,265,206,283,237,309,687,312,476,198,1388,253,184,198,267,156,911,538,513,324,116,129,313,340,504,382,315,432,225,150,247,106,350,381,255,281,170,141,348,231,198,439,216,344,311,198,144,261,234,175,132,393,277,204,218,337,227,129,187,93,292,138,155,174,133,137,149,252,148,164,504,223,114,279,342,117,233,133,251,167,339,90,257,138,88,124,93,110,219,325,145,153,67,188,119,170,212,227,247,180,266,123,132,189,210,262,185,208,225,234,150,273,159,110,161,334,164,212,117,121,151,163,197,180,163,107,180,164,168,200,323,194,104,167,200,298,178,226,167,152,139,244,219,239,244,160,127,309,238,290,192,212,235,280,291,167,161,259,178,138,316,249,252,284,153,242,257,250,144,209,209,173,187,239,205,132,189,299,223,234,338,271,209,406,230,227,196,394,239,208,174,172,414,259,150,247,159,198,199,122,263,191,176,152,199,177,333,295,149,167,213,337,189,107,246,174,240,316,182,145,192,203,122,205,169,178,110,172,319,174,446,309,203,183,207,224,182,146,159,146,261,252,181,203,138,105,140,106,132,105,136,170,157,290,154,160,83,216,226,105,196,115,180,229,110,166,136,142,215,199,115,267,186,70,216,91,170,118,187,71,133,206,151,103,119,201,217,237,143,183,163,120,127,120,62,69,91,187,130,140,127,215,67,78,72,116,128,154,106,150,94,148,150,125,141,118,108,162,132,131,133,78,112,220,188,201,308,100,87,204,124,92,125,105,121,107,145,102,160,80,57,131,91,289,103,129,191,166,225,102,114,250,173,155,172,122,152,102,131,159,174,85,153,89,136,104,114,269,225,99,152,178,158,156,166,129,112,87,112,67,155,207,122,156,113,111,98,159,110,166,123,148,169,74,137,198,111,256,195,319,110,89,138,135,129,159,70,62,140,221,99,168,128,215,216,184,128,164,130,136,212,181,205,83,143,174,204,97,103,163,131,138,72,113,250,198,96,237,174,138,109,142,275,330,148,112,216,181,115,163,136,188,108,122,160,143,143,153,207,217,186,210,345,257,136,251,110,112,206,228,131,102,226,97,101,115,126,223,192,343,173,229,98,66,124,171,128,252,118,148,105,218,103,227,196,130,188,69,135,122,62,148,113,133,86,108,71,102,129,79,143,161,105,75,115,167,101,137,69,153,141,157,97,74,124,202,107,92,101,172,190,102,107,100,161,120,124,160,284,116,197,92,125,128,171,129,94,135,92,140,222,111,89,90,176,96,147,140,101,70,208,157,243,121,140,79,116,71,96,68,150,274,105,143,127,83,60,92,67,158,99,127,183,203,106,166,114,118,86,184,92,113,127,124,90,96,132,168,161,160,204,93,78,198,116,107,283,114,139,123,108,153,158,82,150,58,94,110,114,93,67,61,52,85,94,142,167,112,74,54,224,110,119,65,62,65,165,107,73,111,72,74,171,82,69,73,119,126,182,73,66,143,122,64,127,88,60,68,93,93,62,171,181,331,100,151,74,145,47,212,68,120,116,63,115,119,46,83,82,67,72,82,130,219,242,87,184,68,81,66,123,33,148,72,70,69,98,98,122,108,75,139,72,106,92,151,59,81,66,116,45,70,163,152,84,76,74,83,105,57,83,146,93,150,96,75,90,73,97,65,67,129,116,81,147,129,102,112,165,75,184,53,49,110,98,59,92,122,101,46,110,90,65,156,87,46,65,150,103,86,72,69,141,90,197,106,104,124,55,65,125,123,118,58,128,251,139,142,68,126,154,149,182,148,129,87,135,69,103,95,133,79,57,66,108,145,61,131,174,85,115,43,66,129,152,292,134,96,86,74,115,106,143,62,80,180,78,91,149,126,167,122,128,75,72,74,139,68,47,84,108,94,154,175,99,116,60,62,178,86,89,85,152,103,133,97,123,70,94,49,54,81,73,91,114,65,73,96,88,108,156,69,66,94,105,104,87,60,177,76,65,94,101,65,63,70,104,87,72,80,98,105,61,123,82,112,71,126,59,108,51,45,174,93,97,64,76,174,136,68,57,64,34,114,134,126,180,78,45,50,86,84,68,86,189,88,156,87,41,128,52,98,60,57,67,75,70,88,217,52,146,90,227,245,168,130,120,278,296,116,74,108,127,146,73,93,127,124,111,60,126,112,99,99,142,74,81,59,136,96,146,190,129,92,72,371,208,220,352,271,158,717,124,118,191,97,104,160,85,93,83,119,126,99,207,132,135,107,94,123,146,100,70,135,92,136,131,82,161,137,101,95,102,84,87,182,109,67,60,55,111,104,32,110,75,222,68,93,127,72,66,101,115,69,80,67,82,83,63,162,72,69,59,54,52,77,55,30,50,128,115,63,96,59,103,79,74,122,73,84,80,64,114,
67.94,382,322,279,353,442,284,632,6370,255,227,191,188,329,343,194,929,153,235,184,269,219,104,215,170,219,170,1032,169,124,142,289,118,382,536,389,332,300,148,102,654,89,369,595,459,223,215,88,182,391,219,136,189,159,125,191,120,123,237,212,238,356,105,81,94,179,108,90,148,207,126,237,50,66,124,93,121,247,287,222,200,120,63,81,195,118,179,153,273,96,85,54,248,150,65,101,96,69,76,69,71,61,42,47,104,208,91,26,119,116,73,115,176,361,250,109,50,213,74,115,43,193,86,172,182,100,168,97,73,153,97,91,173,238,94,146,130,142,79,110,160,115,178,176,147,208,130,131,98,155,121,180,253,190,131,114,126,140,236,199,93,181,236,177,158,116,183,126,130,183,132,185,104,156,215,153,119,164,189,138,281,265,152,192,132,149,136,160,126,192,148,103,123,114,229,151,205,124,182,241,262,149,206,302,129,172,136,155,150,196,192,211,175,163,122,126,124,99,111,209,136,169,285,142,191,129,90,237,111,92,131,181,239,141,136,114,124,88,154,178,122,294,219,179,86,221,182,401,280,191,203,142,98,100,122,79,83,174,422,183,59,86,59,63,125,133,122,89,85,86,74,128,72,164,210,46,128,127,85,127,78,224,114,227,109,103,93,158,191,135,88,75,82,98,58,285,201,307,188,103,56,33,87,69,148,178,137,59,139,73,114,67,87,44,110,161,87,51,147,73,80,108,149,54,162,96,70,100,150,91,75,70,151,74,236,119,121,137,139,63,157,74,116,119,86,119,97,90,86,199,120,56,47,251,97,97,83,38,96,94,155,188,121,84,124,123,47,65,80,69,115,83,181,106,189,181,111,139,91,129,109,67,107,39,119,161,72,134,143,143,186,85,131,24,93,108,60,157,63,91,84,99,181,137,177,202,88,159,145,146,63,85,89,85,130,91,204,74,37,126,61,108,94,60,185,178,170,106,156,67,120,78,57,64,65,75,29,98,53,169,66,66,136,194,208,109,96,51,159,120,202,115,95,124,119,143,36,102,131,158,85,94,83,142,82,33,101,111,137,184,115,129,93,140,81,107,68,73,301,391,196,114,83,72,233,92,39,134,131,161,184,93,118,94,126,195,376,116,539,253,116,165,30,164,145,31,124,79,153,107,107,74,102,141,71,88,202,86,101,64,128,152,139,65,98,47,79,79,184,39,119,33,44,137,85,95,160,94,79,123,152,127,77,100,35,89,65,109,153,34,87,109,58,126,188,106,73,118,99,93,146,55,92,68,83,103,29,64,56,29,69,70,33,215,43,112,89,108,70,102,49,185,114,92,117,88,50,87,36,71,116,100,52,29,49,201,125,114,174,112,54,154,151,53,56,93,71,81,34,110,139,45,84,52,88,39,76,95,57,136,127,44,83,37,78,74,41,76,49,58,71,87,71,72,54,53,53,67,68,91,100,95,166,73,100,96,48,33,72,104,102,63,34,134,14,56,68,72,99,71,66,76,33,76,79,334,295,68,59,176,62,43,39,59,30,84,94,152,73,15,51,83,65,43,27,62,40,182,63,98,57,78,36,62,33,139,84,124,170,60,176,71,141,219,97,119,85,34,23,33,63,33,75,159,56,59,24,109,98,147,57,81,70,72,88,64,44,62,48,52,75,34,55,130,177,70,65,105,140,42,32,89,100,118,82,31,59,73,37,65,91,57,114,61,53,55,52,30,109,40,157,89,72,71,56,247,39,95,128,85,43,67,62,88,181,77,65,64,107,81,124,74,162,100,65,80,95,84,65,114,96,54,62,26,110,82,90,85,28,100,54,74,157,82,43,33,80,48,14,58,22,94,64,65,98,84,43,21,59,74,68,153,152,102,171,104,69,36,39,99,29,72,85,97,63,42,75,91,235,39,32,53,66,116,41,39,51,32,43,57,38,64,54,68,57,14,85,34,84,79,80,77,41,104,46,81,136,109,100,33,102,66,112,53,36,123,49,67,44,68,72,76,126,106,65,110,46,24,73,73,50,45,204,68,26,259,41,75,73,68,38,64,35,60,73,104,65,32,121,122,103,45,52,78,74,44,89,62,21,27,48,50,60,82,88,122,73,97,91,97,46,36,14,114,107,34,92,52,58,174,37,97,114,63,102,102,33,80,100,140,35,195,147,43,277,212,144,61,76,50,93,58,91,79,54,172,85,157,85,94,166,29,144,102,46,69,64,122,140,37,136,101,177,161,65,342,189,101,415,86,89,90,102,88,124,61,99,71,106,107,89,46,156,39,47,60,100,80,112,44,38,48,45,19,49,112,151,46,107,84,132,41,97,62,118,98,42,62,63,45,52,80,77,82,44,53,54,83,85,72,46,58,84,70,71,133,47,28,63,48,68,116,30,39,23,75,24,66,70,21,110,32,31,39,43,102,113,19,39,30,
67.76,381,198,304,351,435,268,956,7482,309,265,313,182,193,518,242,1189,306,174,186,181,162,233,529,203,1040,158,1637,98,398,189,615,183,789,937,444,467,107,165,209,477,204,530,481,615,394,118,130,425,1130,229,392,511,374,162,444,122,253,270,155,207,554,97,137,142,316,82,151,201,274,232,278,129,101,122,123,283,152,167,207,184,138,170,117,157,110,167,234,186,227,319,261,90,158,179,199,188,233,189,109,122,104,283,109,148,236,96,146,186,218,124,98,68,281,182,142,141,146,254,137,69,87,175,458,174,379,127,185,144,153,163,92,185,129,145,151,126,238,89,154,107,195,262,241,169,141,117,186,165,235,192,143,213,157,182,161,138,268,186,236,203,386,225,176,149,161,147,166,204,182,192,248,294,149,178,166,207,157,250,176,240,250,307,130,317,163,161,163,165,172,164,183,241,247,210,152,220,108,231,145,281,219,195,165,189,183,244,182,124,409,463,287,123,253,121,174,132,171,133,268,165,142,232,164,152,179,123,149,207,130,279,133,210,182,166,169,205,198,235,214,103,239,132,172,187,163,91,388,159,95,195,140,135,151,156,168,179,217,220,228,349,158,119,215,150,75,164,165,170,140,170,160,207,103,96,96,89,161,102,96,161,205,130,78,58,100,109,155,266,210,112,130,131,137,196,181,240,257,100,114,75,263,112,110,160,109,147,80,135,151,118,149,96,86,116,99,225,109,236,65,116,47,101,127,108,139,76,165,186,161,141,120,112,139,110,75,145,103,64,280,153,136,114,262,110,123,115,139,67,189,123,92,192,153,121,162,47,128,97,181,175,100,93,92,131,164,75,81,148,124,177,145,146,121,135,109,148,142,118,171,113,135,174,147,169,231,138,133,267,268,175,154,131,154,109,80,180,122,60,198,90,135,95,61,101,130,121,180,111,172,158,81,140,136,94,188,168,166,94,113,137,161,129,84,178,349,103,102,107,158,139,89,136,111,112,179,102,148,147,256,136,172,174,165,85,65,119,180,155,171,93,68,201,140,95,158,90,112,141,167,200,229,111,166,43,114,216,212,99,177,183,174,156,175,155,138,127,121,196,556,474,134,125,175,212,242,141,190,118,281,113,86,170,177,356,400,363,140,461,148,201,94,69,131,124,89,117,273,117,129,163,155,152,139,154,152,145,107,117,107,79,199,142,85,162,129,96,198,96,111,93,100,101,126,105,133,83,59,88,196,226,75,251,101,101,120,89,112,200,95,109,163,140,94,241,133,167,174,130,126,138,117,155,54,169,142,87,69,164,151,82,62,161,84,83,116,94,145,147,136,98,101,148,90,227,105,87,175,149,79,107,115,96,76,196,219,136,193,99,91,193,125,68,107,91,134,24,82,70,137,93,197,75,134,129,93,187,89,52,86,67,82,68,87,76,66,66,77,50,139,73,145,70,98,78,112,118,172,67,121,76,109,53,105,88,36,172,84,103,79,89,55,137,76,127,83,95,105,118,92,147,80,51,122,48,91,137,82,92,62,76,133,53,126,63,73,122,89,144,96,148,97,121,123,65,61,99,94,112,69,61,41,158,58,110,71,24,115,93,112,101,156,52,112,102,41,135,36,57,170,151,36,85,56,102,129,56,91,218,54,180,73,43,116,99,48,106,119,151,52,53,108,65,60,81,84,203,145,175,49,90,148,152,73,143,94,98,107,110,93,111,195,191,90,133,70,86,93,90,192,51,104,60,119,122,113,85,104,141,146,119,93,83,98,122,116,79,96,122,132,118,71,85,77,64,70,81,73,92,92,121,94,181,104,110,59,86,36,59,81,41,106,124,140,109,57,109,66,167,130,125,138,82,113,86,72,61,99,102,108,70,75,177,54,152,84,223,71,169,80,140,45,100,79,105,104,58,124,75,137,88,38,60,94,83,101,124,82,29,144,147,60,167,85,36,140,143,51,61,166,59,54,36,127,75,125,44,70,50,74,132,25,268,81,140,107,36,117,94,45,110,92,71,147,77,93,23,142,17,51,46,128,61,126,49,93,66,91,56,87,75,129,57,38,71,34,88,55,48,120,39,83,68,63,129,67,88,95,66,66,99,120,97,101,104,82,60,100,105,68,47,156,92,154,100,59,66,182,64,135,67,48,75,120,99,51,69,144,66,78,66,86,164,157,74,119,114,38,86,78,74,101,50,113,62,102,130,142,121,143,111,60,41,125,91,73,205,130,101,121,88,70,75,113,94,78,86,102,168,164,48,114,118,84,74,60,127,74,85,71,49,81,54,96,78,13,142,61,84,37,90,43,51,88,38,23,142,17,130,51,67,55,56,155,85,123,98,57,60,45,131,23,151,39,31,110,93,35,151,76,34,35,72,79,38,50,73,80,87,64,58,46,108,86,41,45,25,49,53,37,65,105,55,104,51,57,99,103,43,19,
67.58,380,175,252,427,254,216,1119,7197,331,218,165,219,185,149,108,676,155,221,232,173,173,606,335,163,699,129,710,107,144,112,293,177,629,290,239,200,333,85,269,308,144,113,726,129,275,319,152,137,565,74,189,248,180,176,254,93,163,316,67,215,130,189,266,132,164,122,139,324,221,199,196,82,166,251,58,85,303,245,162,207,128,75,126,139,186,316,280,180,108,285,120,100,164,93,257,166,201,59,155,105,161,118,83,253,120,142,184,118,62,110,136,109,362,107,147,138,127,63,107,82,150,132,512,190,89,154,133,179,75,144,101,211,158,253,126,82,89,116,152,125,96,108,150,215,110,159,142,137,131,243,144,378,207,204,143,183,138,162,197,118,523,285,281,218,194,125,152,199,182,168,314,178,181,178,265,168,146,206,167,235,162,177,101,171,169,243,141,147,127,106,152,162,204,282,192,147,208,124,98,362,224,150,123,132,118,125,126,142,313,240,181,139,167,185,192,198,111,110,105,63,131,219,179,162,85,88,179,169,123,156,139,137,151,91,135,60,123,132,119,119,196,149,85,186,127,125,338,304,191,161,80,44,110,184,156,91,95,225,173,146,93,120,120,77,167,324,103,129,164,139,98,91,87,63,157,210,96,113,130,111,339,97,76,129,106,80,125,162,114,59,68,91,36,129,155,127,92,71,84,68,134,322,187,55,85,148,104,79,93,39,75,128,79,157,92,97,106,64,104,48,83,48,137,119,57,141,79,178,71,58,70,123,30,64,78,54,65,118,60,61,215,102,175,87,100,124,64,59,90,92,102,93,193,78,126,97,50,124,110,165,96,123,151,204,63,186,102,63,63,121,85,208,226,118,110,96,84,115,106,119,107,130,103,68,82,140,113,72,122,109,63,106,114,192,155,95,197,90,271,42,144,73,71,66,87,116,118,57,67,70,100,177,125,158,94,202,88,77,114,106,132,147,74,98,92,75,109,134,14,134,130,140,70,149,131,51,124,55,80,49,178,142,119,188,111,107,99,94,124,122,127,209,134,96,42,107,129,143,160,95,117,117,93,73,83,102,203,107,112,110,70,69,129,119,45,126,128,188,202,74,178,186,68,111,111,52,259,74,46,70,82,29,109,156,69,198,166,189,35,38,106,46,71,107,81,76,86,30,43,57,107,105,140,49,39,66,29,26,29,108,31,39,58,94,51,69,67,47,93,75,94,110,53,80,83,73,65,48,166,34,32,91,194,20,48,97,22,109,34,95,23,61,64,52,38,43,98,90,64,173,45,117,79,48,44,168,128,156,131,44,111,98,73,73,54,80,88,15,49,51,58,137,91,93,142,82,83,44,71,59,53,66,149,43,18,58,110,62,71,48,67,14,94,23,60,96,27,84,44,23,114,93,57,168,109,90,52,19,12,136,83,85,93,81,26,18,54,127,46,105,203,69,26,47,81,41,27,105,72,39,34,125,23,23,61,70,30,58,72,5,54,32,63,24,58,38,22,74,45,23,155,30,30,62,19,77,183,43,55,88,50,33,126,84,51,17,75,52,51,51,53,87,136,74,28,99,35,30,15,16,15,33,54,69,49,53,20,42,68,21,40,29,43,28,60,12,34,8,62,75,24,8,27,25,44,72,124,135,19,21,31,40,30,21,63,34,57,155,60,55,119,18,33,46,22,45,43,40,64,60,57,113,98,47,86,33,37,10,39,21,91,60,30,70,37,99,43,76,81,134,45,87,74,71,33,92,19,106,91,78,32,79,47,40,80,38,82,26,96,35,67,43,84,35,77,112,144,20,16,46,39,50,95,53,24,110,142,177,111,38,41,35,72,27,75,99,66,57,134,103,36,120,52,48,82,55,45,86,57,20,150,141,14,28,105,34,89,39,66,26,15,137,105,30,52,19,17,37,76,41,80,22,62,45,43,96,123,57,87,43,44,7,63,23,12,14,54,63,27,68,57,79,130,52,17,48,89,80,24,95,142,38,41,58,58,16,68,58,34,16,156,54,136,60,81,52,56,88,30,21,35,53,37,31,44,69,45,43,53,44,74,33,34,36,56,95,137,36,54,31,43,68,20,34,50,149,80,49,51,53,71,44,94,94,42,71,19,60,47,43,62,59,47,105,55,84,278,130,151,48,43,90,78,101,59,99,99,157,222,83,540,510,522,317,194,54,59,33,102,52,144,120,38,190,76,107,147,51,92,70,110,130,98,71,67,65,67,68,49,128,96,204,62,155,355,315,130,167,95,166,156,116,93,39,91,164,140,66,95,57,101,61,68,66,109,41,22,181,54,41,97,71,66,71,59,182,20,34,7,79,54,49,58,33,64,82,110,59,43,13,83,45,88,69,35,16,51,50,49,53,43,119,65,77,65,100,47,113,40,26,38,9,139,70,48,34,32,48,49,25,76,34,11,83,71,69,26,95,37,
67.41,379,244,253,309,285,209,1245,9210,409,169,225,192,204,830,208,977,143,282,211,223,269,215,612,170,1400,207,1025,138,274,308,521,184,833,712,286,354,153,209,230,404,148,491,375,779,274,417,140,449,795,150,535,276,171,181,803,133,90,387,98,309,283,205,163,173,165,176,321,166,497,194,168,121,274,163,242,117,246,202,267,310,155,105,144,331,135,455,368,217,227,241,151,275,123,154,239,189,212,79,180,192,146,125,130,120,232,311,173,121,114,134,115,228,476,268,189,181,209,95,165,192,127,154,424,260,224,189,179,178,217,129,95,215,136,261,203,119,158,124,160,152,180,126,287,223,160,223,135,180,223,176,237,346,243,203,211,179,210,325,358,200,694,159,186,245,256,158,239,157,297,323,316,173,185,150,185,245,210,225,250,211,228,127,216,261,171,223,183,164,168,176,193,160,165,146,223,177,155,157,242,362,285,192,145,172,258,117,252,200,265,322,205,302,136,159,198,152,119,236,133,346,177,271,170,273,122,182,169,109,146,143,146,230,263,136,99,147,125,143,120,185,144,211,136,84,199,143,478,213,164,119,152,89,120,125,139,168,383,89,166,209,195,206,205,117,71,95,209,114,241,174,97,98,52,252,96,150,143,157,187,102,143,118,260,98,98,133,286,81,157,138,49,66,160,119,289,93,147,69,53,82,84,119,233,98,97,184,65,108,134,157,142,115,152,121,178,115,69,102,60,155,100,79,101,91,123,124,69,93,111,164,164,125,93,165,102,186,105,130,106,158,157,143,238,118,168,173,169,82,165,119,129,161,112,114,100,92,164,126,122,181,155,117,88,200,148,162,101,149,110,131,123,111,134,143,154,174,120,70,46,118,194,219,90,92,147,71,125,71,119,212,161,65,138,116,91,86,102,233,141,97,89,151,87,97,71,167,206,124,125,117,98,162,137,221,96,160,136,78,69,101,92,200,163,127,63,106,127,193,141,117,120,70,92,154,145,233,96,118,117,77,125,133,104,98,107,129,49,136,149,121,82,150,96,48,79,87,150,129,128,90,94,348,107,122,111,90,50,73,74,147,115,94,79,95,86,121,83,214,268,201,79,120,70,103,42,119,68,159,175,103,92,51,85,108,97,180,153,241,194,103,73,89,94,68,55,201,120,39,45,68,164,124,91,21,47,84,69,62,51,136,109,108,70,68,58,73,53,70,105,71,94,94,93,134,146,88,144,100,137,67,69,158,224,73,55,69,89,71,75,142,128,126,64,82,119,157,90,95,85,205,90,101,137,83,109,62,130,108,93,72,157,87,90,101,63,99,95,74,141,35,176,38,85,56,121,157,94,58,56,110,160,99,171,92,85,91,55,169,78,90,80,37,198,72,124,57,72,51,36,67,70,46,62,102,54,97,58,96,90,102,40,127,91,92,96,163,43,93,60,68,46,88,136,51,121,94,37,79,104,75,98,167,151,120,53,67,57,112,77,40,92,67,141,33,93,73,95,93,81,64,76,194,75,145,87,63,100,129,102,102,80,104,100,51,85,61,62,137,80,93,98,93,73,200,95,107,51,241,122,105,28,126,61,62,92,101,71,127,149,46,55,117,45,290,49,81,194,67,57,83,97,87,66,165,142,43,49,127,36,72,81,77,137,102,99,206,90,115,102,115,32,126,65,98,107,95,66,77,188,201,122,74,144,125,85,71,100,122,124,78,112,129,87,48,62,108,198,85,93,181,89,135,163,77,105,116,68,105,52,72,109,59,63,131,86,68,91,98,176,131,111,153,86,108,105,95,88,81,83,65,86,92,131,90,206,179,77,68,102,98,71,150,54,92,68,82,73,175,65,62,127,167,59,86,83,154,114,60,91,89,210,175,92,138,187,107,77,94,49,86,36,109,79,58,95,44,71,70,88,118,100,70,89,301,59,86,119,75,99,112,71,86,58,46,71,54,91,108,71,152,124,192,41,137,150,79,92,102,78,71,71,66,82,58,108,104,124,176,148,147,224,97,48,111,94,119,69,176,46,106,67,136,82,58,80,109,103,95,109,58,45,62,53,99,59,105,73,121,109,90,75,77,66,74,136,170,191,184,126,105,116,91,94,104,137,95,78,115,147,168,91,118,132,274,152,177,133,130,104,77,99,174,79,169,139,57,100,98,231,251,1236,1072,524,753,818,176,94,163,148,175,82,128,268,128,222,183,241,249,216,64,144,78,164,113,107,116,105,165,117,113,182,302,270,229,421,314,169,412,128,116,96,80,97,200,73,133,137,97,165,216,77,198,157,127,159,146,86,78,113,125,81,109,151,111,63,51,56,128,101,86,272,132,67,74,78,68,118,46,63,60,143,151,123,124,47,66,58,114,123,88,96,66,132,60,196,50,124,81,72,101,232,103,92,210,91,63,144,114,68,183,64,92,183,100,45,54,71,103,108,
67.23,378,252,255,273,294,186,475,6290,501,259,144,251,176,223,272,1020,380,272,161,298,149,239,479,173,412,183,842,200,341,313,241,115,673,619,159,360,242,150,200,445,111,561,418,494,284,154,121,105,497,168,213,215,195,172,164,127,206,240,139,117,160,182,118,86,208,189,187,102,247,141,212,178,170,131,190,86,149,152,230,164,172,67,90,163,54,376,288,185,91,263,182,144,109,82,148,328,260,144,117,179,127,127,144,119,111,212,211,164,67,114,113,62,93,94,188,70,74,103,152,132,126,125,149,208,188,118,127,185,98,135,114,131,233,117,171,193,141,120,204,101,131,105,101,178,192,195,108,149,145,148,190,133,248,241,118,134,163,270,119,128,160,145,156,145,275,194,205,110,114,167,187,165,153,163,122,120,143,218,190,119,146,141,177,148,109,171,111,129,201,150,131,176,151,105,172,144,87,154,115,145,174,127,191,81,122,194,99,128,180,108,78,116,101,81,131,155,215,127,128,140,175,94,173,184,126,95,104,130,112,123,90,126,110,164,92,58,146,164,137,140,139,75,94,97,147,112,94,129,102,57,131,146,141,189,64,123,96,142,83,51,86,83,82,83,124,66,88,90,110,85,41,74,50,50,125,54,50,111,89,150,103,72,80,54,99,66,75,137,97,58,66,52,69,29,52,70,55,57,44,16,50,23,90,200,81,67,89,97,102,71,41,40,129,97,144,90,56,25,31,75,31,102,137,99,71,96,143,77,72,71,152,51,85,86,44,70,63,117,26,108,91,74,63,171,100,147,102,75,79,201,108,88,185,107,72,78,114,121,215,130,77,87,77,103,186,61,70,113,141,114,121,65,96,83,112,76,122,188,215,150,181,112,103,74,110,68,66,105,168,48,54,86,53,129,45,86,59,52,74,76,206,331,80,116,122,219,107,118,127,83,65,89,93,150,65,91,96,75,62,68,134,57,159,68,118,87,95,39,119,128,49,75,100,61,142,192,125,133,169,38,67,161,169,224,104,110,109,99,73,79,43,418,276,88,44,45,155,50,187,155,115,303,119,64,127,176,282,115,165,243,250,128,83,69,257,170,247,750,558,276,144,84,92,144,262,105,144,127,375,93,159,291,205,203,217,472,92,923,137,93,83,174,59,148,55,96,111,93,52,60,235,184,111,75,74,119,71,225,171,153,58,78,150,127,103,89,104,81,79,222,67,69,137,212,141,133,129,95,78,114,175,105,70,144,83,120,38,125,212,96,107,87,102,86,147,49,188,70,87,159,162,137,73,105,71,83,76,76,154,148,56,89,33,120,51,115,80,78,118,36,73,70,79,36,40,63,74,70,133,97,49,92,115,49,146,101,71,74,140,85,112,96,144,51,82,94,221,81,158,38,28,90,64,101,25,154,43,105,83,106,96,76,104,55,141,81,193,5,54,62,97,75,37,62,75,89,61,86,68,129,191,108,74,45,100,40,74,106,74,39,43,55,73,168,66,35,69,41,78,78,56,100,82,51,130,60,38,185,153,111,74,70,104,99,146,44,39,116,89,114,117,135,93,83,53,99,32,104,86,48,120,65,96,48,109,194,194,79,158,59,50,53,89,149,173,69,121,66,31,95,87,94,57,57,74,100,159,35,244,72,57,165,55,65,59,89,80,103,100,103,122,91,58,90,96,108,90,130,145,54,55,73,107,83,60,83,96,91,114,111,96,61,197,128,87,116,56,84,154,48,84,88,63,81,117,72,65,54,99,61,57,135,23,136,65,125,98,72,111,116,106,131,72,38,48,98,92,147,110,50,171,98,160,116,93,69,156,72,135,42,55,278,51,57,91,54,77,36,76,32,79,129,45,163,73,85,64,84,37,156,227,63,102,203,71,143,71,80,56,47,138,43,99,133,32,82,96,102,196,114,50,43,38,39,57,80,55,45,44,150,138,66,39,56,153,64,137,77,58,133,77,62,81,41,60,24,133,100,146,64,53,76,30,64,58,81,167,161,138,120,121,102,45,54,53,65,165,70,72,32,127,99,71,170,54,77,94,38,149,58,32,40,42,58,35,89,113,140,35,50,108,108,81,203,92,126,66,116,121,75,216,26,106,97,28,64,58,149,301,90,122,60,187,262,156,119,93,86,137,40,46,109,128,119,81,102,298,72,185,117,1315,1417,547,443,561,67,42,142,92,101,151,87,97,286,182,155,127,308,312,119,98,97,82,79,137,167,96,117,47,97,153,120,102,86,347,221,190,218,183,110,71,58,114,62,65,110,132,91,51,113,81,143,62,66,63,134,97,53,168,79,119,115,113,58,119,106,125,73,72,102,108,109,56,104,65,247,62,60,50,21,57,73,59,75,101,53,62,76,131,76,116,52,24,106,81,75,79,32,51,24,78,25,54,149,88,89,112,65,86,80,57,118,75,140,149,106,48,125,100,
67.05,377,182,337,260,257,366,424,7891,399,227,244,206,262,348,189,792,292,221,244,225,286,153,247,155,396,174,479,178,289,247,287,178,387,436,250,315,187,222,266,279,140,274,249,173,179,183,141,278,182,192,268,144,129,207,429,146,128,215,144,183,156,150,132,150,135,138,153,221,182,166,242,98,127,176,82,107,129,140,115,185,114,188,197,148,87,159,198,135,144,216,191,120,123,84,142,176,179,184,358,159,106,209,105,163,137,104,195,211,138,157,108,171,242,152,144,204,176,201,195,231,143,140,94,92,174,179,310,308,156,187,137,165,138,130,308,159,174,160,178,171,202,158,171,176,178,246,121,204,249,353,159,203,343,222,206,177,127,216,188,190,206,171,140,197,325,234,228,246,223,254,187,311,214,228,166,216,195,220,224,284,213,167,150,195,138,173,226,237,295,135,142,170,193,222,171,145,227,170,148,171,295,133,162,160,159,168,140,221,288,565,226,227,223,147,305,177,181,181,134,184,137,216,158,225,125,314,175,206,195,133,199,199,148,115,75,211,135,176,158,122,132,204,120,185,259,160,491,190,390,192,187,138,134,126,127,162,203,185,212,150,93,170,184,121,272,235,155,291,255,115,99,190,127,161,122,130,163,161,150,93,298,176,167,114,130,68,69,211,169,106,163,156,189,151,378,187,195,219,127,218,177,88,96,60,116,150,175,84,100,146,129,171,125,147,175,171,125,96,103,185,171,144,193,120,184,180,166,252,169,104,266,133,365,170,244,111,182,139,138,165,207,183,202,195,164,167,130,165,138,115,181,212,225,176,102,147,155,108,218,179,258,209,147,139,227,226,150,186,135,126,182,186,131,121,161,98,237,140,253,221,88,178,240,152,109,213,166,153,151,242,112,207,174,144,247,129,176,164,168,102,263,264,303,173,108,204,172,250,106,96,124,176,144,253,125,121,163,188,60,139,157,150,268,171,95,143,101,165,184,190,169,152,131,118,100,121,146,172,164,114,125,223,198,136,113,92,136,98,171,376,122,669,255,118,161,123,331,279,357,284,497,474,186,170,117,509,289,194,264,185,324,481,184,215,143,420,329,1105,846,569,161,199,113,181,205,127,158,119,332,148,187,140,364,216,235,484,272,448,82,116,65,129,157,116,213,169,181,174,102,199,271,236,290,109,218,175,150,174,131,138,175,284,116,104,122,131,102,127,164,87,164,128,217,127,133,160,144,158,133,185,62,155,184,68,104,156,104,164,117,115,113,166,125,108,115,157,179,88,207,154,170,77,128,90,133,94,230,123,122,150,289,229,81,136,127,124,75,85,169,156,128,148,90,181,132,84,181,132,84,89,246,84,118,129,102,191,92,76,260,133,137,80,142,142,104,144,104,148,92,178,211,96,112,143,145,154,164,87,107,70,212,103,198,121,178,72,114,142,215,158,101,136,87,108,122,88,85,65,114,104,89,69,108,105,96,72,87,154,98,186,135,92,182,75,63,120,104,164,85,86,125,136,67,100,108,83,65,89,140,66,144,84,186,167,137,81,95,86,251,101,126,128,152,152,103,160,60,112,79,120,193,108,128,139,182,102,129,94,100,131,117,134,106,204,101,182,112,71,151,101,92,133,75,115,154,127,76,103,269,103,131,173,178,173,161,126,86,89,117,119,199,166,129,93,131,155,121,169,93,131,165,87,145,144,121,201,212,91,145,112,80,166,115,82,179,116,127,73,159,114,111,178,196,150,116,192,135,89,90,220,108,102,133,198,126,127,230,108,114,146,140,94,106,135,204,154,88,107,155,79,72,141,86,162,86,96,123,105,65,119,224,73,78,73,102,91,232,147,143,84,131,130,84,63,83,99,83,118,113,96,270,222,152,203,174,197,171,195,134,116,132,109,139,162,69,73,159,90,98,133,221,117,92,114,57,91,127,89,59,173,137,117,62,90,86,125,169,101,107,194,141,111,195,64,53,84,143,73,237,45,92,116,70,138,104,68,111,77,170,120,118,141,114,66,161,77,145,74,66,46,104,95,60,188,95,167,101,153,72,103,103,214,216,142,117,150,99,93,128,97,125,183,61,124,215,176,104,289,105,97,86,52,116,143,91,129,76,141,127,136,144,161,302,229,82,148,165,186,159,115,98,130,150,160,87,83,177,136,374,273,1060,1315,580,389,493,157,71,121,92,195,109,141,135,124,154,160,236,193,215,119,131,138,113,64,124,173,85,73,102,103,90,252,98,284,537,435,88,368,136,72,138,129,142,106,131,85,105,111,78,152,122,78,109,130,125,112,184,139,60,94,101,116,89,112,113,109,128,61,126,173,72,131,77,126,178,73,63,62,104,28,94,178,74,88,132,85,75,158,107,124,120,95,82,127,67,150,122,90,111,78,165,161,109,103,98,90,114,53,63,125,58,122,106,79,156,202,89,91,214,
66.87,376,192,202,229,175,267,461,539,239,271,254,151,140,143,255,1178,147,207,238,210,156,145,297,119,577,142,114,141,194,151,156,130,308,123,287,147,284,125,272,204,176,345,244,158,86,168,123,145,394,108,454,268,122,116,302,171,147,319,120,325,278,140,62,196,138,79,219,251,361,218,279,88,84,117,223,169,123,80,204,335,120,84,85,280,95,107,182,83,293,131,97,172,162,107,221,250,163,121,159,151,132,229,131,259,108,162,98,145,195,186,120,50,278,95,245,159,122,95,129,112,135,215,523,218,175,258,159,173,169,123,201,242,105,288,143,221,142,150,169,275,122,113,271,351,242,153,182,215,321,179,232,542,351,379,196,165,173,288,129,141,542,242,153,150,154,190,287,270,212,190,183,165,174,242,204,294,121,230,165,102,145,163,184,164,235,202,177,199,127,192,155,195,155,180,117,216,157,157,131,711,124,204,152,145,181,143,177,148,452,305,174,75,113,252,286,311,171,161,154,218,176,163,199,153,121,202,146,155,64,173,92,152,172,179,222,191,133,85,151,178,136,169,144,57,110,131,831,242,120,148,177,148,63,101,113,70,138,346,220,85,149,125,151,185,115,105,103,132,112,139,98,56,99,88,134,234,109,140,119,132,195,117,144,72,171,98,80,179,109,141,89,94,98,165,164,351,177,72,108,124,109,83,110,106,248,156,68,169,217,105,88,266,71,213,104,162,147,86,175,182,69,83,87,104,135,101,55,172,72,95,96,170,183,187,67,195,89,126,105,238,288,164,222,173,156,192,133,147,169,77,193,144,118,114,130,88,182,189,119,300,151,189,171,131,107,192,199,94,122,210,135,86,163,89,123,79,135,230,110,90,161,110,88,200,143,121,243,63,86,140,125,94,157,140,82,83,275,132,133,104,377,447,205,225,55,181,224,93,145,78,159,91,214,114,135,157,62,111,237,139,97,100,189,115,112,172,28,136,166,110,84,90,83,71,191,105,157,157,102,136,183,144,143,257,229,84,62,78,111,258,84,1265,125,86,98,128,317,134,106,71,348,363,210,127,124,344,282,147,135,118,329,184,124,141,157,227,127,799,746,240,92,111,159,72,176,185,114,86,310,225,142,234,179,153,219,280,74,364,139,68,44,121,223,90,135,223,163,159,126,124,209,597,90,127,109,88,153,104,122,155,135,139,85,114,83,44,110,126,121,70,148,112,114,126,120,192,103,196,135,114,84,178,179,53,118,98,188,192,186,149,72,81,167,103,77,94,145,105,64,153,69,126,131,183,176,76,81,72,71,128,122,78,135,87,141,120,182,168,107,93,88,126,209,96,71,161,57,44,93,174,45,51,244,127,64,170,103,169,172,196,58,158,179,224,82,97,110,57,65,124,76,95,54,80,81,82,59,69,55,63,49,84,66,91,74,18,155,58,62,265,60,69,96,84,51,57,53,72,110,111,92,178,58,114,49,60,77,126,87,71,40,129,48,53,132,92,83,79,156,72,85,45,88,63,134,96,137,75,102,137,82,165,115,33,67,120,35,51,98,63,135,55,51,153,44,73,78,100,139,52,53,83,44,109,52,100,72,43,119,29,86,47,77,86,55,143,79,73,86,92,88,125,92,64,33,125,49,94,98,78,120,55,68,51,76,68,90,126,194,68,81,90,92,48,103,97,100,75,116,46,175,122,93,69,53,118,112,107,136,63,132,64,198,126,105,337,111,148,132,49,119,104,76,116,170,108,87,150,82,75,116,72,96,115,126,139,112,60,137,66,46,86,120,72,178,43,66,49,108,93,79,119,78,97,84,72,131,100,208,118,109,154,136,66,39,72,100,97,66,134,101,39,97,47,55,156,77,80,59,58,180,177,105,189,143,101,63,165,91,79,172,57,68,118,206,41,145,68,74,57,95,63,84,130,70,118,85,111,68,57,95,58,63,84,65,44,65,99,122,117,71,119,53,42,49,60,99,79,90,48,101,112,100,62,87,119,71,75,52,119,109,57,61,62,57,152,67,98,104,157,67,96,102,73,88,193,72,38,192,81,134,127,59,65,83,85,51,99,63,107,61,89,96,73,195,82,164,66,104,75,82,101,73,45,58,50,97,62,102,114,75,66,234,258,256,73,177,105,113,58,93,119,83,91,55,68,106,119,259,294,909,645,571,368,593,56,93,61,82,154,96,100,79,96,141,96,80,197,74,79,83,88,134,74,124,72,65,95,63,74,87,123,112,128,151,368,67,184,92,72,66,71,87,59,70,62,53,99,72,97,117,147,137,73,289,85,71,67,78,63,124,116,31,66,99,159,49,75,124,42,82,94,111,88,145,136,25,47,71,15,74,97,62,68,101,75,31,116,75,67,66,51,51,33,62,42,37,55,56,39,56,39,55,45,53,46,60,90,72,112,133,71,123,41,59,36,90,68,54,
66.69,375,303,264,298,186,269,2226,11754,364,232,176,209,262,980,284,1585,248,297,206,293,249,261,489,136,1166,274,2016,142,165,358,647,146,1235,632,389,471,271,195,293,1155,359,1043,739,620,435,507,247,576,1074,311,342,411,135,167,563,120,146,367,153,611,487,218,199,360,171,402,197,441,420,423,370,166,177,149,212,139,282,164,227,216,128,170,212,161,137,285,362,274,485,246,364,143,99,157,299,258,251,97,168,143,141,176,178,190,224,238,287,259,171,131,268,198,436,332,406,353,202,166,123,248,126,275,579,309,174,250,277,199,223,151,150,233,132,236,265,250,223,196,225,348,241,173,277,282,183,197,218,271,347,230,411,315,311,233,208,208,170,200,268,273,624,269,255,186,195,228,172,258,198,211,477,285,159,282,200,218,265,311,391,263,238,168,277,196,250,187,198,160,178,234,220,137,271,205,282,288,308,186,164,587,168,212,218,166,258,250,255,225,482,341,155,283,254,252,186,247,210,143,337,164,177,168,254,279,149,240,166,149,219,239,189,128,234,95,242,194,255,263,208,281,110,110,232,183,160,286,264,284,212,221,275,191,175,156,134,162,294,527,204,224,139,188,122,123,118,153,150,176,144,170,238,130,97,133,171,238,158,134,246,181,176,108,117,141,166,212,129,205,148,234,108,247,225,197,272,182,279,113,114,133,228,92,141,108,262,123,150,91,213,275,102,233,107,258,182,128,195,159,145,217,117,108,211,187,108,161,142,223,185,182,97,232,177,155,209,150,217,204,256,187,233,149,133,229,199,217,227,139,166,188,168,251,137,171,211,202,227,184,200,452,146,174,231,217,154,180,137,268,204,232,196,161,128,191,271,151,182,177,200,178,258,157,125,199,194,154,274,120,133,164,167,201,111,116,116,230,151,165,141,225,847,377,240,170,122,369,165,205,106,154,152,111,163,168,218,171,218,106,164,197,135,129,240,161,292,116,149,92,180,169,101,139,118,254,189,149,144,171,194,86,117,129,195,314,227,183,132,64,183,255,146,1067,233,126,188,92,390,277,209,209,500,363,147,116,158,540,390,153,246,144,134,139,87,168,210,206,154,1222,1224,529,219,294,126,303,259,150,192,176,687,162,120,143,308,350,345,346,318,548,152,124,121,171,386,213,132,129,208,196,101,194,176,318,395,162,128,120,133,157,88,166,198,125,116,120,187,130,199,89,149,86,110,136,122,139,161,103,131,155,200,167,156,213,125,77,81,141,173,140,89,163,213,208,118,122,242,122,133,127,118,101,156,123,99,221,123,327,131,115,179,139,99,147,137,225,110,104,155,93,107,149,145,125,140,132,133,123,135,179,145,212,178,74,141,138,109,190,79,163,112,103,93,68,119,81,74,220,130,143,160,111,277,86,162,98,134,124,77,126,142,91,175,153,165,112,191,134,156,121,197,104,158,115,82,124,89,85,172,127,119,181,124,203,102,159,110,115,123,74,90,100,190,94,131,51,157,99,137,119,100,288,152,120,140,138,77,101,109,137,114,116,188,68,82,121,195,86,333,124,44,142,128,83,97,56,124,137,97,206,107,125,209,178,81,157,104,142,95,174,109,116,110,100,249,80,120,184,173,139,169,85,107,139,140,142,110,100,115,161,79,141,114,134,175,152,110,93,113,144,108,164,142,195,122,116,136,144,107,80,156,137,124,110,127,194,101,143,159,94,176,74,105,117,84,143,133,109,122,110,64,108,129,133,124,104,146,108,112,144,152,273,68,97,99,155,84,146,126,127,130,199,98,113,86,173,201,96,151,245,140,91,132,112,112,106,148,131,166,87,119,149,109,150,210,156,180,117,87,109,178,54,92,93,131,114,176,82,76,173,123,132,390,393,114,321,242,126,299,264,204,157,152,116,150,129,123,87,114,138,111,121,128,167,123,232,93,96,137,101,159,142,88,64,227,110,182,62,98,100,194,214,96,177,163,59,76,100,133,80,128,107,72,143,68,120,58,80,258,85,135,192,150,114,140,42,79,85,58,74,113,147,70,96,214,151,104,106,129,74,272,237,109,111,101,197,85,118,119,155,60,160,115,100,151,146,221,202,173,159,148,160,145,126,69,126,104,141,109,94,73,195,159,117,300,266,138,160,80,154,114,90,59,96,139,225,88,90,160,235,202,225,817,708,323,389,406,98,117,167,90,151,98,144,152,130,115,87,218,96,132,125,142,126,122,166,109,146,59,101,213,100,122,172,170,102,302,224,86,130,118,144,96,123,82,110,146,95,135,90,135,117,105,209,148,90,123,105,69,105,112,128,88,85,64,95,143,88,102,106,93,134,65,95,117,70,173,109,104,49,109,206,145,76,150,99,83,57,96,130,197,78,102,177,98,75,173,67,84,120,145,139,122,74,169,68,173,90,122,145,110,180,99,146,125,74,77,119,85,144,118,
66.52,374,149,221,205,248,148,1620,10230,507,192,172,166,163,544,189,1624,425,147,166,234,147,150,667,178,1902,101,823,164,146,179,711,213,957,927,865,764,192,227,234,747,135,651,369,511,249,460,157,94,944,180,364,393,126,96,309,82,59,313,83,192,534,206,131,262,120,229,301,741,227,519,317,116,234,108,269,81,231,217,303,414,101,219,118,106,141,214,174,234,200,224,310,137,155,208,388,338,132,139,168,238,107,154,66,127,173,129,177,175,233,109,221,143,531,237,152,78,166,256,161,159,203,244,837,201,237,272,148,179,175,148,243,161,149,327,141,198,297,94,261,200,231,174,123,202,445,226,141,193,183,318,162,394,272,151,256,197,159,148,285,176,324,180,124,172,279,151,203,150,217,151,165,201,128,247,228,144,132,269,193,242,173,134,118,106,201,130,207,237,152,181,139,102,195,221,167,232,206,136,64,649,190,147,140,324,91,177,270,308,529,598,207,185,217,295,265,199,166,170,119,190,115,197,77,140,170,124,56,170,141,90,104,197,176,150,167,130,174,91,153,65,102,242,96,157,146,80,484,276,313,150,148,100,84,143,106,74,296,287,134,80,178,140,103,256,94,244,133,171,114,230,190,67,228,271,86,210,58,189,172,120,235,51,137,331,161,55,226,177,108,132,195,76,69,135,332,116,124,163,99,88,142,81,99,148,185,140,147,132,118,131,89,122,95,115,86,136,227,244,89,122,195,218,183,196,154,67,182,112,89,103,93,132,141,139,87,267,173,129,107,162,236,174,178,99,225,138,247,140,156,85,131,199,98,77,121,153,56,178,124,250,217,146,178,198,137,179,169,160,166,99,124,91,268,145,133,210,216,112,131,122,190,104,126,71,82,174,102,99,98,163,252,113,144,227,203,129,196,95,165,63,878,184,218,150,187,384,149,112,145,134,91,97,87,95,139,196,118,155,222,220,74,141,128,160,95,89,85,54,144,226,87,122,152,142,140,68,69,70,172,148,134,141,185,429,99,293,138,102,140,183,137,1610,388,103,128,133,183,105,182,131,458,132,315,129,77,240,349,150,208,68,189,216,62,156,190,163,75,762,440,302,133,70,134,113,193,166,94,125,203,117,102,286,174,224,164,374,456,345,93,161,112,130,92,178,111,153,134,138,95,63,139,287,289,52,66,33,62,67,98,173,193,145,145,78,153,159,101,81,61,147,204,111,239,103,165,223,56,172,302,138,240,128,96,120,156,165,137,250,63,183,117,135,190,71,83,101,70,75,97,129,136,160,87,134,114,111,176,108,96,62,141,80,106,55,148,53,94,166,109,130,57,108,63,72,63,92,83,91,38,57,106,56,59,94,66,119,78,91,85,36,99,76,69,21,112,67,109,66,46,71,43,66,109,97,124,78,68,131,46,131,98,36,110,163,72,126,119,41,111,88,111,31,184,69,56,110,85,85,63,74,178,135,44,115,93,116,67,63,111,115,115,98,138,43,48,84,56,63,98,153,122,227,75,154,122,229,70,142,38,84,110,98,51,81,96,246,89,88,103,41,48,114,83,140,67,225,69,138,54,100,133,96,77,45,75,98,50,103,77,113,103,68,89,51,116,72,61,40,56,100,37,89,146,97,85,79,60,82,128,154,169,112,148,175,108,51,123,151,107,116,110,63,68,122,169,164,77,68,72,81,106,116,106,76,50,133,112,90,143,120,128,83,63,78,75,208,84,79,74,96,136,113,104,106,106,56,70,57,101,75,86,64,105,83,124,74,61,71,123,40,40,44,101,117,102,167,152,41,50,78,53,98,187,117,123,45,70,63,98,105,101,109,61,112,67,120,29,100,99,137,38,46,80,75,91,69,55,91,134,50,365,261,96,430,136,151,190,208,86,47,118,64,78,40,140,38,65,38,74,61,103,62,112,120,43,71,121,86,102,88,81,206,89,89,94,94,61,108,78,118,57,143,82,133,44,53,101,89,22,120,67,74,56,166,28,47,122,45,134,81,132,98,77,181,70,155,82,107,52,109,167,66,48,80,55,68,176,163,148,89,79,113,137,102,61,83,77,189,130,152,152,77,94,160,84,110,98,164,161,117,59,129,64,58,73,96,189,78,55,88,60,102,203,430,224,186,63,84,119,72,124,76,50,89,65,81,96,54,200,84,489,633,429,204,189,59,56,51,127,119,72,77,31,77,157,92,160,135,89,71,44,33,66,137,114,53,73,72,56,106,81,110,74,101,188,315,66,125,240,109,63,91,89,103,76,80,55,96,165,76,57,55,42,77,48,85,43,156,68,88,114,70,54,61,50,119,63,74,84,97,107,59,118,95,64,147,117,62,67,41,45,115,60,83,69,51,75,74,74,75,77,105,89,165,128,77,27,78,134,108,128,81,111,69,174,118,78,88,83,126,43,88,47,49,74,73,119,89,56,
66.34,373,253,229,230,657,284,2427,12777,573,243,231,205,480,749,215,1611,388,404,175,222,257,643,884,260,1395,174,1585,144,354,275,537,235,1897,951,801,1308,150,139,181,1518,183,1067,538,783,382,268,228,385,1860,297,314,361,251,178,564,103,166,577,246,389,601,269,147,152,292,384,331,497,442,717,245,244,379,129,275,121,304,217,372,445,143,167,211,304,131,208,320,218,506,287,357,154,217,137,220,236,235,135,154,211,135,344,322,343,171,208,232,288,221,216,198,187,743,332,212,328,257,288,168,227,224,173,879,237,221,226,189,206,211,227,396,257,245,271,248,221,206,231,313,204,225,224,248,256,350,225,184,196,188,294,191,531,317,233,212,204,179,275,150,254,565,311,216,194,219,177,205,193,363,296,315,218,224,194,217,299,223,216,187,149,219,231,257,177,286,375,218,227,273,298,237,162,462,179,271,252,282,234,195,805,252,163,212,215,206,321,249,182,541,296,329,165,185,233,237,180,147,203,198,254,152,208,252,295,172,152,193,262,95,210,182,147,131,170,198,155,157,286,221,240,104,238,149,158,333,89,467,447,157,112,191,111,165,228,179,176,266,274,247,161,179,160,148,253,94,165,204,184,116,179,143,242,135,193,157,100,172,132,244,149,205,181,188,150,114,182,231,234,197,150,144,227,175,95,357,297,190,239,221,82,196,177,196,183,118,175,160,181,248,130,133,288,121,149,120,224,163,201,206,135,184,206,232,185,208,140,171,196,131,151,224,169,385,415,220,148,191,136,157,133,208,218,159,159,179,215,240,104,187,124,215,164,136,239,180,122,129,123,239,450,343,166,163,94,125,178,174,186,282,124,189,203,180,141,184,110,289,195,144,190,166,161,142,148,186,145,112,275,175,149,177,157,157,190,126,225,197,262,137,151,415,376,250,381,235,1283,125,125,139,170,113,152,118,105,172,226,116,196,106,133,142,206,172,181,137,192,163,163,147,121,108,194,182,144,244,120,209,214,230,94,116,116,156,251,205,198,151,211,125,291,145,1213,605,193,168,166,235,267,203,140,497,267,162,109,111,340,155,199,141,234,166,152,124,183,497,170,306,794,801,372,134,159,164,147,168,122,182,218,347,248,154,174,307,248,268,343,189,697,142,99,89,208,434,219,212,169,236,156,142,131,187,411,248,196,181,190,191,124,177,78,223,178,159,173,189,144,191,192,162,104,110,151,115,137,155,128,219,170,209,86,143,119,142,166,149,138,182,143,186,154,169,102,144,200,150,118,189,120,143,126,102,164,108,99,180,116,129,216,124,144,91,267,115,169,100,106,134,155,152,158,175,140,71,130,84,147,179,148,174,91,134,95,96,106,163,149,154,82,134,116,86,66,103,86,158,105,130,122,136,195,109,101,55,83,212,83,157,199,65,168,99,273,80,107,108,66,134,92,137,97,184,130,152,159,46,138,201,149,118,166,122,177,210,120,107,58,69,177,112,135,98,121,135,87,140,88,94,242,138,134,126,188,90,72,69,120,106,123,142,83,72,105,127,147,159,330,215,83,198,145,208,88,145,144,179,123,163,105,145,166,163,159,136,122,145,158,141,121,90,94,78,134,173,171,172,149,206,151,173,86,81,101,142,131,154,232,108,114,97,117,87,101,76,189,93,186,90,146,118,113,185,81,164,76,88,148,120,123,201,116,215,114,125,163,157,133,92,228,138,176,120,111,108,111,134,104,83,92,170,91,131,132,193,191,130,91,130,198,110,76,136,151,138,81,164,172,66,161,157,82,141,160,67,122,247,99,133,74,86,125,84,68,94,121,104,75,177,86,96,94,178,136,91,208,106,136,136,125,112,51,119,56,174,106,75,103,166,86,132,56,300,765,77,453,229,291,298,357,242,168,126,93,118,76,110,106,88,125,104,102,125,86,90,131,131,75,187,100,88,151,82,93,132,93,108,110,107,168,76,79,114,81,79,98,76,84,83,56,131,69,69,165,101,69,78,101,229,195,132,169,184,71,96,42,105,152,225,191,150,125,97,321,215,132,142,124,123,93,157,92,193,84,166,84,130,107,172,39,120,68,182,121,108,67,215,142,103,211,111,77,151,92,70,109,107,52,150,104,183,73,97,117,338,154,152,117,225,98,284,105,167,165,94,106,101,123,141,143,201,85,455,481,511,239,216,92,121,93,133,69,130,130,74,162,175,136,131,121,179,115,117,122,80,101,48,212,140,131,57,91,94,121,135,97,165,154,176,135,84,96,106,92,94,84,106,128,156,73,88,125,86,105,109,103,102,144,99,140,157,103,121,55,152,80,151,97,94,109,114,99,84,97,64,163,92,72,67,112,92,83,109,100,144,66,121,162,87,94,123,79,105,228,112,54,55,66,158,85,141,73,143,144,66,78,109,115,153,82,90,75,90,65,68,121,61,84,91,91,127,
66.16,372,262,314,168,269,222,1657,13860,297,253,183,170,264,650,116,1745,185,200,148,90,224,506,745,140,1718,245,1538,89,152,200,723,130,1542,440,365,718,381,342,180,609,221,573,514,572,409,222,224,168,736,253,484,345,179,129,404,167,206,328,222,384,299,386,182,90,90,170,197,655,172,346,97,104,92,157,408,87,391,287,140,325,122,173,90,143,74,539,264,221,579,208,352,119,186,95,419,129,183,125,140,122,69,87,249,239,287,239,149,162,203,198,148,260,490,201,104,270,160,219,165,144,151,229,820,189,225,241,201,184,129,228,150,141,216,214,377,194,272,146,132,158,211,219,177,215,162,236,164,168,218,315,248,219,126,199,168,211,204,281,260,179,401,201,295,185,209,181,198,123,223,199,303,304,107,176,128,210,163,205,175,139,191,228,141,222,280,117,74,195,191,242,220,139,142,146,128,237,143,319,202,700,388,156,151,138,210,175,128,214,1004,216,202,115,134,123,187,183,214,162,117,184,79,110,132,169,125,238,167,411,98,154,149,155,189,124,212,195,144,282,214,226,206,87,133,72,128,120,539,252,234,87,147,260,135,106,108,73,206,244,170,84,157,71,145,115,133,171,139,112,162,145,90,134,129,49,167,89,109,340,235,122,94,205,63,55,66,134,79,133,137,142,45,136,224,99,219,335,160,117,81,144,159,195,142,165,162,260,217,94,146,166,69,87,139,140,218,193,118,86,154,152,179,202,238,145,155,119,144,97,158,257,127,171,120,140,42,93,187,181,79,161,174,125,205,129,106,111,144,137,268,183,142,155,89,227,109,138,147,247,159,205,149,140,164,73,160,105,135,114,120,187,307,160,57,95,158,81,134,98,132,187,125,154,219,229,108,134,186,145,102,160,132,131,86,85,93,170,148,162,89,124,442,256,333,384,193,1771,407,156,110,103,137,101,69,174,98,131,149,144,249,106,148,167,188,94,131,140,87,80,53,146,61,126,160,129,89,61,99,181,87,116,122,158,127,132,155,170,137,183,70,103,134,729,182,123,150,112,371,138,134,206,603,136,114,157,227,187,65,195,130,102,243,77,122,223,232,279,95,988,512,209,132,101,226,95,124,105,141,216,242,142,67,93,128,307,149,281,149,560,101,86,131,257,92,157,126,189,329,117,88,113,254,497,156,216,132,243,159,161,172,100,69,202,113,82,95,91,134,73,138,128,62,66,146,122,170,175,164,134,117,90,93,194,123,137,125,111,117,131,87,172,173,151,106,91,156,99,152,78,180,122,76,57,93,75,79,74,70,151,87,80,113,65,96,40,159,123,80,81,92,130,132,151,130,102,146,132,56,69,182,55,39,98,104,54,149,195,97,99,138,96,79,63,86,79,94,51,101,52,100,184,91,120,146,103,164,110,46,70,47,129,85,166,77,99,247,71,133,205,152,133,83,117,38,114,57,111,72,94,71,156,126,157,131,90,65,44,110,59,205,59,62,95,89,58,117,72,32,111,89,40,129,79,67,51,93,148,42,61,54,47,173,78,64,126,39,124,83,160,177,117,103,125,104,68,77,133,64,238,86,55,192,123,83,119,120,128,122,95,110,183,125,76,127,71,92,106,89,83,101,104,158,86,146,93,72,102,80,88,61,115,63,86,186,63,153,58,109,179,87,78,131,73,124,152,56,148,130,71,68,130,136,80,38,93,120,84,112,90,145,102,130,94,151,116,134,207,57,73,66,61,109,112,146,102,86,62,134,126,91,71,60,116,89,79,91,179,71,51,82,80,130,77,92,77,91,146,147,92,69,107,101,56,80,62,69,88,77,101,138,206,54,163,99,159,73,82,138,84,94,109,85,83,223,80,38,150,56,103,91,85,314,390,235,360,286,208,494,226,152,156,122,69,149,92,100,78,103,144,188,92,112,155,79,83,115,81,85,142,110,171,96,75,110,98,85,95,124,131,201,64,132,145,57,84,125,50,123,58,66,73,65,56,76,179,167,122,160,93,114,250,95,130,197,57,130,128,157,145,106,132,89,77,37,52,119,88,155,165,160,50,114,112,34,41,106,96,100,102,36,150,53,128,74,135,156,75,75,200,83,116,117,124,60,61,81,68,89,54,52,56,77,101,173,139,71,100,101,126,139,62,115,96,109,76,52,70,101,112,123,73,163,308,149,67,102,82,79,51,70,70,75,76,122,174,105,75,56,55,146,95,41,32,69,74,96,59,76,98,87,74,51,94,56,49,44,133,81,256,81,81,82,87,151,81,64,105,95,59,60,70,108,102,121,63,110,60,72,117,51,79,37,151,97,114,93,101,113,47,123,84,84,53,85,92,135,80,146,60,91,81,92,85,46,52,102,50,47,77,169,111,96,264,65,85,96,112,56,101,103,76,121,48,141,109,27,53,97,86,70,78,35,183,63,112,64,185,52,103,48,
65.98,371,179,185,358,641,326,2923,15597,316,212,211,247,255,1084,211,1865,232,342,169,378,186,303,1295,195,1789,321,1923,147,242,266,537,293,1315,958,460,852,416,231,236,953,235,908,951,535,390,385,329,262,1047,310,348,673,229,409,736,310,294,668,161,663,441,257,204,238,416,393,221,933,325,300,365,171,365,165,417,142,445,167,509,276,138,172,177,259,218,271,438,339,914,304,174,212,253,184,481,160,202,156,194,197,189,145,358,192,208,343,207,231,264,211,224,419,469,483,197,196,372,159,301,227,189,228,1104,386,361,231,252,309,240,245,163,296,252,298,363,246,312,160,204,250,330,174,296,434,256,188,347,248,232,209,183,534,315,286,195,212,204,187,207,446,398,332,312,183,260,338,254,256,167,199,283,250,178,346,209,173,271,304,398,179,212,140,248,202,201,267,214,287,357,199,298,195,199,165,245,274,196,223,144,688,391,287,171,126,116,185,267,165,895,333,324,137,144,234,208,312,223,201,245,112,223,194,233,230,170,338,171,221,134,158,215,202,315,127,179,195,220,218,196,119,268,184,117,219,155,185,467,437,492,233,172,161,137,121,150,149,162,294,134,198,161,318,124,153,111,132,156,183,78,235,277,107,125,148,184,145,250,147,154,235,177,105,151,175,121,194,246,122,124,124,71,293,98,215,328,277,156,187,118,150,199,127,183,207,197,252,138,150,159,171,232,244,110,218,144,241,165,198,162,298,112,132,174,188,175,237,168,119,259,112,129,150,204,144,168,132,153,126,103,218,187,214,218,278,177,133,213,231,149,176,158,246,202,176,164,217,208,244,203,285,393,235,206,159,144,169,150,179,105,127,230,157,114,123,145,216,180,305,244,156,232,196,158,194,283,132,113,224,193,187,139,134,139,169,151,135,199,163,165,172,820,367,144,813,557,4425,795,152,111,127,151,155,172,171,148,190,156,132,184,140,202,143,366,149,153,295,115,130,215,198,79,166,137,183,118,138,95,184,267,120,157,379,168,189,247,164,98,182,164,250,123,585,221,397,60,179,253,76,228,145,429,299,170,116,95,362,212,116,215,142,287,141,76,115,143,211,494,780,355,336,136,158,79,263,180,197,176,146,568,158,145,121,197,125,172,375,332,507,218,146,131,181,302,211,167,307,183,138,186,215,319,285,594,146,164,222,226,171,114,126,188,164,147,156,158,159,105,94,197,116,175,84,181,133,172,211,305,140,210,84,165,133,134,163,202,157,206,132,156,130,151,145,142,150,205,169,126,165,147,148,101,104,129,93,122,138,127,148,143,164,129,177,110,173,110,68,205,94,169,103,145,105,124,120,195,96,130,199,168,109,60,118,148,201,208,109,165,193,160,143,119,201,132,88,194,161,100,64,98,84,71,116,231,235,120,154,91,133,92,114,99,148,197,143,107,210,108,249,144,135,204,169,102,70,169,93,116,114,74,114,118,162,67,157,121,160,194,187,149,202,167,87,124,114,173,151,98,95,191,151,104,118,121,117,222,109,174,154,125,231,110,151,108,53,145,102,101,184,253,118,154,118,127,86,128,191,101,202,135,133,199,117,196,109,77,100,168,342,56,161,173,218,194,165,126,291,185,162,142,234,101,199,155,109,145,132,180,117,106,135,162,109,232,141,238,97,105,103,105,132,92,80,79,170,116,118,179,121,211,198,184,147,186,127,126,143,133,135,177,170,73,77,114,150,108,103,138,119,157,137,100,133,89,50,98,130,126,55,167,108,99,121,91,122,85,166,154,124,102,124,131,139,85,95,111,90,228,155,108,311,173,119,167,134,162,109,128,178,119,129,100,163,83,114,174,115,138,164,124,89,158,150,118,121,120,120,150,150,123,118,352,317,185,363,146,159,708,387,129,101,123,173,224,142,120,94,123,91,187,157,194,154,179,178,87,110,125,137,126,158,72,164,94,154,63,117,159,110,148,184,149,126,123,83,65,97,210,73,94,82,99,92,76,132,118,196,199,188,118,262,220,154,135,110,181,153,105,116,83,140,78,97,114,157,156,125,76,119,252,134,62,133,133,48,150,155,140,103,298,86,67,171,89,120,151,84,108,153,143,61,166,89,133,97,103,133,78,130,117,95,153,89,189,121,221,144,83,68,72,112,120,147,150,135,130,130,165,175,78,177,249,251,197,157,175,162,201,77,101,75,165,153,107,124,109,104,97,136,157,93,103,194,161,159,162,171,133,156,112,134,165,82,109,114,142,113,142,129,142,78,96,144,134,98,72,110,104,94,140,145,119,64,151,75,104,49,53,151,137,63,207,78,95,142,75,64,94,157,69,107,113,136,118,226,152,126,71,105,81,141,80,104,191,93,148,160,119,89,77,56,120,132,211,103,123,149,66,147,113,90,118,99,134,66,81,91,130,111,168,107,116,99,127,205,145,123,100,126,107,
65.8,370,195,185,170,681,200,2268,17423,507,189,248,194,167,1068,174,2905,275,216,203,251,194,298,577,142,1358,303,2046,146,170,152,696,112,988,732,720,1097,459,263,90,974,90,943,704,456,296,181,245,375,1027,163,764,217,154,168,468,237,261,159,149,596,296,247,88,253,343,319,313,644,624,398,435,174,322,201,219,157,362,179,334,528,81,136,178,320,70,511,136,164,404,260,338,180,187,83,158,221,498,126,125,191,131,156,217,175,199,283,104,164,149,229,117,130,489,218,341,163,203,220,211,118,182,255,638,260,142,203,216,168,166,210,245,255,228,213,186,277,111,179,186,160,235,231,251,178,422,208,334,226,272,135,199,382,143,261,169,144,181,123,148,291,329,157,191,165,159,163,235,170,238,179,354,189,146,152,225,239,117,138,143,125,369,178,133,129,224,163,170,176,153,135,226,135,181,221,179,136,245,149,91,828,222,134,155,218,164,113,291,308,1307,255,409,151,113,164,250,178,102,133,144,134,287,228,95,218,130,115,143,105,193,130,259,239,202,112,232,95,209,70,150,161,190,165,130,194,94,64,682,362,279,140,133,108,123,205,128,69,89,195,247,136,127,136,124,204,135,180,112,129,75,163,190,98,186,110,177,117,255,127,90,72,75,96,276,84,250,128,270,188,181,143,162,84,161,73,210,175,124,174,110,65,101,118,148,195,123,163,147,102,157,155,155,132,194,192,264,172,140,122,95,129,194,99,135,140,208,214,113,139,93,50,117,153,172,103,108,122,116,143,139,192,182,168,151,169,96,76,110,78,230,95,137,147,128,152,89,178,139,321,156,87,187,163,124,130,126,149,100,265,118,165,103,104,124,68,187,146,119,82,125,107,127,153,70,151,161,202,94,174,180,104,136,158,149,113,113,109,129,160,101,71,1226,392,348,1296,302,6663,566,125,97,104,203,186,125,161,145,234,146,197,143,238,108,112,399,146,165,175,109,61,105,177,136,184,253,261,104,98,88,114,211,75,99,201,147,188,224,101,155,126,59,130,153,208,166,218,122,72,130,118,192,147,373,172,68,203,157,253,194,55,93,211,130,134,205,58,329,193,86,532,261,265,91,139,110,124,181,50,237,121,470,175,262,113,165,134,169,183,150,538,182,140,127,127,206,259,110,174,261,113,99,226,385,653,173,207,141,111,200,83,113,234,177,84,76,109,140,163,223,105,184,86,122,44,118,124,196,116,49,123,196,76,120,129,146,130,124,76,66,219,144,123,173,135,77,61,307,93,97,59,219,96,107,102,68,124,132,161,76,137,116,149,100,143,114,163,65,67,67,170,102,127,188,89,47,71,74,63,71,170,75,99,134,109,141,105,52,111,103,84,81,75,64,119,66,55,41,56,86,86,142,73,58,84,115,90,100,73,50,88,41,62,82,161,89,74,180,33,71,108,139,164,43,176,69,91,116,125,30,137,87,152,158,163,62,43,128,68,120,105,104,22,72,58,55,83,77,146,38,109,124,104,92,67,132,120,98,92,35,62,118,101,150,59,75,92,67,45,88,65,135,108,71,163,45,80,172,77,167,114,157,109,86,79,104,99,80,78,93,87,135,94,38,113,164,123,94,153,77,206,149,105,95,156,181,113,124,104,138,91,84,105,109,117,115,123,101,71,85,209,98,156,40,35,53,89,68,93,82,133,142,92,122,33,125,104,97,49,132,83,101,63,111,66,154,138,45,119,110,83,66,104,54,136,178,59,81,80,67,44,194,87,97,90,77,93,86,125,102,117,77,87,111,96,176,104,91,67,139,110,97,139,105,145,122,209,108,84,75,97,46,53,79,65,61,128,52,167,43,93,77,143,124,55,124,71,96,151,143,82,65,162,196,326,101,379,322,137,542,454,102,48,135,131,74,75,103,121,83,90,105,88,78,99,57,251,107,116,99,106,136,151,63,125,127,86,119,61,71,93,92,143,73,84,142,77,69,109,110,90,95,81,85,170,69,49,61,99,205,154,77,258,282,76,64,122,41,91,200,91,75,94,114,47,104,54,90,113,80,124,107,61,88,193,93,35,67,103,143,109,78,81,83,190,174,53,89,74,102,150,89,67,77,58,60,82,61,82,79,108,97,96,100,159,115,193,90,56,68,79,31,118,67,42,101,177,66,117,121,115,122,102,73,151,91,98,135,91,106,48,96,54,134,65,92,57,48,101,143,83,101,78,93,193,45,55,67,93,60,98,123,184,117,53,101,108,101,117,197,87,81,90,113,55,145,62,43,113,109,102,100,43,75,88,186,113,67,53,114,102,99,81,63,107,78,89,62,59,48,44,77,136,95,90,131,153,77,115,102,112,91,194,76,79,95,100,75,125,52,102,30,80,88,93,102,64,66,79,88,145,79,88,93,48,86,49,36,86,47,106,100,97,89,114,118,77,81,58,97,85,93,
65.63,369,171,241,186,601,212,2300,12801,1086,227,141,289,468,411,166,1740,260,238,146,166,155,191,649,179,1736,175,2466,134,173,348,922,122,1239,926,852,873,290,128,253,1166,308,530,572,909,343,262,191,317,1684,368,647,158,265,132,530,121,288,278,149,447,398,286,68,217,101,316,124,613,286,144,198,90,200,275,157,135,575,224,345,259,80,235,174,96,189,175,209,168,613,328,133,193,114,102,223,188,170,213,229,111,178,272,196,290,285,183,201,176,196,162,139,188,443,328,258,281,211,116,178,159,183,163,537,449,271,217,239,176,144,229,192,316,109,228,276,176,229,182,263,151,175,170,188,300,151,135,204,192,170,224,199,442,206,197,208,161,202,235,237,228,262,350,198,201,207,192,281,179,335,267,176,188,138,262,130,204,141,266,135,168,199,121,151,151,161,123,191,178,193,201,199,199,136,229,227,191,262,166,78,893,206,210,148,74,154,130,264,198,1412,249,168,189,240,175,271,177,163,188,148,132,92,106,220,265,251,101,191,139,103,89,185,90,148,97,169,108,152,166,180,176,159,188,109,87,115,73,546,261,220,369,198,167,146,97,191,156,365,108,252,123,117,96,113,259,51,170,300,77,81,179,120,126,147,69,147,151,164,156,213,132,77,134,99,162,78,142,194,114,108,99,148,172,137,155,258,143,176,177,209,127,123,288,154,113,152,175,206,145,105,138,109,153,181,133,155,232,191,227,112,139,238,188,158,178,109,104,174,100,80,120,141,174,184,191,108,194,93,337,150,161,125,124,153,120,171,88,116,154,130,127,188,134,108,150,124,105,89,268,165,127,315,170,121,191,78,129,92,99,107,189,210,156,151,150,117,168,121,254,139,124,125,213,174,192,69,121,260,121,195,144,140,59,55,103,119,103,250,75,133,181,226,237,114,1357,344,9084,870,323,99,270,137,146,120,113,105,160,180,81,228,169,290,135,218,304,169,148,103,197,229,150,115,97,105,165,97,107,115,109,147,117,105,133,142,287,124,92,130,89,148,97,118,450,210,168,133,144,146,167,184,124,309,78,215,161,82,171,124,45,73,94,159,68,103,112,108,183,55,705,269,168,201,139,179,98,246,68,172,132,453,129,156,158,109,307,225,701,399,472,293,179,88,187,355,178,110,79,92,182,138,73,236,377,272,88,122,158,162,135,198,183,259,124,130,129,124,154,109,57,85,104,156,136,100,162,137,201,150,116,101,93,143,117,99,103,112,93,123,130,71,231,96,151,127,105,220,268,113,70,79,68,207,147,78,153,54,159,35,123,99,88,187,58,58,133,74,103,125,85,84,101,122,175,72,120,130,53,87,80,74,58,92,123,30,101,118,67,64,150,133,80,75,74,54,111,192,108,139,50,74,97,75,74,63,49,103,55,109,83,82,95,79,74,154,119,168,60,99,66,109,75,169,105,92,115,127,55,154,114,89,60,71,127,114,80,83,84,150,113,89,52,125,86,50,111,151,76,102,67,210,84,114,110,114,99,138,65,172,114,222,166,172,109,59,94,121,83,108,117,145,112,144,88,127,111,121,105,94,79,135,100,118,172,127,113,81,80,81,160,53,93,107,65,185,70,113,99,143,90,97,71,115,74,89,180,163,99,125,67,225,87,155,104,72,49,109,84,82,106,145,83,96,67,67,73,50,125,77,50,139,133,92,182,74,211,79,119,111,125,63,89,159,123,79,138,33,119,76,155,136,63,66,52,157,170,93,111,107,61,140,96,84,116,91,80,103,67,94,92,108,114,92,63,47,87,134,218,132,66,112,123,83,46,37,46,61,43,65,80,84,106,81,164,76,142,114,99,187,91,157,44,176,80,125,62,91,154,38,111,63,66,202,195,78,330,196,358,481,335,186,71,83,77,117,167,40,212,157,50,77,234,74,88,79,46,115,115,40,154,56,79,61,153,162,130,110,68,138,135,143,85,86,106,102,128,122,65,104,46,151,87,161,72,71,70,36,122,132,128,111,169,185,89,105,133,110,121,74,155,169,114,67,80,179,91,32,85,110,125,136,75,106,114,69,116,195,88,124,117,93,105,95,96,105,33,131,92,190,141,146,80,124,87,90,177,106,79,79,135,70,101,113,184,172,61,99,45,159,41,75,172,61,112,44,83,101,39,96,119,69,104,120,273,56,102,79,69,85,69,126,53,63,68,108,153,145,65,61,81,107,85,111,68,139,112,56,88,141,142,58,81,97,123,139,77,120,76,70,134,104,53,102,83,83,41,85,55,98,79,239,36,181,84,142,81,82,99,73,44,97,77,124,43,138,72,99,134,51,105,101,72,120,135,180,80,141,140,48,157,69,157,121,45,35,68,67,80,93,108,138,117,127,57,123,87,63,84,93,64,50,57,47,72,40,133,46,85,71,70,95,114,104,157,102,53,116,71,163,85,72,
65.45,368,242,185,251,402,240,2032,14221,410,307,237,214,349,806,314,2582,399,269,272,254,308,371,1107,261,1366,305,2278,253,228,134,899,161,1775,1103,565,827,219,146,344,1086,320,1340,778,998,551,354,237,457,1381,255,683,458,306,126,419,338,162,330,297,614,494,653,166,177,169,468,237,942,335,487,194,123,277,135,319,246,206,358,285,274,165,280,278,308,202,300,786,262,458,348,208,155,508,255,208,492,364,182,439,203,163,130,265,182,233,226,141,302,264,212,190,495,531,469,261,283,276,237,268,230,439,397,1207,362,335,216,278,241,206,305,291,274,258,385,237,298,267,283,291,244,209,167,367,222,191,220,253,219,294,261,232,520,238,214,213,136,207,244,268,216,471,310,244,277,342,250,257,174,200,230,265,236,155,257,252,189,262,276,356,157,173,273,180,186,183,351,248,342,182,215,249,129,184,175,123,284,340,172,128,590,390,186,299,110,178,473,201,236,2370,580,390,166,215,214,299,204,318,313,187,134,145,195,233,315,211,313,118,245,202,220,183,197,257,130,222,126,205,185,180,92,155,320,174,157,168,207,626,332,282,208,122,152,131,118,284,118,257,248,221,120,162,220,200,193,137,160,146,166,79,391,227,200,168,145,321,160,138,109,133,241,125,313,139,183,157,271,231,285,328,199,170,261,174,191,459,126,314,281,180,159,187,222,174,145,194,147,183,198,167,184,262,199,264,199,284,224,165,169,159,126,143,273,245,206,234,105,183,147,164,321,235,196,225,282,121,232,231,163,156,175,239,284,242,340,181,196,201,112,97,197,149,215,144,304,118,134,171,144,125,231,123,214,211,234,214,132,228,287,190,174,302,148,146,280,189,202,275,181,232,197,212,172,132,199,221,195,161,146,255,177,152,213,175,186,144,117,186,249,164,176,271,205,278,1417,947,13104,1460,401,205,150,176,158,158,126,105,156,127,202,114,139,234,131,276,146,165,189,125,141,128,125,133,187,207,321,168,148,99,166,126,145,254,176,140,136,133,165,144,120,267,266,248,635,199,139,171,141,198,168,232,232,381,295,213,183,180,167,153,216,162,290,230,166,195,134,218,232,136,495,191,311,161,187,180,77,265,135,205,111,441,202,160,163,166,285,406,351,329,760,149,158,159,240,409,188,118,160,118,130,303,145,199,757,329,156,165,126,184,143,148,200,173,194,210,133,219,87,161,144,125,112,195,99,117,112,208,122,104,150,169,111,131,158,120,153,137,126,133,151,102,165,128,214,109,139,148,168,118,107,180,190,125,198,83,183,211,149,172,176,113,138,147,180,148,101,97,140,194,136,80,186,176,90,137,245,146,120,190,156,96,97,53,139,111,157,131,73,90,113,144,101,207,224,159,143,131,145,86,230,85,136,136,94,235,145,153,104,94,153,91,86,85,133,157,129,266,100,193,139,129,108,105,76,114,134,156,139,55,150,135,149,88,197,107,109,116,66,148,191,154,223,100,113,217,167,191,116,88,98,117,190,109,78,166,173,173,94,87,164,145,132,137,145,108,166,153,137,91,88,129,134,147,132,138,217,125,175,129,164,212,133,128,114,151,135,155,119,77,123,158,130,169,180,101,108,107,158,136,219,104,141,135,121,127,116,171,116,84,153,195,113,197,116,109,89,148,102,134,95,129,126,96,90,122,111,76,184,129,87,208,107,122,82,222,117,141,142,121,55,119,119,100,78,142,129,65,118,89,110,104,115,161,92,117,165,129,207,153,185,140,201,80,104,128,112,91,207,103,118,110,206,104,136,127,190,75,89,236,85,139,86,133,140,125,145,149,156,78,126,116,197,88,83,95,129,118,151,190,106,65,149,127,94,192,138,124,107,138,70,86,103,234,271,142,305,189,247,491,578,152,69,101,126,138,155,165,195,201,89,90,102,183,184,169,164,138,139,134,99,142,103,74,155,79,96,105,173,191,115,199,185,170,109,137,201,147,178,79,146,149,120,61,176,109,91,81,90,129,180,160,341,180,138,314,132,116,166,85,145,78,217,63,101,78,122,104,83,150,73,200,140,74,112,127,73,98,107,110,88,84,110,232,87,99,164,127,214,79,114,63,117,106,96,100,78,64,138,102,80,97,112,129,97,127,106,86,129,119,65,114,154,269,96,69,179,55,138,149,144,162,160,259,141,120,266,202,83,110,120,95,103,130,146,72,66,148,107,131,106,146,122,93,191,89,133,123,96,267,151,219,174,74,119,141,138,97,142,191,155,122,110,113,77,124,138,116,148,136,105,70,87,211,135,137,138,225,107,102,149,85,54,92,128,71,167,123,131,104,115,96,126,120,202,163,125,122,107,211,72,77,87,111,130,139,155,93,124,133,96,142,118,140,130,101,113,179,119,174,102,83,168,108,147,155,63,113,117,62,147,141,144,114,113,100,150,111,67,150,170,176,
65.27,367,164,214,252,557,218,2405,14917,330,144,187,250,497,775,135,2873,131,394,134,267,305,426,726,141,1782,237,2855,120,232,361,645,132,1244,803,962,826,611,266,440,579,341,823,1033,720,329,490,286,558,769,169,710,156,244,185,178,214,184,429,262,430,1027,212,110,433,135,117,297,615,466,192,173,146,179,255,128,147,577,155,261,118,103,158,118,181,172,265,372,262,429,284,168,155,171,109,333,279,316,101,205,189,137,165,171,191,429,256,183,253,166,305,155,268,424,288,177,222,248,276,164,171,195,234,680,564,228,239,156,184,229,306,199,207,152,362,251,205,256,169,176,151,266,157,230,226,274,176,214,191,177,272,155,238,189,274,233,185,178,201,180,146,316,159,258,254,135,250,235,346,336,171,586,256,90,150,139,141,160,226,76,289,311,195,187,163,151,164,237,147,229,171,265,108,163,131,133,153,211,228,143,448,279,237,191,316,147,199,160,140,1337,489,140,154,150,108,174,167,159,303,158,120,64,210,136,203,159,99,144,151,243,72,172,109,284,188,160,145,160,126,113,159,373,226,99,187,188,134,677,364,229,187,209,297,178,158,106,173,202,270,111,125,77,143,143,135,100,165,205,101,150,239,151,107,92,73,179,78,87,69,241,95,145,183,243,131,247,162,66,167,141,156,129,113,155,125,315,222,96,171,221,172,190,118,129,99,184,260,155,146,81,219,138,129,105,209,183,156,163,131,174,131,111,218,118,114,142,146,232,160,174,143,79,140,199,124,114,273,106,120,167,209,183,315,117,290,160,93,92,289,102,103,189,139,184,142,111,97,205,104,179,222,117,209,218,97,172,195,84,129,92,143,116,81,106,318,310,89,184,188,296,192,62,122,113,181,218,235,153,86,208,122,94,97,98,125,117,265,147,116,120,106,358,169,306,2197,803,16298,2140,335,168,106,169,64,123,98,172,63,130,94,152,145,131,90,162,205,171,177,137,187,202,87,54,148,98,137,234,67,111,65,76,94,64,149,159,126,110,89,177,159,64,184,142,265,113,156,97,162,184,101,192,229,242,187,61,121,103,191,125,121,137,202,130,107,93,195,75,130,221,619,226,201,166,168,138,97,177,99,325,144,454,132,117,133,225,139,222,527,348,466,283,128,119,88,339,252,72,124,133,171,138,223,282,516,361,109,184,124,100,96,176,152,105,113,113,206,40,67,154,98,111,111,68,79,93,117,105,136,131,58,172,104,138,111,128,204,151,85,89,112,84,195,61,71,47,143,95,91,156,95,129,156,89,133,269,139,175,67,123,106,131,73,88,94,143,123,162,120,131,80,149,153,57,51,112,67,119,64,119,156,92,69,88,190,89,95,59,256,90,71,103,137,88,166,98,67,162,59,216,69,96,124,113,75,45,105,92,128,65,95,125,112,99,92,81,108,73,97,86,125,128,123,87,157,90,153,163,83,78,107,96,169,53,170,184,160,148,97,88,150,130,99,105,102,100,120,76,104,123,99,158,121,113,286,83,74,74,169,83,118,99,115,164,111,147,148,79,87,90,94,105,132,79,159,99,120,88,149,73,106,197,107,107,111,124,113,103,131,83,131,118,59,142,162,111,98,83,148,142,67,99,183,135,116,112,115,104,163,83,89,126,137,114,90,165,68,143,126,109,118,63,53,97,144,80,108,127,75,56,68,89,71,128,91,61,55,49,114,78,57,43,95,177,78,56,53,94,95,100,93,162,120,93,118,119,79,66,44,102,156,85,41,105,148,71,125,141,33,73,61,41,135,102,43,107,108,78,165,130,51,74,134,104,79,132,91,147,152,162,83,82,76,54,82,75,82,61,124,118,116,93,204,198,71,95,69,61,37,78,107,111,61,313,143,116,104,243,101,236,406,309,82,96,89,59,191,133,35,139,124,176,49,151,63,82,126,47,183,56,171,152,148,54,101,51,93,84,126,147,177,107,91,165,172,113,100,80,131,118,99,66,79,44,54,62,91,120,75,127,76,145,230,159,57,66,78,123,117,113,140,171,65,67,145,137,61,42,77,58,86,108,134,195,118,68,27,142,141,126,79,36,92,45,51,51,47,108,125,96,119,64,129,41,118,122,135,121,77,132,78,126,86,120,79,114,76,138,38,52,114,99,65,88,85,109,75,96,92,84,46,53,106,128,174,107,75,104,30,54,54,79,58,63,72,32,198,113,89,61,95,57,113,58,83,64,31,128,62,68,61,43,84,61,51,111,62,80,197,124,265,78,70,177,81,83,78,124,157,157,48,105,93,108,158,90,82,157,107,177,86,76,68,116,103,126,85,131,81,76,59,71,95,67,93,114,123,241,119,99,66,105,60,77,162,81,61,50,69,106,65,54,106,75,117,96,67,183,109,126,59,99,114,91,60,38,75,141,61,54,93,93,206,84,161,126,132,56,63,102,117,141,
65.09,366,248,364,197,476,218,2392,14857,464,201,207,281,491,1087,277,2318,270,455,239,434,243,486,1138,217,1616,277,2168,172,152,420,1054,332,1577,538,681,1288,433,415,297,1175,256,942,1138,993,426,275,495,291,1332,219,860,278,317,251,771,285,587,696,511,401,278,390,201,130,256,174,273,682,601,380,231,138,247,250,204,359,291,307,228,340,110,255,195,383,180,415,429,369,562,283,174,177,299,141,411,450,213,240,182,318,373,309,214,251,251,301,381,387,225,231,165,260,739,306,278,166,360,217,274,227,360,266,1086,291,261,396,333,274,180,222,254,296,210,367,432,323,140,231,182,239,291,169,275,205,349,243,198,173,322,203,186,431,316,278,177,257,364,204,239,267,721,311,303,335,239,187,348,160,189,208,281,326,296,263,183,262,178,217,223,343,157,183,233,273,355,281,125,307,197,156,314,172,292,321,213,233,194,222,231,1039,236,112,200,154,254,236,247,179,2763,519,429,152,219,346,272,175,150,288,228,193,188,293,182,217,113,216,228,119,210,266,279,180,245,334,167,189,102,120,209,264,143,266,199,148,171,190,806,409,379,199,186,174,229,114,224,147,271,197,186,95,100,197,294,237,170,140,217,174,110,216,140,233,165,145,243,246,235,341,322,147,222,142,212,216,199,305,176,192,180,228,209,137,280,306,313,261,237,246,146,264,217,116,224,158,283,173,315,165,287,155,169,212,130,371,189,175,171,146,120,176,203,163,164,164,192,107,193,218,181,129,264,185,289,297,129,222,119,185,140,186,242,251,223,419,251,106,119,168,174,166,232,223,196,161,159,313,161,142,197,261,231,197,137,128,202,200,209,187,181,192,299,124,199,194,132,114,202,149,226,268,287,227,131,131,169,152,129,151,169,168,138,111,207,219,145,246,148,191,182,194,326,224,158,2027,911,17783,2715,517,147,161,119,182,152,76,206,214,222,100,132,167,246,186,225,136,143,187,165,137,136,180,60,151,229,294,119,183,166,167,140,102,137,259,282,130,132,166,230,116,257,193,148,258,315,173,256,124,163,163,246,150,162,250,202,73,223,183,173,158,247,190,173,155,164,231,241,159,247,368,352,178,141,161,131,195,251,159,272,206,508,168,127,222,271,288,276,402,315,1006,244,291,173,277,665,313,145,249,190,183,250,196,501,485,500,147,180,143,152,210,148,117,187,181,155,149,129,121,218,74,133,186,149,119,186,171,153,143,190,233,171,234,149,182,186,185,125,192,185,125,125,182,134,188,122,134,193,84,100,173,257,166,125,153,70,130,69,118,155,197,154,133,140,184,116,242,77,189,142,186,142,127,145,95,128,82,140,208,154,184,96,125,176,145,128,184,222,213,213,69,102,74,155,121,187,164,112,97,192,139,120,156,104,99,322,273,99,144,80,129,108,170,340,118,137,193,129,180,127,54,123,152,166,125,89,123,112,120,135,112,131,183,168,152,115,202,214,147,219,166,154,114,121,168,151,118,102,235,111,335,151,113,120,127,138,135,92,86,158,201,115,141,211,137,123,190,170,140,143,107,136,152,154,191,183,144,101,166,228,128,104,150,231,75,125,136,200,138,139,112,105,181,172,178,125,109,150,81,121,137,191,103,62,205,113,129,161,229,151,135,186,47,124,103,92,167,115,169,86,91,141,144,137,160,169,104,214,136,77,100,107,161,141,69,84,101,156,94,111,85,100,103,141,132,56,131,125,109,143,98,113,74,70,133,107,85,118,218,112,90,174,77,89,111,83,112,126,154,129,110,163,139,85,112,147,180,95,191,110,98,173,100,130,201,101,93,242,140,186,134,150,163,118,162,208,82,111,170,122,298,98,242,224,141,145,146,119,164,119,97,113,114,185,137,148,164,112,184,394,353,114,143,150,136,176,99,152,98,113,103,212,108,160,44,142,144,160,78,105,120,125,109,108,147,138,81,101,251,160,133,159,166,152,178,105,79,182,135,104,100,129,136,99,83,120,162,59,101,142,141,108,197,147,77,134,115,83,84,160,71,104,49,68,149,160,52,148,66,118,120,81,97,102,81,67,85,88,137,155,137,90,108,122,99,101,133,174,95,59,138,245,94,109,91,93,74,108,82,57,116,173,150,157,64,104,71,193,139,107,92,97,232,74,103,287,93,125,167,117,119,92,81,131,142,121,105,154,113,94,187,126,136,112,142,136,104,93,95,119,98,141,93,141,75,130,98,76,117,111,131,94,109,234,132,111,153,143,95,108,147,151,103,152,112,133,111,123,103,95,85,72,121,96,82,128,66,162,140,90,149,109,113,108,154,163,204,161,127,99,106,75,100,116,128,143,192,94,98,172,84,144,146,99,211,103,85,99,133,130,172,150,106,130,139,102,125,71,98,81,126,168,190,101,179,87,88,133,120,66,202,114,110,124,72,113,84,165,90,106,125,64,
64.92,365,161,209,201,271,303,1886,16934,403,263,212,127,415,1074,187,2154,182,326,248,138,343,482,863,311,1996,147,1852,149,231,552,719,315,1243,749,614,423,186,251,133,723,132,612,665,397,300,267,210,353,1194,149,841,231,85,97,511,139,400,356,342,635,678,411,108,108,297,406,295,653,410,393,224,181,127,205,212,110,437,264,356,274,280,178,259,310,145,432,281,202,707,373,267,213,441,179,271,220,307,222,205,169,141,199,134,152,214,355,203,262,166,166,205,200,411,247,175,168,255,304,203,145,222,222,1245,297,248,183,234,246,218,221,214,314,218,216,280,166,233,271,174,218,319,183,274,245,277,188,105,277,384,175,155,310,231,195,210,177,186,174,176,205,397,186,191,141,328,150,148,137,293,488,163,171,102,162,165,264,137,153,267,192,150,126,208,98,203,301,142,114,141,198,211,190,172,125,171,280,256,170,181,604,171,140,117,236,120,167,275,150,1613,490,164,97,88,208,207,149,107,95,78,138,110,118,172,289,93,270,171,101,149,88,171,195,268,126,216,130,94,95,129,167,149,137,140,101,354,107,396,297,243,195,170,96,114,234,120,170,205,326,120,185,120,186,87,417,138,200,192,222,239,100,116,87,101,196,103,76,133,110,200,130,130,177,161,212,312,180,184,123,172,118,92,157,127,177,194,375,315,156,133,79,235,186,126,198,154,102,119,158,214,159,184,111,174,227,324,139,117,78,155,176,318,98,237,117,127,82,181,178,203,157,122,167,163,142,103,301,149,264,96,277,181,216,354,271,210,133,116,78,197,176,186,113,177,144,90,108,105,135,202,133,198,158,153,235,83,84,79,158,129,182,201,122,95,118,133,133,136,243,101,213,172,149,69,198,136,95,159,184,275,278,134,86,105,100,152,144,122,74,252,78,320,182,335,1807,780,17700,2331,233,143,114,167,116,235,136,271,69,225,84,94,130,319,108,198,193,133,214,163,138,96,138,28,184,105,263,197,165,144,131,96,101,172,80,192,139,89,75,116,139,190,99,286,248,77,139,107,154,99,153,165,91,278,104,100,79,149,195,177,116,90,131,184,67,196,140,194,304,211,229,210,202,148,145,156,161,319,85,278,210,421,61,174,135,199,270,282,307,250,635,166,146,191,172,487,332,147,152,171,102,147,147,542,647,285,120,179,123,90,61,87,184,76,206,119,144,123,176,153,56,157,192,125,136,116,158,95,197,99,116,225,75,193,293,38,130,129,83,124,140,79,174,133,206,80,94,87,151,81,55,134,88,119,68,75,157,83,84,158,244,79,189,107,111,81,91,108,153,89,269,257,128,86,126,118,124,130,140,123,128,52,117,80,94,88,193,44,96,157,204,118,98,96,72,99,124,174,78,88,88,212,58,73,178,113,160,134,127,113,129,89,79,106,134,97,156,138,204,77,113,96,122,78,122,109,181,140,72,71,161,89,91,120,103,76,139,153,115,91,67,126,89,83,120,92,151,93,48,112,182,112,76,92,179,195,91,108,71,96,104,218,149,150,176,157,96,268,127,52,159,101,156,160,110,83,155,109,131,144,121,120,89,133,74,158,114,125,83,119,83,132,93,130,48,94,139,91,113,135,95,61,128,103,155,89,208,96,111,150,87,61,81,145,52,60,40,114,68,101,133,102,96,63,163,100,119,102,166,128,47,66,95,38,58,125,69,62,97,171,95,68,324,89,189,151,46,45,43,188,122,54,101,83,119,93,84,116,111,168,82,103,134,166,133,140,86,96,49,119,98,174,79,91,139,122,95,67,91,132,106,59,97,132,72,45,77,114,49,87,75,253,85,59,105,56,82,91,94,65,77,58,71,107,158,91,128,86,128,192,141,95,50,203,159,84,238,135,143,370,310,132,123,114,97,76,107,96,155,96,55,171,95,48,148,109,53,146,61,89,148,82,160,86,109,104,98,95,96,52,116,80,92,56,66,68,77,107,118,72,41,181,109,123,58,117,62,74,80,94,111,92,156,128,108,52,167,201,125,89,94,59,148,65,50,57,45,102,73,82,99,114,72,137,117,84,80,126,80,75,88,111,98,137,33,123,212,87,137,82,119,64,47,125,89,108,106,53,189,103,118,180,150,44,84,48,109,54,110,99,38,144,57,102,108,85,59,64,36,75,71,134,215,175,190,66,79,73,59,112,37,106,63,94,59,62,93,53,72,63,182,75,113,140,113,77,59,102,84,89,147,100,84,157,109,68,101,155,146,209,129,143,91,110,140,72,142,131,80,90,71,67,161,184,153,92,62,101,241,117,104,136,118,66,85,101,101,163,97,114,125,119,71,170,91,149,110,107,128,53,140,95,39,47,71,69,148,76,63,88,125,84,126,165,122,106,187,69,90,77,79,96,140,91,89,93,231,58,90,46,71,76,144,51,94,148,107,83,93,85,52,129,
64.74,364,203,221,266,535,243,2979,18070,680,218,169,261,496,1488,190,1951,456,267,157,184,369,601,1097,223,2557,144,2250,148,261,281,1361,292,1529,764,564,1185,229,236,563,1203,183,999,875,1060,347,453,167,364,1381,305,651,376,180,163,648,267,240,430,273,438,771,521,137,187,380,235,196,1060,373,795,308,212,165,422,457,201,403,356,313,629,217,217,133,385,163,407,302,512,555,263,348,169,241,168,665,352,422,212,326,203,353,251,244,267,498,403,251,313,240,359,222,277,467,389,319,192,385,294,318,235,240,361,1130,438,461,278,313,191,240,216,323,449,227,243,224,267,222,231,241,284,232,341,212,262,349,237,183,289,265,291,182,415,182,500,257,256,289,283,276,337,281,344,198,191,258,152,181,297,224,178,315,202,162,208,154,229,434,332,246,182,234,177,142,226,281,259,218,228,361,307,165,214,212,173,261,273,219,190,379,659,309,273,118,252,448,239,359,160,1905,831,239,151,137,266,206,262,141,172,164,180,148,144,187,344,145,178,162,335,266,209,209,180,306,170,253,208,224,181,248,222,205,263,162,157,133,226,751,467,257,190,153,218,220,298,165,166,212,183,180,197,210,190,210,135,130,169,139,251,116,230,271,346,115,150,231,241,241,243,189,204,367,221,203,217,273,277,204,398,180,243,168,156,249,196,255,254,223,110,181,137,270,150,220,185,381,255,187,241,174,191,122,229,232,158,313,177,186,202,179,218,191,136,197,257,147,157,210,168,234,358,142,175,215,155,175,139,192,191,134,188,152,398,249,273,133,144,151,204,179,226,168,121,147,156,215,173,183,183,163,176,259,283,205,207,163,71,127,221,221,124,225,153,176,180,215,135,194,135,159,257,154,235,236,153,126,198,155,229,396,173,130,244,138,155,155,177,130,185,104,181,164,297,142,1357,977,17957,2258,445,279,187,147,195,123,173,207,157,292,99,261,179,248,164,507,124,134,149,102,163,114,152,113,139,139,606,231,118,285,214,209,160,244,147,136,257,154,129,199,185,135,214,116,176,162,260,128,172,176,132,209,153,356,285,263,125,217,245,162,136,194,167,194,177,121,186,216,182,155,255,263,339,246,118,130,137,212,234,258,233,503,266,214,268,268,225,171,511,196,1322,99,255,112,317,518,270,145,233,152,78,182,316,334,868,330,149,139,337,172,153,185,196,259,176,175,120,160,209,132,147,131,148,153,223,205,107,120,192,189,158,246,99,210,142,137,126,264,294,96,118,234,133,169,202,162,132,187,176,239,132,159,141,139,204,76,110,192,127,195,182,102,101,78,119,155,168,209,144,226,201,154,156,153,54,147,159,196,243,134,95,261,225,167,155,158,208,175,156,110,181,71,91,180,111,171,239,183,141,201,114,244,138,242,151,124,128,120,156,122,151,163,120,353,249,145,116,208,154,101,128,57,143,173,153,104,139,176,145,74,84,168,241,128,219,199,250,161,121,138,159,185,169,194,130,124,159,221,113,137,167,131,151,126,115,119,155,160,159,128,131,244,166,160,88,98,87,201,78,113,161,200,132,158,193,66,135,161,222,110,110,145,145,121,130,123,89,126,78,132,143,111,108,95,130,143,150,114,103,142,138,319,191,117,162,94,92,139,115,241,102,129,109,73,164,114,65,113,156,180,110,91,139,111,224,117,128,222,107,158,149,183,92,90,153,86,106,126,107,190,118,137,147,113,79,114,83,128,92,116,110,198,127,153,91,197,105,111,118,139,54,119,141,107,86,88,106,122,162,141,76,87,156,82,102,177,113,138,160,122,291,142,50,161,97,184,116,93,133,151,99,141,73,96,171,109,174,187,84,124,161,151,113,174,300,122,118,128,140,117,140,99,184,206,153,130,212,126,99,279,252,240,94,160,95,145,101,98,121,139,176,133,108,156,103,105,94,149,277,93,142,114,122,167,111,148,83,134,73,141,176,101,132,160,84,120,161,108,123,76,143,122,140,108,219,238,169,138,148,102,141,94,117,219,86,103,90,74,94,160,153,111,74,89,80,115,81,73,328,134,100,171,130,75,76,77,129,67,134,148,120,96,91,78,104,120,148,156,207,108,83,134,130,144,169,191,67,154,201,156,63,90,84,116,78,81,124,115,73,152,158,97,89,124,195,97,87,62,88,103,196,199,115,121,93,59,199,169,110,158,129,138,93,110,187,191,138,151,184,103,154,118,135,151,95,173,124,212,117,168,109,94,181,103,169,137,88,122,217,117,274,98,129,77,135,144,123,114,160,210,115,95,112,106,190,127,144,149,118,139,255,141,76,124,122,153,127,105,170,107,121,117,131,87,74,288,175,140,130,150,110,198,147,145,110,138,216,114,73,172,183,134,98,96,233,69,161,143,104,148,84,78,42,233,122,75,96,90,117,160,156,129,341,146,108,127,132,159,102,144,116,141,
64.56,363,131,147,212,754,197,2584,16575,320,293,148,190,317,589,205,3141,163,250,172,146,289,323,757,187,1259,271,2065,145,272,443,1464,197,1475,943,433,749,252,260,123,604,212,741,1070,147,234,299,224,385,1875,136,639,456,161,113,932,192,276,428,135,785,772,233,157,203,197,204,502,1072,297,215,196,123,291,226,290,233,356,154,493,200,124,163,166,265,247,257,470,311,603,843,285,152,250,158,715,441,222,165,296,367,227,271,170,209,291,383,161,270,243,164,225,284,428,193,216,237,242,177,289,172,185,229,806,343,252,237,154,188,182,244,427,222,153,171,199,285,311,245,169,123,280,145,269,186,158,175,216,217,153,261,137,874,232,134,166,179,118,252,96,127,248,219,208,156,182,168,271,87,170,270,246,215,145,196,121,302,149,153,186,281,202,121,175,201,196,122,195,76,155,249,243,148,203,177,244,173,245,171,181,419,345,227,84,210,170,68,151,150,1459,745,201,90,209,164,142,171,141,130,198,136,68,121,127,228,177,191,67,57,228,153,162,134,259,112,209,91,277,198,113,105,206,248,107,163,116,191,875,330,287,168,181,111,97,144,111,109,186,215,244,143,143,187,225,201,220,418,219,201,162,219,153,152,259,140,161,120,177,149,192,143,178,193,228,174,172,157,178,163,152,121,175,170,137,268,243,140,239,142,209,89,150,153,208,144,136,252,155,194,215,122,134,190,172,142,136,104,95,178,170,246,139,112,179,231,91,194,115,149,213,122,160,88,152,123,159,104,228,175,106,131,196,216,232,193,229,119,115,107,375,225,186,207,92,80,152,186,127,180,150,226,249,166,149,153,91,119,79,198,164,121,113,128,138,202,179,84,159,141,182,77,163,206,44,157,200,103,255,141,223,244,97,131,206,171,121,129,141,109,152,131,235,190,81,1078,557,16127,1618,305,129,74,95,87,164,232,153,182,157,183,154,116,179,195,220,166,172,139,97,157,60,114,103,180,103,467,92,130,89,112,149,97,163,154,184,253,136,128,93,228,109,211,104,256,270,225,68,153,222,94,176,116,163,86,132,57,197,115,259,51,203,93,128,113,126,110,172,273,185,178,131,284,132,74,97,107,296,113,301,180,285,175,154,227,168,326,234,477,364,474,327,149,107,326,352,254,176,225,225,105,155,81,203,620,277,87,182,133,277,125,149,145,45,161,139,107,93,202,125,152,170,104,175,154,99,115,195,67,116,121,167,99,237,100,116,114,95,104,149,55,130,68,96,143,199,136,176,109,81,92,134,115,226,158,135,103,88,142,144,114,108,193,68,127,123,199,116,195,237,234,138,159,171,115,48,92,137,98,194,82,153,150,75,75,131,388,129,173,138,88,182,173,111,109,63,108,122,109,178,251,265,230,78,112,218,112,181,80,52,122,85,115,323,149,176,131,81,109,234,124,109,139,105,153,89,176,139,174,159,137,87,55,105,128,245,136,73,147,91,90,156,92,191,94,210,96,133,58,123,84,96,101,130,124,62,97,33,123,143,101,127,103,79,130,116,136,117,66,80,164,121,140,156,81,56,127,105,104,149,105,119,75,75,93,92,93,97,128,116,78,83,42,122,141,93,241,91,73,99,192,112,60,98,106,221,58,79,110,128,63,100,51,61,92,132,54,200,81,163,96,122,93,83,78,137,125,108,206,82,168,160,57,158,191,153,175,126,80,164,80,174,86,82,81,120,183,94,163,52,81,82,78,73,71,125,168,76,96,124,108,115,63,86,150,79,58,104,63,50,119,120,117,80,82,120,60,153,68,154,160,68,223,96,53,94,186,117,104,71,111,113,91,90,108,47,98,143,157,107,163,99,153,109,80,336,218,99,98,90,119,111,67,107,127,121,187,80,135,116,119,52,149,48,87,127,60,118,111,90,66,102,53,97,53,71,139,72,96,160,97,106,133,55,99,57,131,131,89,63,102,180,102,90,121,105,60,64,57,120,56,59,77,104,40,70,94,138,87,191,70,105,160,107,59,73,105,48,128,33,81,70,117,78,60,52,79,77,76,78,133,84,75,108,141,68,58,48,123,28,79,80,56,62,51,98,122,55,147,68,66,48,110,100,68,78,52,76,68,60,84,51,119,89,98,95,133,81,58,52,75,95,60,74,77,185,73,90,101,48,87,134,81,217,94,108,101,140,65,161,96,66,145,75,109,77,90,119,93,91,93,103,81,107,74,46,117,91,81,182,103,95,81,51,108,116,132,236,156,113,228,172,86,77,137,140,104,129,108,107,121,160,92,181,115,77,101,119,191,105,99,101,72,56,73,109,67,131,65,73,34,101,124,98,129,88,99,150,106,110,84,110,156,170,58,78,77,110,91,98,71,66,194,66,115,83,97,107,107,63,128,138,119,127,85,73,79,56,85,103,117,249,84,137,91,85,112,143,153,121,158,114,
64.38,362,273,276,319,509,210,3041,18554,551,222,198,301,321,783,248,2605,463,199,186,179,164,748,1149,243,1668,198,2644,225,204,302,1338,265,1887,1195,666,1537,891,227,232,1859,260,1116,1076,910,528,529,275,785,1826,320,548,538,529,181,629,180,348,1164,308,340,473,401,181,340,187,364,247,1416,516,437,165,208,318,376,386,348,328,215,392,376,160,206,468,384,191,345,436,398,521,432,328,210,234,233,409,298,298,311,261,266,235,292,347,252,418,554,375,262,273,158,270,318,464,234,291,215,544,284,247,203,325,301,1550,435,368,263,259,350,216,189,250,264,301,360,411,229,160,212,319,263,360,206,262,287,454,172,195,249,238,256,282,693,225,208,175,262,157,225,241,184,634,182,267,172,228,317,151,243,247,273,213,261,168,120,227,183,218,235,119,271,199,191,154,151,207,204,208,151,252,205,263,194,124,274,102,232,254,239,133,825,328,309,161,189,235,200,151,175,1522,802,523,227,264,209,291,231,195,321,169,189,152,205,285,231,183,216,152,182,225,147,150,189,123,103,169,195,292,353,387,156,213,314,210,160,165,233,1302,559,344,224,230,141,182,253,146,161,188,483,258,197,221,553,173,138,148,232,250,225,152,214,170,236,227,192,254,194,139,193,296,243,260,119,270,226,124,203,239,163,210,188,128,215,200,260,475,616,251,164,234,222,229,186,185,106,258,169,204,193,280,159,172,169,137,245,265,272,219,155,327,171,183,153,333,238,318,198,203,188,229,124,188,127,198,253,171,204,204,146,145,160,197,269,203,293,160,207,148,167,227,154,333,177,167,155,135,144,192,249,192,241,209,219,213,157,269,132,191,167,172,142,176,130,214,131,131,232,202,185,200,226,367,183,171,152,150,174,140,299,298,203,147,128,204,170,235,205,218,230,167,283,353,171,136,1797,727,15484,2238,715,160,126,128,143,211,142,166,150,104,146,188,320,182,244,272,132,199,182,153,144,113,261,147,247,205,233,233,167,245,203,226,133,219,158,249,160,194,154,138,236,148,245,144,194,205,160,168,166,249,189,279,257,297,188,206,281,203,195,194,195,196,196,328,153,162,304,192,207,221,237,398,275,343,183,178,166,272,204,369,215,610,156,182,354,212,323,287,571,253,1034,537,289,244,228,540,340,209,284,193,136,156,193,456,491,216,83,201,163,242,346,186,202,181,177,158,195,109,188,84,112,198,170,186,155,181,146,155,161,213,136,180,135,183,180,114,262,194,145,132,148,220,287,177,322,107,251,162,179,144,176,187,242,206,137,119,190,194,126,91,159,188,236,244,198,240,406,133,173,218,165,215,153,123,129,303,112,111,183,123,173,181,206,129,141,236,350,165,219,124,189,118,107,108,174,149,152,203,127,187,165,231,185,138,300,158,211,118,197,148,101,123,157,178,204,181,125,175,125,184,187,193,252,179,126,258,181,123,100,64,128,186,139,154,136,161,200,82,133,104,103,123,145,186,194,181,177,111,174,157,142,158,200,139,111,140,147,139,162,156,198,106,175,213,89,135,121,132,95,182,214,124,207,122,231,173,177,92,181,104,112,170,120,180,125,134,133,178,119,102,144,106,84,147,147,162,83,153,153,128,106,116,176,178,141,182,129,185,135,148,167,175,138,103,78,114,217,182,114,90,139,128,146,213,139,126,111,143,166,106,90,170,125,147,161,165,67,124,139,160,277,141,225,178,105,137,170,94,149,261,114,83,174,148,75,107,108,137,94,135,114,87,114,270,56,84,100,169,165,143,157,142,118,111,96,163,114,121,107,192,168,114,146,104,120,162,172,147,122,189,168,139,115,171,154,105,160,235,204,107,174,202,174,168,122,198,165,79,121,139,100,104,71,155,153,178,174,101,126,196,214,135,133,254,160,124,125,112,59,162,114,74,137,123,102,119,124,157,186,137,75,107,119,109,193,129,109,112,81,74,103,129,200,122,100,123,89,129,147,140,185,184,179,145,155,95,106,125,119,97,81,161,159,192,76,68,63,122,170,96,62,300,112,138,127,124,183,125,132,107,103,117,116,92,83,102,165,61,101,160,98,101,85,121,81,117,213,127,105,154,128,138,136,91,129,174,166,122,96,84,202,117,199,274,140,146,144,122,151,94,91,148,83,224,175,130,107,92,132,190,110,188,169,226,170,183,273,136,157,78,237,112,157,85,132,168,201,92,136,134,125,112,187,98,98,159,160,132,97,132,61,227,181,151,164,117,128,170,207,140,208,309,135,87,176,129,82,119,122,303,110,133,172,107,134,144,137,143,117,157,143,65,151,116,143,148,114,108,134,129,159,111,92,147,170,123,83,287,165,137,116,61,126,137,127,111,127,134,165,165,80,244,115,115,94,101,219,135,66,82,90,59,109,119,166,130,104,89,138,95,165,133,172,100,106,98,127,126,96,122,134,75,
64.2,361,137,284,220,634,202,2075,18495,594,214,203,213,271,1021,204,2086,159,187,323,165,194,700,710,180,1422,315,1714,207,173,126,1493,199,1868,961,733,931,894,286,199,745,260,1556,709,1260,283,752,211,234,1156,229,374,253,211,65,508,97,106,863,129,433,768,664,150,96,140,133,171,1360,290,269,195,156,207,172,186,114,597,253,161,376,120,295,260,226,160,417,582,318,669,558,180,213,150,188,411,293,328,234,430,269,243,246,422,286,434,330,225,203,220,303,382,258,509,363,280,227,295,198,279,190,178,324,1317,608,242,349,211,254,233,220,143,213,250,222,172,180,213,98,189,231,200,269,307,324,212,176,166,174,287,181,188,190,339,183,351,202,202,159,221,103,638,194,150,161,301,143,185,80,164,149,295,159,180,171,169,162,161,156,178,140,165,179,203,211,192,183,227,254,212,167,157,227,193,183,179,157,235,125,289,1294,204,227,128,285,182,210,163,91,723,564,180,188,155,176,161,222,57,121,126,153,67,197,253,128,54,184,145,183,192,167,131,161,156,89,160,91,79,150,195,143,167,182,170,146,178,172,800,366,136,113,103,68,128,196,183,95,144,773,146,178,179,84,170,176,172,249,151,425,94,161,203,168,109,224,154,142,183,213,161,137,185,163,203,196,303,173,175,299,210,80,289,213,124,153,297,181,340,124,156,140,235,198,96,107,233,137,93,210,225,104,182,162,114,140,148,243,170,165,86,161,140,62,120,148,219,156,175,107,104,133,132,93,211,268,108,132,174,255,194,191,196,163,111,165,133,151,161,116,126,99,162,157,137,182,110,194,73,248,109,255,260,263,137,130,139,101,309,138,138,209,185,72,192,112,97,194,168,306,120,195,93,102,208,161,126,129,125,275,340,246,238,151,66,175,192,66,186,195,188,220,269,300,105,1098,262,11854,1488,387,211,88,95,88,74,172,167,158,126,70,197,175,115,117,255,174,148,97,73,138,140,91,120,258,191,316,151,99,155,155,99,124,109,145,136,117,166,228,163,152,236,192,130,172,239,229,63,144,134,130,128,280,212,243,118,163,112,116,101,189,126,147,156,177,102,136,109,350,113,174,243,391,159,104,105,152,301,164,271,248,564,162,236,216,184,135,194,705,259,1055,140,100,127,343,749,262,109,142,262,139,125,283,400,851,365,117,91,77,173,175,132,198,122,219,133,170,130,125,124,92,108,112,134,97,187,115,139,103,128,78,229,137,240,187,191,103,138,89,146,148,157,136,169,136,286,228,162,138,145,143,226,192,169,68,128,136,142,70,99,227,173,202,183,150,134,237,110,175,315,194,107,136,116,89,112,109,215,69,232,265,118,197,113,120,105,437,206,127,105,161,110,74,156,117,88,120,164,76,98,158,184,153,107,136,125,182,145,101,122,89,95,154,142,99,104,158,118,207,104,119,127,71,136,155,54,83,112,162,155,155,91,133,106,157,154,162,127,109,81,86,133,135,116,118,118,80,85,168,86,72,94,252,104,128,52,79,130,110,194,115,125,169,99,101,127,57,50,44,109,113,102,86,91,143,88,188,115,127,125,133,92,93,97,93,75,75,60,163,71,53,111,66,53,79,130,125,184,63,56,191,177,76,103,132,112,212,56,142,88,43,81,56,122,126,141,142,189,82,41,157,120,125,86,97,149,156,125,190,97,87,72,69,94,144,116,78,89,86,136,109,107,139,80,69,61,100,33,93,75,64,96,191,85,127,119,97,105,129,138,105,162,33,81,173,163,201,45,97,92,157,119,241,130,67,83,122,106,76,158,88,92,71,128,155,111,111,169,150,146,122,188,84,121,76,84,161,113,115,109,78,71,157,130,85,99,95,130,201,97,105,156,205,204,98,159,108,93,107,215,69,93,57,128,73,128,47,72,52,132,84,119,127,93,95,78,125,114,64,62,89,126,133,57,240,71,160,128,64,105,97,73,70,115,60,62,34,114,40,218,35,65,62,75,73,29,60,81,65,73,152,49,125,109,136,115,117,173,36,98,82,129,91,86,30,68,101,93,71,99,120,57,209,68,126,53,193,128,128,33,75,73,92,82,69,50,143,105,128,54,199,149,59,51,90,157,130,74,62,102,74,137,93,101,69,156,73,99,136,125,115,48,86,131,143,107,121,352,129,84,76,150,73,388,248,79,138,196,101,122,84,60,75,128,100,98,69,171,137,112,111,135,80,130,68,147,106,65,124,154,237,137,130,170,83,170,129,105,172,78,212,148,131,61,153,100,172,69,114,121,74,60,119,163,194,88,150,105,126,94,82,86,102,97,80,150,65,84,151,90,89,147,112,155,125,113,156,118,134,105,94,75,69,118,64,142,146,78,112,95,65,159,106,92,123,74,146,61,65,200,84,169,69,108,96,48,102,73,226,114,89,78,152,126,110,115,158,107,80,73,86,109,
64.03,360,217,317,216,942,205,3216,20298,639,368,359,186,280,1586,181,3026,348,330,196,371,183,374,1253,275,2484,223,3203,293,276,301,1423,343,1617,1700,964,1828,534,244,408,1304,349,1506,783,508,517,366,303,682,2016,333,466,525,362,237,919,308,263,638,179,470,463,391,150,341,346,943,224,1257,491,607,328,290,209,280,542,302,553,352,483,515,234,300,247,274,231,485,1072,561,1473,728,210,411,383,224,449,543,401,273,359,362,279,335,276,539,441,539,299,462,251,267,250,258,847,315,254,328,271,296,225,233,356,272,1556,390,426,273,271,248,186,360,201,517,239,207,341,336,289,168,229,234,324,230,356,231,316,212,243,269,231,246,259,497,414,229,184,248,238,246,427,286,407,208,254,177,224,214,338,139,214,327,413,265,115,172,273,323,123,386,363,312,130,232,194,111,190,204,153,223,272,213,253,238,320,347,212,228,258,177,177,1406,495,228,134,219,282,298,169,180,1104,1012,420,183,259,112,188,240,231,156,222,203,135,209,265,354,110,174,98,140,165,143,222,150,318,158,180,174,187,181,163,351,302,230,201,175,217,231,723,545,360,215,179,147,236,188,140,137,324,429,169,165,264,179,231,217,163,421,298,249,152,151,217,256,146,236,240,320,182,173,226,193,186,154,298,233,159,177,217,309,197,239,242,184,172,169,528,224,230,210,283,173,144,264,151,200,212,187,249,157,173,157,205,224,140,236,371,192,143,202,131,185,223,155,235,170,309,252,403,139,244,158,130,213,172,161,118,140,217,234,264,294,216,315,186,264,272,321,179,183,192,168,233,121,146,262,175,164,188,174,211,412,341,263,211,188,124,123,175,156,184,226,226,174,207,143,150,89,212,94,245,269,234,231,196,253,208,158,206,186,599,267,253,135,202,176,186,151,210,167,174,211,560,244,184,609,464,10213,1372,278,152,175,244,149,99,237,219,165,121,194,136,113,214,88,179,179,226,91,117,152,190,154,139,207,213,251,140,165,212,137,149,147,207,278,200,235,184,140,204,215,131,206,195,255,185,176,200,167,201,134,310,231,250,236,311,122,137,160,185,219,154,191,161,97,194,210,307,208,224,319,417,474,222,158,296,195,171,220,288,159,600,125,182,233,297,313,225,581,170,724,504,216,134,415,747,316,115,340,138,280,192,204,390,736,460,203,264,119,199,207,187,225,311,267,188,129,134,115,219,98,74,96,152,241,174,156,187,201,115,117,214,144,364,149,131,139,157,122,154,250,152,246,235,172,225,173,524,288,200,158,456,211,200,141,207,266,155,209,142,190,205,216,151,214,243,176,139,299,491,252,132,125,183,169,139,141,230,214,213,264,292,340,253,273,345,447,160,125,183,134,251,181,161,154,161,118,189,143,244,152,233,168,217,166,105,196,176,126,172,272,157,92,164,154,153,166,152,222,237,211,120,145,171,147,163,144,135,122,109,102,104,226,150,155,174,136,190,180,293,159,202,146,213,143,132,101,222,75,204,125,124,141,153,118,90,140,177,137,158,192,195,110,113,173,205,94,195,158,120,69,150,109,129,205,149,85,167,110,125,334,119,135,135,100,116,109,151,176,124,160,153,150,133,117,101,125,109,181,125,173,90,157,162,87,129,101,140,141,258,132,163,95,112,140,162,172,115,160,304,144,122,89,144,100,141,90,205,146,104,114,204,207,144,123,119,193,179,151,123,125,135,198,122,141,156,200,158,111,107,158,138,120,74,148,120,111,98,169,81,175,182,129,156,173,181,102,82,119,116,100,73,149,103,165,101,180,188,210,127,76,174,243,145,77,111,85,215,104,140,197,111,120,157,110,178,222,100,249,153,141,76,235,333,86,130,131,122,94,150,161,131,95,136,142,158,85,104,201,157,192,75,115,122,102,95,282,95,139,139,89,144,127,123,137,119,192,119,87,103,98,152,112,89,120,137,91,122,109,134,94,119,84,91,76,74,104,145,98,91,100,101,73,110,64,107,104,87,69,79,122,169,101,103,118,158,96,93,81,102,102,96,142,161,147,154,58,198,143,198,208,85,93,110,88,120,174,69,202,93,120,113,305,76,109,74,104,238,117,112,137,143,150,83,130,161,99,108,155,51,68,153,150,157,92,84,174,130,123,134,114,183,111,176,112,103,64,209,70,121,121,147,200,287,341,166,215,163,75,217,158,111,160,148,153,205,108,165,119,153,105,126,114,155,141,101,73,193,167,129,104,156,139,178,176,222,169,154,276,138,381,252,161,141,143,126,125,104,105,169,146,123,219,138,105,105,137,128,180,162,177,123,65,109,111,76,114,76,190,106,146,178,238,207,155,209,131,186,106,129,220,174,106,119,129,186,111,159,111,97,189,180,182,188,139,154,86,99,201,110,181,196,101,159,129,128,130,196,90,161,141,89,156,118,90,108,221,117,82,351,119,87,
63.85,359,185,361,182,469,239,3170,21486,368,235,212,203,250,591,126,2217,206,556,189,272,174,826,699,294,1996,247,3563,211,296,239,931,179,1709,1068,966,1246,886,211,294,1781,243,910,955,827,519,499,177,676,2197,490,677,613,265,79,506,256,125,747,233,459,234,165,128,111,136,153,249,767,256,579,544,169,201,184,313,207,309,233,340,353,173,255,133,262,209,354,512,379,737,476,225,249,244,153,599,248,283,283,228,220,224,347,249,368,284,337,225,360,273,302,245,315,1033,319,229,248,246,233,200,144,337,342,1312,320,327,266,168,182,167,282,179,300,303,378,156,239,339,256,209,220,173,295,185,259,282,128,201,193,208,268,232,743,257,174,137,232,171,329,115,245,545,293,233,143,176,136,267,166,150,241,302,270,204,235,136,103,226,188,217,282,183,120,147,83,269,209,139,269,144,184,263,126,185,242,159,221,270,184,157,1188,448,160,297,303,171,291,275,168,541,984,342,116,154,167,231,160,124,70,240,174,168,130,147,243,139,83,207,210,97,88,176,169,213,293,181,177,180,156,135,186,237,98,155,221,122,160,839,702,316,136,175,240,163,158,135,125,277,410,307,240,290,252,166,137,107,150,216,134,111,315,110,167,221,150,253,121,130,226,164,193,199,158,284,150,127,184,141,210,273,192,160,104,236,259,287,317,297,108,146,103,316,294,136,132,260,212,215,104,110,123,185,255,168,217,79,221,96,210,239,110,163,159,190,148,251,142,183,167,126,160,271,205,141,195,185,124,177,120,255,89,303,146,142,398,218,148,104,210,124,132,195,169,115,124,112,86,175,179,215,210,108,585,100,88,208,142,133,182,125,263,119,196,147,142,155,268,285,88,219,356,120,166,130,205,139,167,100,189,355,147,118,114,230,113,212,107,157,118,90,123,203,247,176,393,417,6803,812,256,142,162,121,134,218,117,117,169,78,256,153,131,246,141,212,137,151,171,65,83,138,130,187,131,217,150,120,84,156,182,177,85,173,184,215,208,143,121,116,136,140,113,247,173,100,100,140,202,147,135,272,144,232,172,274,195,96,152,124,241,264,227,247,95,74,225,268,188,142,208,321,258,222,101,138,108,237,136,172,316,515,137,128,412,141,287,262,673,342,1005,168,148,54,282,325,214,104,184,184,135,226,79,313,417,494,129,166,177,136,174,142,136,146,111,107,156,132,158,132,147,144,77,167,227,115,141,161,159,281,173,166,133,184,177,190,108,69,155,78,94,134,230,60,117,127,114,296,277,184,231,394,338,241,112,117,139,171,103,100,301,105,180,107,315,320,164,216,465,776,285,128,87,147,116,68,64,192,153,278,180,169,448,175,383,125,380,217,129,136,236,171,207,143,153,188,98,133,90,163,155,229,106,137,100,139,150,207,147,178,136,78,179,181,121,168,160,141,126,138,132,123,196,86,109,95,193,119,204,98,198,91,151,134,168,112,222,88,78,71,384,120,90,184,126,97,145,97,90,53,149,84,99,143,142,157,101,243,76,141,102,41,144,193,74,100,211,116,87,95,158,135,112,157,133,58,129,122,113,117,83,101,113,140,289,152,115,193,53,88,61,112,131,62,81,175,77,86,158,209,133,71,137,110,71,132,95,110,60,199,63,62,89,63,125,124,233,89,106,154,113,112,94,127,90,106,106,82,95,41,52,126,125,245,166,95,100,189,44,112,94,173,149,75,133,97,112,120,57,77,132,89,58,88,94,139,79,132,56,136,77,139,77,139,126,93,65,87,163,121,136,131,180,127,68,119,239,95,174,117,89,105,124,172,268,94,95,128,156,114,63,168,165,107,194,154,97,96,131,93,149,98,71,134,44,132,43,66,46,57,117,151,35,152,110,190,108,66,131,113,116,104,58,91,139,44,88,84,106,94,73,146,111,119,57,71,248,107,74,64,144,98,86,48,157,58,154,106,94,79,135,119,88,111,209,58,130,82,127,147,132,183,140,66,59,153,95,51,134,100,131,65,112,113,47,93,143,107,89,121,92,159,49,107,59,47,98,64,120,167,80,79,42,123,67,26,105,55,86,91,139,96,86,104,146,50,75,137,112,73,100,92,120,108,70,118,120,139,76,129,128,82,71,79,95,142,82,57,140,140,69,74,103,67,83,93,59,40,100,95,122,79,147,247,97,98,139,104,94,109,87,103,93,100,128,116,129,76,152,81,51,180,126,202,199,119,159,108,166,78,97,190,39,112,104,105,181,229,188,99,250,192,202,126,116,210,150,93,62,90,130,64,148,113,253,124,148,175,148,107,71,136,164,94,130,189,104,51,84,133,80,108,104,157,200,180,90,155,179,82,96,109,98,80,95,140,85,173,93,127,163,124,74,89,142,94,51,87,58,100,98,108,49,83,129,77,105,102,114,93,111,122,59,66,61,80,104,123,166,130,112,198,
63.67,358,191,290,195,342,260,3203,24119,748,182,244,186,376,1310,247,3714,259,436,194,283,394,558,2008,234,3338,276,3548,244,299,590,1385,467,1644,1101,689,1584,585,211,355,1528,280,1060,1069,1108,309,527,176,691,1734,495,787,524,341,232,800,325,310,1020,416,878,837,297,224,415,240,624,225,718,908,581,335,186,319,243,383,146,378,489,555,362,315,145,233,270,202,728,506,422,1179,909,304,314,402,355,723,369,520,288,415,389,317,238,516,384,304,369,206,405,307,255,216,294,697,415,382,192,317,208,271,243,288,393,1954,422,356,349,293,274,283,253,327,322,278,461,209,203,189,174,309,274,436,265,415,347,315,177,228,201,179,384,213,793,319,326,180,244,182,299,180,219,626,304,226,132,253,349,346,210,194,314,314,258,149,217,127,176,407,163,270,209,237,272,267,246,312,158,295,495,266,284,230,126,225,172,238,228,314,157,184,1590,404,119,131,205,202,147,195,164,440,1058,572,131,170,220,181,210,179,159,216,250,134,175,155,178,136,163,293,115,312,335,271,184,238,186,321,218,176,131,301,266,335,232,120,277,264,383,1347,504,488,216,160,101,248,145,214,192,280,518,235,172,197,327,194,206,235,227,250,270,209,323,180,166,219,164,234,199,208,240,365,228,211,192,155,287,183,273,262,177,236,186,190,180,311,253,566,219,250,227,231,153,182,194,193,235,219,151,211,265,173,150,129,230,213,252,225,253,275,201,173,151,168,189,237,280,142,161,203,185,178,204,153,171,243,260,266,232,121,162,180,169,144,246,169,600,188,215,168,181,136,163,304,258,204,168,144,267,119,193,225,855,203,465,164,188,233,133,178,179,122,211,224,184,166,166,121,153,316,182,457,321,232,192,134,209,175,141,118,310,456,194,84,105,156,212,310,187,239,226,343,140,488,236,185,385,230,5909,774,182,115,158,232,165,116,202,157,197,234,191,198,206,206,301,155,206,165,160,192,170,186,120,121,165,273,146,198,128,159,135,204,115,201,122,262,219,128,152,215,293,114,197,266,204,181,143,114,169,227,188,413,279,259,224,171,164,105,130,253,173,261,182,282,169,233,222,219,427,228,308,268,416,242,299,126,128,244,334,312,355,835,214,274,345,293,215,213,647,395,1476,187,146,226,506,377,294,201,178,183,133,208,139,453,1303,562,170,190,176,195,211,195,129,291,260,123,193,101,204,116,148,197,155,177,200,213,167,155,228,328,252,348,157,252,233,67,154,120,149,251,120,151,148,92,232,323,259,604,421,289,120,752,380,448,140,321,266,248,139,255,395,215,355,246,312,346,294,234,508,1040,232,190,176,165,138,215,157,158,173,335,407,175,332,244,366,293,448,188,170,148,230,164,182,121,333,278,197,172,219,331,138,387,257,229,139,139,265,255,127,127,183,144,148,158,176,171,183,246,233,139,195,152,166,227,96,196,135,207,175,151,122,89,106,136,187,185,204,163,173,140,150,151,131,130,136,125,116,141,92,128,197,221,135,160,196,188,151,147,114,159,233,146,166,203,167,121,150,153,209,116,222,199,230,148,95,98,157,96,89,88,114,194,190,284,323,111,252,148,103,164,170,224,93,110,120,119,168,149,187,136,124,202,90,119,119,80,175,155,138,121,101,143,103,106,165,245,105,189,97,217,177,99,243,119,106,121,91,221,102,175,144,171,95,90,167,103,179,65,111,192,111,91,143,279,217,138,227,184,132,95,198,124,171,109,223,153,216,144,97,172,143,148,79,264,265,92,140,119,184,79,128,112,135,115,206,95,64,120,106,175,142,157,105,94,137,141,160,212,112,129,122,149,92,267,161,113,109,309,151,98,94,137,117,108,165,234,102,105,143,109,131,236,117,107,171,105,199,86,109,103,87,123,162,326,162,133,78,170,123,173,114,210,131,72,111,104,144,142,247,90,109,186,151,154,161,91,107,115,187,141,111,135,116,132,140,169,75,135,129,142,198,144,188,81,180,62,129,134,251,95,122,149,70,95,76,119,158,152,73,205,127,140,136,155,90,112,93,111,124,57,131,123,164,95,111,100,159,118,91,163,96,143,86,132,119,176,100,146,154,36,126,143,55,92,170,142,188,157,171,168,173,116,117,159,93,141,95,126,123,90,55,173,134,320,136,227,157,115,146,113,132,220,247,267,233,230,309,266,180,112,112,181,125,167,112,67,165,240,119,118,229,208,83,174,129,189,109,110,194,180,137,168,176,115,303,135,125,210,328,206,550,244,98,167,152,141,135,107,97,97,171,142,123,150,109,213,201,138,115,172,172,208,102,137,174,183,243,204,105,220,198,160,139,115,239,238,132,128,156,108,120,143,94,206,237,150,156,104,91,106,135,165,322,126,106,106,89,235,145,203,107,185,155,135,152,94,125,92,131,74,166,102,222,165,152,203,86,125,89,90,146,99,
63.49,357,162,159,130,473,190,2741,22433,1046,283,212,164,234,1110,179,2815,404,235,175,232,237,347,1206,260,3123,216,2715,185,213,175,689,455,1664,472,709,1599,343,293,314,985,183,1237,1129,1561,211,550,245,180,2281,174,419,604,244,248,616,167,278,482,253,411,464,119,117,147,188,364,383,1060,448,236,349,184,408,357,203,282,281,250,348,224,263,178,317,274,157,531,373,430,1653,436,293,379,534,297,398,422,257,195,246,260,337,271,326,324,392,528,190,318,319,290,198,194,1110,490,243,154,605,205,255,169,231,276,1224,637,303,297,241,298,189,381,279,412,171,310,138,182,167,150,277,157,291,155,223,234,295,158,130,206,196,194,193,953,212,243,128,174,248,247,168,176,408,192,183,145,184,118,201,161,301,160,267,163,115,128,276,126,144,231,175,260,150,109,136,191,152,205,240,161,184,188,152,223,188,141,200,148,88,201,113,814,561,145,146,102,107,245,190,200,568,750,301,238,161,108,125,151,85,130,393,160,92,142,193,413,220,259,112,149,166,265,307,83,332,143,160,117,157,160,226,171,181,169,142,178,267,201,1317,825,359,161,209,199,201,119,197,163,313,471,236,176,152,150,132,147,117,284,181,214,177,140,195,203,195,233,153,215,169,234,206,137,156,121,158,145,153,190,164,121,161,285,113,325,191,188,816,203,159,230,107,165,168,383,247,121,175,260,257,179,267,227,203,155,208,211,207,153,165,133,226,148,119,125,180,144,133,98,203,304,160,171,161,197,114,359,156,109,149,132,120,115,237,253,164,616,190,419,124,164,146,192,192,167,147,194,122,131,82,212,215,610,308,1073,151,100,136,176,174,121,233,137,127,177,137,174,138,67,117,117,411,387,190,142,86,166,178,140,207,288,333,297,156,130,135,169,193,120,158,237,119,358,101,209,146,292,88,3769,516,187,234,190,306,174,155,206,109,135,129,130,153,80,246,213,115,129,225,226,153,178,128,194,132,188,153,178,229,196,119,144,171,267,160,108,316,93,151,70,79,110,162,146,39,211,91,96,139,76,150,203,458,183,177,156,135,110,169,155,145,129,235,215,235,170,136,137,111,123,145,338,370,274,149,151,135,87,174,258,129,186,572,185,152,142,133,255,236,315,236,659,119,122,125,174,648,165,158,141,156,86,211,110,572,794,295,224,283,113,101,84,204,281,254,315,136,141,166,84,123,108,109,165,166,107,126,148,289,96,143,92,306,127,187,202,101,137,85,65,95,225,94,221,147,268,235,260,1004,854,433,97,1301,262,226,68,127,96,133,177,150,231,167,298,96,557,465,331,202,745,985,141,191,132,278,177,137,109,231,310,226,175,262,452,344,502,202,336,244,84,244,162,182,152,177,158,168,56,234,103,182,200,420,298,208,110,59,118,94,77,86,150,92,123,169,140,232,122,175,121,206,117,102,113,175,91,167,96,119,46,61,168,36,76,92,75,122,93,70,105,90,137,232,135,106,173,81,122,121,68,202,124,177,126,139,181,76,89,143,100,158,83,79,126,112,101,115,173,68,107,84,197,110,122,161,149,145,162,111,121,96,129,126,136,83,78,153,75,166,153,77,42,116,129,92,86,124,84,90,132,265,149,139,105,72,135,107,233,82,105,185,60,197,127,79,93,148,58,131,158,170,101,62,99,95,99,100,85,169,143,91,256,92,105,121,99,149,110,90,191,94,112,101,93,92,107,105,97,114,146,115,127,155,48,135,91,75,133,127,101,86,102,90,139,68,130,30,91,148,147,138,145,89,145,138,53,51,98,105,218,89,70,149,128,110,124,68,82,153,121,102,51,97,62,172,114,85,110,146,29,135,38,81,80,159,95,45,138,136,111,130,99,64,89,111,96,69,66,84,89,59,55,41,83,90,131,58,83,172,42,87,114,105,69,58,106,87,144,131,95,121,70,87,166,215,68,96,106,79,102,51,106,74,136,74,65,63,53,213,60,69,45,187,95,98,116,122,75,62,137,174,72,102,93,100,191,99,103,61,98,134,193,107,60,108,100,104,75,83,59,152,66,117,61,104,76,86,232,156,78,104,95,125,119,88,65,82,72,59,56,64,167,94,87,98,88,110,103,52,58,96,70,119,112,80,82,66,110,135,92,159,51,133,140,158,50,76,107,82,58,109,125,91,125,300,122,153,202,139,146,145,314,256,67,124,49,80,104,111,146,97,208,72,85,128,160,153,81,140,167,169,84,126,132,175,242,148,148,286,405,164,690,340,92,137,119,103,91,110,132,169,135,185,103,185,160,123,143,277,132,120,142,178,70,89,77,112,166,122,87,112,39,164,109,133,121,134,104,163,203,102,80,108,101,128,87,100,117,173,53,118,133,78,104,174,97,171,227,79,91,69,76,43,146,163,118,105,113,74,144,111,127,124,116,72,125,39,61,114,100,107,147,90,
63.31,356,223,302,204,562,200,4233,24788,577,389,209,297,252,1644,367,3305,346,237,193,257,489,448,1464,375,2942,314,3951,199,323,225,1973,259,1550,1772,1248,1545,749,352,699,1300,313,1117,1271,380,685,391,545,607,2124,326,930,543,206,291,775,275,641,616,257,751,887,386,300,183,209,539,408,712,568,574,473,324,195,409,444,266,849,388,759,659,185,303,434,381,357,298,999,511,578,535,420,410,457,310,574,514,471,490,430,325,274,286,308,473,487,497,226,360,226,256,292,351,899,327,434,201,441,260,367,213,393,355,2359,624,345,363,303,326,366,268,238,386,212,236,271,333,221,212,253,235,337,298,319,261,267,271,207,264,221,584,161,745,667,289,324,191,272,182,275,341,620,418,161,171,195,157,215,317,180,330,209,192,120,172,205,173,168,167,235,226,260,227,173,252,243,170,262,218,209,219,212,380,236,225,247,297,283,188,249,1629,433,188,194,148,273,304,175,188,916,768,661,133,189,320,272,159,210,277,227,268,102,220,201,488,212,277,222,192,323,289,244,156,316,257,419,183,260,239,209,192,184,160,186,180,202,161,1257,810,551,262,171,196,253,355,222,234,249,710,309,273,181,184,241,231,197,418,215,197,139,264,173,190,188,203,194,190,269,234,195,237,202,174,260,212,295,289,165,247,216,245,236,187,337,217,545,553,463,245,214,160,299,273,284,159,253,198,234,242,175,125,245,232,165,225,310,200,146,175,196,158,114,239,195,201,208,209,225,306,257,147,218,221,186,132,257,349,220,167,176,167,206,263,312,964,247,148,144,137,236,120,154,200,215,178,148,231,167,164,282,1180,582,1890,632,287,194,153,206,276,216,163,173,119,175,185,155,164,256,174,1508,718,259,234,98,214,145,266,196,291,828,328,164,115,175,280,244,157,242,141,166,159,456,161,256,191,174,3519,536,187,141,234,174,158,241,185,260,169,326,275,222,154,183,220,133,194,235,337,120,136,238,145,145,176,267,179,200,179,280,208,235,130,184,177,125,315,146,194,177,206,102,180,188,143,248,140,141,213,166,237,330,395,265,165,213,110,162,148,414,165,185,161,283,238,117,143,375,402,191,291,388,392,270,211,210,165,338,155,276,132,570,291,177,125,190,422,385,471,329,1479,300,190,151,390,621,333,222,231,301,144,282,203,643,757,499,177,234,231,239,122,184,197,500,210,244,183,169,176,120,320,139,210,187,133,211,149,342,234,565,560,486,304,221,507,82,145,97,239,394,353,197,215,113,205,366,434,1310,950,757,225,2452,991,321,257,149,103,230,244,221,261,312,357,254,787,433,572,223,1263,833,505,179,143,228,154,224,176,251,234,264,420,224,510,570,600,317,407,171,280,135,211,172,180,175,283,178,201,247,203,255,274,397,280,191,190,170,140,98,254,153,119,144,160,99,184,146,220,135,239,141,220,116,185,145,173,156,177,191,144,130,161,151,180,78,109,196,97,169,190,162,129,245,125,202,145,201,116,117,160,205,125,91,148,194,268,117,152,137,108,142,153,242,144,167,132,121,130,331,161,190,133,170,172,116,166,126,186,157,214,141,173,147,133,122,219,160,98,141,133,138,117,129,138,198,138,187,118,178,117,146,127,223,120,114,256,163,180,170,203,112,59,189,159,124,119,236,98,155,139,116,141,138,185,159,136,123,297,125,127,128,154,146,191,118,104,77,197,92,149,194,153,108,125,209,164,114,125,135,148,94,165,230,125,146,151,194,97,137,195,159,161,137,222,181,146,231,179,157,123,114,133,121,107,75,135,128,66,236,135,131,144,121,103,202,64,82,157,242,132,80,134,124,125,120,169,187,126,110,221,142,138,133,80,200,115,128,156,106,124,193,120,172,115,172,170,178,120,112,107,176,134,55,94,139,217,104,120,141,94,102,89,119,90,147,120,178,83,187,176,131,160,266,104,104,109,180,94,154,83,124,110,161,115,126,89,68,322,137,123,79,124,145,188,117,137,168,131,138,90,79,140,191,207,154,125,148,101,137,215,90,140,136,204,120,80,106,201,157,250,126,118,145,105,127,151,147,117,85,281,93,188,220,129,87,129,116,94,147,144,148,99,140,118,172,155,160,83,121,90,112,149,84,96,195,132,92,122,116,129,116,169,117,239,101,155,94,107,111,119,299,159,198,168,144,188,180,220,236,58,113,239,167,90,230,191,150,164,243,129,157,202,168,187,161,121,114,99,124,90,141,187,164,119,114,248,174,167,304,474,237,733,429,166,128,195,121,117,112,170,143,145,176,284,139,190,182,312,219,174,112,198,164,118,88,96,179,281,168,123,160,136,153,171,238,262,273,105,180,125,122,218,81,147,148,181,99,164,212,144,212,121,170,182,115,177,145,112,112,211,135,130,144,209,181,127,185,147,134,94,202,181,131,130,95,96,129,143,122,116,199,158,144,
63.14,355,249,242,210,428,239,2620,24310,783,261,287,213,278,902,176,3241,375,513,225,381,190,169,1274,149,2947,127,3621,245,156,205,1675,197,2361,1409,456,1076,786,311,378,1671,264,1543,1510,1168,245,142,188,660,1646,439,648,459,206,210,568,284,214,739,161,422,492,335,219,145,174,525,328,758,522,494,314,346,220,353,277,284,372,354,320,238,170,193,228,392,243,269,504,649,1095,525,370,242,308,242,509,543,417,521,334,180,274,262,353,405,228,232,351,401,166,205,227,226,1221,251,332,152,276,247,332,182,447,289,1990,860,275,326,251,251,178,283,224,289,275,115,230,207,175,118,182,143,302,296,195,295,337,203,230,237,204,200,97,466,375,197,132,113,116,185,201,116,778,274,346,128,137,251,180,110,139,270,374,202,84,135,142,183,94,168,253,203,161,178,108,127,132,121,316,200,261,198,226,236,233,122,159,100,286,188,201,1960,266,140,95,164,305,230,136,112,465,521,256,165,189,310,198,246,179,206,302,151,113,233,233,184,178,180,261,92,134,144,230,190,227,160,167,189,240,281,164,138,144,230,160,191,207,182,1006,869,331,198,226,337,244,252,176,168,331,538,370,140,138,159,139,154,69,245,135,178,175,148,373,218,110,224,139,196,313,192,274,298,113,176,311,191,256,184,229,276,240,160,156,135,91,128,794,232,222,180,265,166,70,156,159,134,135,107,170,225,131,137,169,226,98,290,194,216,174,160,204,187,191,274,177,169,172,158,162,147,142,94,109,179,260,270,175,135,185,174,180,170,194,287,198,994,394,269,134,307,160,107,141,116,217,275,215,106,79,277,517,1716,528,1969,147,182,137,137,66,158,185,151,168,134,104,197,188,307,262,120,1148,433,192,220,192,106,166,120,116,159,549,236,120,212,162,269,108,99,121,275,182,117,236,330,141,144,201,2141,255,208,115,165,195,101,180,154,235,109,100,185,156,155,134,176,165,156,98,147,68,201,210,145,191,172,145,163,301,149,179,85,209,85,155,128,108,135,148,159,99,147,92,137,122,200,123,96,66,243,281,137,299,251,215,197,176,95,118,98,167,210,250,273,163,96,113,228,207,225,169,334,409,438,209,130,70,348,310,147,296,119,766,172,164,141,135,280,132,536,438,942,178,186,145,204,512,298,210,134,186,159,157,217,686,964,551,150,197,166,118,86,187,221,233,155,73,145,115,78,177,148,160,112,201,179,127,116,178,183,569,343,550,148,282,307,155,100,116,187,277,233,70,203,184,404,273,399,2378,1232,648,380,2898,544,369,59,107,131,172,158,212,360,197,284,367,621,500,350,252,1543,853,223,261,135,111,110,78,94,282,166,166,229,273,608,623,268,200,495,194,157,112,109,118,130,128,100,155,192,285,160,175,180,137,207,124,55,90,177,169,116,97,78,141,130,121,112,329,76,185,161,104,90,126,172,148,98,141,136,147,103,29,75,136,120,137,130,133,122,142,157,159,58,122,47,163,49,154,113,150,119,100,90,166,95,98,187,169,125,173,138,99,193,138,75,179,49,158,66,177,97,130,85,202,117,118,113,93,106,101,63,172,100,204,70,156,163,119,80,114,66,71,148,153,44,141,102,194,87,117,74,188,117,123,102,163,118,73,113,168,188,156,237,129,173,120,93,205,140,116,138,63,105,78,101,76,128,141,95,97,174,97,50,128,242,72,93,136,127,140,178,131,89,97,97,242,158,111,130,67,61,235,125,67,150,122,130,97,126,124,100,136,100,65,128,112,127,67,133,150,135,239,156,139,109,55,97,103,86,86,73,126,145,71,132,51,74,165,68,105,71,147,52,69,62,213,142,117,99,109,120,59,65,94,107,161,76,111,142,105,151,91,116,95,91,124,111,122,149,53,111,147,121,73,87,129,172,84,135,119,121,82,181,120,86,134,83,185,99,95,146,129,85,108,75,72,128,46,75,180,70,52,97,97,53,92,126,134,57,26,67,140,91,155,133,116,166,105,138,104,147,191,93,85,60,87,52,133,117,107,51,93,82,228,120,64,96,133,125,82,76,90,86,56,87,163,122,140,171,146,146,160,159,50,116,86,157,132,76,107,77,47,95,40,161,169,141,84,230,81,81,106,72,187,126,211,88,126,179,166,113,141,91,82,106,69,139,95,112,118,155,140,124,192,159,314,318,82,301,323,83,82,67,149,102,89,89,90,292,142,178,88,200,134,81,226,98,205,108,211,162,160,82,171,176,119,160,207,133,479,323,135,748,204,166,118,119,116,188,108,147,76,82,118,140,119,149,221,103,124,96,144,187,125,143,92,110,143,136,204,174,183,104,122,92,249,205,138,121,222,139,101,138,74,156,107,101,108,151,139,66,117,128,157,181,111,141,95,61,60,88,127,101,119,216,142,144,118,90,189,173,200,66,227,128,203,163,134,123,149,148,165,115,186,
62.96,354,242,260,275,865,192,5124,32006,860,287,289,252,298,2032,227,4254,453,376,299,290,300,1260,1121,226,2776,294,3639,174,354,188,1726,387,1726,1279,825,1531,480,315,461,1757,368,1427,1421,1261,507,701,510,616,1808,271,1115,236,458,290,783,240,414,826,241,705,655,317,191,336,472,380,453,796,477,406,471,391,338,408,410,266,652,537,542,581,306,265,297,479,244,416,1116,537,1840,847,438,235,343,252,424,614,389,340,434,299,425,260,257,553,369,423,331,204,303,248,264,324,1172,357,311,202,424,433,210,243,258,314,2200,478,341,426,321,223,148,270,376,375,314,451,334,331,304,216,220,268,292,230,230,288,253,235,211,205,224,402,280,692,316,247,207,263,326,212,173,336,1161,382,281,184,274,214,476,295,334,261,245,263,209,146,317,257,184,237,184,199,169,149,203,192,210,153,251,302,189,244,208,132,190,238,167,311,309,192,185,1848,326,145,170,213,283,297,238,200,713,867,465,385,279,215,344,282,185,132,198,176,211,147,213,210,125,204,372,244,384,190,253,325,340,252,226,210,311,180,134,269,270,284,245,199,201,232,1142,586,432,339,157,217,193,153,131,191,392,515,309,198,405,202,188,124,193,289,197,295,340,232,283,202,192,247,241,178,280,259,321,171,320,151,188,227,228,208,336,220,170,209,153,198,186,125,837,428,498,179,179,292,177,160,215,171,199,198,166,127,122,197,168,238,119,187,253,246,203,212,136,196,258,146,210,264,214,164,284,86,130,165,222,193,222,221,234,247,159,134,204,183,182,490,253,1967,787,205,186,104,242,100,215,145,219,163,96,226,112,317,341,3164,1043,3184,759,272,322,120,206,220,405,212,240,174,186,290,182,215,352,218,2376,497,186,296,149,200,146,263,331,220,420,194,264,166,270,218,284,205,644,143,206,223,236,238,181,247,257,1168,453,146,157,277,171,193,217,166,169,160,236,157,147,107,223,229,162,267,320,146,327,179,219,239,202,125,160,164,151,187,164,217,165,92,147,186,202,178,177,137,169,130,212,203,177,251,284,173,113,121,371,171,400,193,331,305,249,192,145,226,334,153,277,169,277,158,194,341,317,416,231,411,616,543,393,156,120,248,260,144,314,362,794,251,286,134,468,301,769,486,326,1391,214,204,186,464,704,248,189,138,423,121,142,203,450,927,613,234,144,116,140,253,166,225,275,177,200,227,112,354,194,208,210,197,269,158,121,214,365,345,989,822,528,546,341,830,236,184,187,232,180,279,227,423,345,422,539,813,2982,1736,1066,272,5372,1367,459,134,350,212,251,380,272,515,338,491,492,650,830,490,221,1616,1261,387,229,218,173,193,227,187,430,321,432,528,255,714,791,715,526,380,186,150,160,229,276,254,158,241,197,173,275,257,341,256,237,194,114,102,208,193,131,139,146,117,154,192,149,184,252,250,228,227,205,132,139,200,114,176,158,193,275,147,138,166,131,158,118,226,130,148,159,133,132,136,134,101,215,121,153,115,139,225,127,136,119,226,159,187,138,94,151,154,222,178,195,124,161,135,206,214,147,219,178,266,173,94,124,229,135,168,139,222,161,104,203,158,185,144,171,189,146,208,151,103,247,193,131,164,165,185,147,131,145,148,156,118,117,164,123,197,129,149,211,148,204,134,195,125,164,122,105,122,153,195,126,165,114,124,109,180,130,147,191,233,168,119,96,193,160,206,175,210,168,177,215,137,136,200,102,154,177,241,67,152,91,167,128,169,115,85,122,96,131,175,191,146,91,135,97,178,151,119,162,126,95,214,147,107,163,144,118,191,150,189,160,110,177,106,154,200,203,98,145,162,124,143,149,110,85,127,156,136,118,151,104,134,99,116,85,130,129,94,122,129,167,99,93,141,120,317,87,130,99,120,103,125,79,139,187,208,86,99,96,147,154,129,223,135,129,120,89,118,108,178,144,169,95,102,133,168,134,79,96,159,122,210,160,149,111,56,170,93,149,106,131,146,154,166,164,124,103,103,156,94,245,120,113,91,163,101,116,195,171,163,152,232,79,143,136,112,185,162,337,158,114,135,156,182,99,127,226,150,145,217,125,98,214,83,103,166,149,112,155,225,156,176,181,140,117,198,110,126,104,90,78,184,199,192,144,134,166,205,97,159,119,223,177,198,106,186,92,103,135,128,209,216,374,282,190,450,449,108,118,139,172,128,175,153,120,133,151,174,164,147,209,125,256,161,192,192,129,146,208,334,108,176,167,245,360,259,494,334,271,654,389,185,140,350,184,224,151,230,164,128,146,213,170,222,124,237,174,138,135,172,202,136,150,217,182,109,123,163,126,129,149,223,181,154,169,132,216,254,119,161,174,251,154,106,171,208,103,143,136,175,209,131,193,111,112,140,91,171,161,119,220,145,148,142,113,127,216,294,129,170,195,163,181,123,162,156,220,179,203,359,197,
62.78,353,207,162,216,838,231,2812,28787,656,307,206,160,175,1176,190,3206,401,251,153,244,223,442,1105,289,2535,338,4280,134,143,271,1015,216,2410,1220,753,1130,514,177,390,2173,129,1915,939,563,277,633,225,184,1971,342,783,310,355,174,1175,244,205,1487,161,926,791,288,268,241,291,779,260,1036,501,739,210,289,473,250,455,216,543,278,299,342,184,358,356,243,218,840,637,684,1351,482,429,227,289,220,576,842,474,285,440,393,458,227,614,261,348,219,330,210,208,152,288,312,746,301,281,189,331,267,359,144,232,263,2757,470,164,359,187,283,134,171,194,438,174,263,198,220,149,170,164,232,658,137,170,200,249,188,160,195,259,342,183,563,153,317,237,514,163,163,187,195,660,389,192,245,145,205,130,218,244,365,214,254,114,146,81,158,197,475,393,204,200,137,127,79,222,116,179,119,239,252,295,82,230,119,125,167,180,236,106,1796,497,231,278,155,127,267,216,252,702,1252,277,206,94,205,106,266,174,130,62,111,180,192,226,247,142,301,130,237,196,139,159,150,187,198,291,209,201,177,235,196,323,171,112,198,188,203,1216,514,304,175,135,161,165,156,128,176,204,373,303,247,302,134,275,186,205,183,272,343,143,203,188,259,174,245,226,168,103,115,193,116,161,160,284,247,88,242,191,190,195,163,139,164,297,117,378,462,195,94,110,114,155,129,108,142,151,302,166,142,119,179,119,197,197,175,255,170,162,125,154,241,195,209,188,137,320,176,169,169,248,90,129,182,143,235,140,167,145,93,143,169,138,467,233,2618,632,199,113,101,253,92,424,171,552,143,80,168,150,487,364,2972,1515,4963,811,220,95,141,116,159,243,158,146,158,204,74,182,205,429,157,1869,961,331,241,173,161,137,195,175,130,497,227,181,157,372,217,241,210,348,200,280,168,177,195,170,223,177,766,266,254,143,164,123,148,97,156,163,171,188,130,122,71,160,240,207,98,121,195,128,130,156,219,150,127,191,153,209,172,170,165,190,319,161,122,264,190,152,173,101,113,82,158,126,195,94,139,50,70,103,138,402,180,338,215,163,181,142,170,243,210,172,86,126,74,75,201,210,475,126,274,422,335,156,139,202,267,223,134,301,175,849,91,162,355,250,515,349,831,331,1441,280,158,104,501,864,278,151,176,317,190,334,157,432,946,528,340,99,183,130,195,172,215,243,207,124,173,278,265,163,203,242,167,304,173,299,156,285,220,1501,1238,749,176,589,684,286,339,275,398,292,292,248,351,279,370,587,971,2393,1966,736,458,6768,1620,545,158,197,118,137,124,374,547,296,505,470,960,1196,656,151,1734,1317,195,153,130,83,221,116,131,377,326,242,299,178,739,490,743,244,404,124,203,172,145,132,130,95,125,220,325,194,168,188,213,187,168,173,132,175,121,183,101,161,95,89,183,98,183,85,205,105,144,109,140,112,143,90,119,139,205,114,180,86,123,85,95,88,108,134,190,84,187,171,102,96,114,182,247,122,111,89,176,96,91,132,99,61,101,90,161,106,99,134,163,214,88,177,139,177,216,46,155,86,127,176,99,49,75,124,130,58,69,75,89,133,128,168,133,108,153,95,112,95,108,137,99,64,98,59,97,89,80,218,107,90,145,61,106,111,92,52,117,180,144,135,101,157,123,220,213,180,137,91,120,165,174,163,140,132,95,87,172,128,92,97,105,84,144,118,138,173,108,70,78,99,129,83,188,88,119,183,101,93,102,98,221,85,106,105,90,86,131,117,121,103,190,145,103,175,59,86,40,147,140,119,116,292,150,221,106,107,112,70,315,223,69,109,107,107,110,112,73,83,83,121,63,85,128,126,119,160,90,95,106,116,115,80,53,85,125,72,102,123,100,26,88,111,176,116,109,58,85,114,96,85,83,157,165,89,138,57,113,45,58,139,172,67,103,182,120,86,167,53,73,214,144,105,74,91,155,81,60,93,110,175,108,104,164,216,101,102,69,139,156,115,91,80,128,66,52,154,102,100,110,78,94,220,86,84,98,66,81,87,159,207,48,121,108,87,93,121,105,130,136,145,121,184,127,73,211,158,101,121,96,209,153,89,103,118,90,114,98,192,155,139,232,109,105,109,115,98,90,113,164,204,138,97,81,94,126,81,92,100,215,114,127,97,121,148,123,45,110,138,115,141,100,422,386,182,340,236,165,169,113,173,209,201,132,136,109,137,151,115,172,213,124,99,126,170,106,113,112,88,115,281,83,199,404,268,226,303,174,171,797,238,137,87,69,138,180,121,137,153,75,86,171,180,144,373,172,178,121,135,200,81,77,90,202,87,136,124,140,141,85,251,80,125,169,253,121,202,132,223,114,65,81,99,85,186,96,129,56,138,140,110,123,128,96,65,72,150,99,86,96,119,175,153,141,158,136,138,153,105,103,96,104,141,180,121,176,76,89,197,104,109,
62.6,352,220,288,232,297,315,3810,31343,899,519,377,374,410,1193,183,2010,235,380,227,268,320,647,1416,442,2769,349,4107,265,232,695,1502,209,2318,1513,900,1668,671,374,609,1545,180,1090,1554,1368,754,756,376,1121,2020,298,875,485,398,339,1318,268,793,911,334,700,664,307,202,215,298,458,207,699,883,775,379,374,203,382,513,287,742,416,374,350,294,298,401,385,240,607,677,555,1793,840,384,379,450,323,663,643,584,261,287,333,305,301,272,344,462,462,408,304,273,244,256,415,1404,416,428,281,326,242,198,269,379,382,1962,677,469,325,230,269,270,213,331,236,320,355,324,286,159,234,257,378,364,227,314,306,239,159,275,243,423,207,268,1076,272,271,284,203,198,160,267,284,789,251,237,210,269,123,408,183,308,289,239,187,354,161,167,287,245,201,286,202,207,185,196,230,117,164,226,246,244,179,387,350,363,305,280,331,203,275,150,1926,319,294,153,138,146,238,271,186,490,1152,379,112,168,191,358,243,187,305,154,220,138,277,202,358,139,174,175,266,263,230,211,356,323,250,349,314,212,388,377,254,370,285,323,327,245,248,1633,613,637,238,235,223,177,188,169,223,312,860,534,193,290,154,278,191,246,342,286,219,133,318,315,160,194,297,123,155,204,169,289,263,262,242,279,346,201,207,206,325,182,177,264,243,193,283,584,699,328,190,206,170,241,151,188,280,161,201,245,187,164,221,208,268,318,152,203,197,226,191,224,155,238,230,194,305,330,198,170,174,148,352,177,120,307,394,291,205,147,114,206,224,187,644,287,3742,982,676,161,198,311,196,213,207,422,116,173,172,139,273,700,6369,2731,7473,842,200,234,270,296,228,260,258,235,162,210,166,202,300,302,389,2193,700,235,268,164,319,214,872,467,282,308,312,218,195,217,191,251,228,227,210,173,137,448,359,216,225,147,776,243,355,265,194,179,164,297,291,233,240,340,145,198,159,255,231,206,167,201,206,109,134,180,176,110,185,181,184,152,177,195,196,202,205,240,138,222,162,167,180,283,133,174,153,158,202,241,187,171,143,151,121,392,424,253,209,276,233,117,197,293,359,177,186,366,227,158,212,402,297,192,403,776,614,214,164,200,170,323,139,468,452,730,294,216,478,366,353,385,852,512,1178,249,317,175,772,581,580,193,299,269,223,201,263,849,1411,792,224,184,169,166,277,226,258,351,481,209,185,163,137,246,155,172,303,253,168,278,154,251,1187,2430,1572,1452,463,999,1224,516,284,360,331,335,430,185,464,399,689,1004,1581,3688,1517,1242,867,8558,1986,786,158,300,204,221,269,201,780,502,858,506,1259,1186,774,273,1440,1103,352,199,127,138,168,216,125,471,463,591,345,246,1032,741,601,216,337,189,185,123,200,267,160,243,157,282,195,301,250,329,305,227,194,143,96,144,243,157,192,119,272,136,149,144,244,172,135,167,210,123,180,137,335,234,161,219,186,120,178,248,158,210,194,142,154,178,179,189,150,130,149,220,124,205,113,310,119,212,127,219,137,211,162,155,275,147,217,122,155,160,157,177,128,185,96,95,102,338,92,149,82,105,113,165,178,152,139,177,196,156,148,151,162,106,151,116,125,135,85,157,117,125,138,108,182,158,95,180,106,287,311,177,140,176,88,127,137,169,160,183,128,135,141,179,216,89,145,138,124,180,156,123,155,141,119,140,137,179,157,101,222,141,159,266,148,219,246,114,134,204,188,130,194,152,144,191,167,116,127,98,134,121,136,149,132,397,286,147,183,183,156,199,147,118,109,123,102,82,260,131,123,98,143,132,127,175,153,139,325,145,500,183,102,141,137,122,126,91,94,109,89,61,142,154,125,96,150,120,153,85,175,195,132,198,241,214,118,151,103,133,142,110,105,83,229,205,183,132,141,137,231,170,192,163,235,141,218,166,145,114,148,89,250,176,216,110,145,148,197,144,115,166,180,219,156,164,257,89,76,160,131,177,181,135,86,76,89,98,146,157,84,127,171,117,113,140,197,70,168,131,142,115,182,96,155,134,125,163,135,131,121,134,147,141,131,197,131,197,191,116,80,209,122,137,106,92,146,86,155,135,156,230,112,142,148,140,103,126,203,136,154,166,160,216,151,128,117,217,158,137,91,138,79,152,123,148,161,134,119,191,363,99,229,119,208,88,160,86,125,122,166,210,196,582,634,390,337,458,160,121,116,73,173,205,298,111,158,164,276,172,186,347,181,138,167,125,120,138,151,224,164,137,256,164,258,229,209,336,627,237,466,249,237,163,151,243,127,213,196,120,313,154,270,200,273,238,189,169,201,199,327,126,201,106,142,263,162,120,344,140,121,320,136,253,187,159,156,291,168,256,148,95,125,197,140,160,132,145,203,135,199,130,165,147,148,124,146,157,86,155,106,138,151,175,180,117,189,226,140,107,195,205,220,145,273,176,170,210,183,161,149,183,
62.43,351,267,223,180,860,206,3387,29392,849,235,225,282,502,1109,211,2911,492,206,190,211,424,307,1604,200,2649,133,4226,260,217,420,1622,147,2037,1994,1047,1421,624,320,180,1524,369,1324,974,723,371,783,164,705,2647,404,611,485,213,262,765,223,424,985,304,886,722,578,184,300,359,241,207,757,584,519,431,307,214,610,464,354,550,438,411,398,279,236,179,312,229,535,1001,409,1458,547,268,256,551,356,500,494,363,369,353,200,331,254,243,266,279,578,273,268,195,147,175,252,1496,472,298,180,241,353,230,278,278,166,2384,685,261,463,219,181,178,233,202,184,238,360,220,257,169,162,155,297,222,235,356,253,222,253,132,217,255,245,190,780,296,291,214,161,120,230,250,210,489,181,131,72,199,139,229,107,165,162,406,230,215,146,93,194,179,281,145,178,210,217,250,364,131,69,156,96,193,259,249,130,219,158,308,301,222,282,199,1574,250,206,192,121,157,195,223,188,621,1463,510,126,225,448,201,181,260,235,139,93,184,227,164,152,150,181,137,235,239,190,230,216,388,112,171,218,225,214,221,278,239,148,179,192,316,164,1411,328,414,229,231,337,194,175,319,133,160,441,230,167,237,155,137,164,95,259,220,218,188,230,170,129,179,245,295,239,264,110,146,236,190,143,204,111,184,182,244,236,155,116,89,206,200,264,869,229,210,139,137,108,155,148,181,145,249,167,126,173,168,131,209,299,191,146,187,223,151,111,165,156,161,147,173,195,149,139,245,181,128,65,195,202,199,198,191,171,272,171,243,181,296,487,225,5816,979,268,233,148,151,153,231,271,554,154,136,152,115,217,878,6949,2673,7823,857,217,152,132,173,86,131,140,315,125,133,106,195,135,868,429,2483,526,317,415,258,102,313,1005,482,193,369,194,197,83,181,185,603,100,200,161,247,114,209,156,195,156,213,200,206,147,110,97,145,175,206,172,187,152,131,229,155,124,223,186,133,124,94,236,111,145,180,171,95,147,251,177,170,94,179,114,215,84,82,195,207,178,194,101,121,115,64,191,174,265,161,173,136,133,136,108,490,174,353,144,139,217,190,216,176,147,228,191,146,164,126,202,255,415,229,320,355,367,178,210,171,293,252,194,431,258,1115,263,89,384,348,371,348,673,306,1160,287,213,179,643,790,263,139,195,237,179,162,181,576,903,522,91,216,119,153,223,197,317,268,268,130,182,106,170,332,200,215,316,321,157,157,157,545,812,3363,2648,1103,230,1250,1804,406,279,218,492,271,627,289,820,373,698,895,1638,2884,1992,1493,739,9670,2442,684,172,307,261,289,199,422,442,552,933,396,1640,1804,990,197,2190,738,233,216,164,127,227,143,76,371,309,283,626,279,736,630,449,174,154,217,185,145,112,108,201,196,171,435,129,198,220,404,148,103,109,128,119,125,165,145,196,99,152,145,94,183,85,147,110,163,157,102,94,201,86,158,190,199,122,121,192,65,138,109,114,109,160,99,142,149,148,113,57,138,97,72,118,144,131,158,120,174,191,115,127,227,91,98,107,91,88,131,98,137,143,175,67,81,103,94,115,181,139,148,90,81,110,95,134,115,207,139,160,95,77,103,95,104,172,119,126,171,234,101,69,161,85,147,148,147,112,114,145,224,85,95,120,101,180,145,132,144,72,204,98,131,76,152,165,140,77,104,119,175,172,75,109,47,130,138,61,112,134,128,160,109,126,140,129,67,161,140,75,158,222,59,124,126,102,82,168,118,133,106,94,118,83,206,98,99,70,138,71,114,106,116,73,34,82,70,90,70,151,92,127,57,88,87,139,170,97,117,511,203,83,129,66,133,71,88,76,136,129,76,120,72,86,40,168,82,203,72,94,67,89,104,102,240,85,263,56,124,85,134,79,146,127,107,105,113,139,89,80,86,83,69,237,103,92,79,146,62,115,88,41,226,147,118,89,131,108,79,191,75,109,148,153,136,165,43,43,140,154,195,119,119,83,161,118,151,108,74,100,107,144,153,97,84,87,111,123,132,80,139,226,90,95,74,100,72,101,128,102,154,132,99,133,116,65,85,191,109,161,104,102,149,203,219,156,158,127,192,72,67,94,108,168,79,131,187,137,75,91,57,135,43,116,152,86,185,91,98,88,117,142,123,180,74,147,142,129,64,169,68,152,75,156,104,63,121,168,73,134,218,118,617,668,412,311,450,154,137,107,116,146,146,127,93,103,220,145,169,257,206,109,90,112,141,126,127,176,162,142,92,243,124,327,303,294,389,472,154,424,278,99,142,83,120,114,106,101,204,154,136,116,164,185,82,274,155,137,207,261,108,137,143,160,146,88,92,180,244,100,138,142,135,86,120,198,126,189,215,136,81,146,182,116,126,108,127,147,152,208,88,137,144,114,91,72,180,76,175,100,168,140,156,71,214,172,124,113,159,188,206,213,104,191,252,141,110,145,95,211,174,
62.25,350,280,199,233,1133,253,5028,31785,966,304,338,180,560,1993,352,4420,370,468,390,222,389,1066,1921,398,4652,311,2979,263,264,348,2151,214,1683,1962,1002,1941,1182,380,670,2154,260,2335,1693,1047,368,509,257,726,2603,780,1149,459,234,213,1233,336,415,621,213,777,812,605,226,403,399,564,369,1046,850,706,469,286,319,242,657,261,834,651,523,567,384,354,335,385,306,641,714,502,2035,550,352,331,329,373,621,533,373,257,234,311,326,318,482,454,378,449,251,316,266,437,284,243,1381,542,343,285,292,337,334,235,252,422,2686,855,329,406,260,361,139,270,335,411,209,330,288,154,273,226,226,237,395,281,355,295,320,193,154,225,271,443,178,989,300,408,261,273,242,377,337,274,1308,316,271,196,279,164,345,189,238,297,367,231,160,156,367,335,288,276,409,237,223,198,187,161,262,127,391,273,374,579,222,246,201,285,199,268,217,197,199,1868,474,222,180,272,210,233,223,195,300,1355,524,172,205,271,285,221,210,190,324,234,142,200,260,531,184,361,160,212,357,174,190,289,318,159,260,207,156,184,199,263,232,283,324,127,160,207,1918,838,436,270,213,244,252,241,303,157,270,673,256,232,208,267,155,138,144,200,224,234,158,216,328,347,239,214,281,296,175,226,190,162,332,223,190,188,212,246,283,180,207,243,226,174,213,340,742,310,285,207,180,250,235,225,224,204,294,247,243,171,194,218,158,197,144,281,401,424,216,197,128,214,169,202,224,266,246,226,302,168,233,136,130,217,199,439,181,246,134,181,116,283,245,1129,355,9876,1704,787,160,168,291,160,300,153,808,311,192,133,107,239,1501,10265,4593,9295,865,326,261,131,297,233,575,353,376,141,204,181,318,300,761,238,2973,729,241,588,192,251,232,2331,877,276,637,322,152,199,223,185,297,234,294,271,381,337,229,213,455,186,161,575,225,297,200,170,259,196,196,184,152,287,236,304,215,176,226,122,200,189,241,180,161,125,149,264,127,158,122,266,163,187,162,147,227,117,247,207,300,144,222,186,174,144,216,230,194,232,153,164,303,158,230,175,597,229,391,387,275,139,138,220,255,169,254,170,253,127,153,289,341,386,191,434,657,577,391,195,220,360,322,151,688,204,1040,221,225,416,409,489,520,919,489,1486,259,252,159,1018,911,437,203,362,320,196,386,620,879,1849,779,218,166,136,155,278,204,478,384,299,147,274,156,297,241,176,196,207,243,423,206,186,591,1222,5917,3396,1910,377,2598,2511,936,483,459,463,338,1045,742,903,395,1079,2103,2179,3050,1707,1874,1212,10143,2698,645,245,214,302,247,408,205,592,754,1539,684,1295,1395,934,403,1713,724,274,222,134,225,235,192,216,430,475,541,783,563,1372,759,312,303,204,193,218,118,146,230,174,219,170,205,264,214,199,252,224,150,190,138,136,214,264,172,215,148,126,143,194,206,166,156,142,140,187,216,199,154,141,188,117,129,167,232,178,152,132,137,182,114,272,178,228,115,80,113,116,103,173,285,193,147,163,186,202,151,178,180,231,280,122,144,137,142,165,222,217,202,122,220,76,180,112,328,117,197,195,212,131,155,177,114,185,89,170,149,148,193,292,212,148,159,147,235,119,154,138,178,89,292,124,123,189,183,186,152,208,127,219,121,223,161,204,124,190,112,229,148,125,121,106,135,169,132,153,165,91,185,156,215,153,170,158,159,140,193,205,115,172,131,114,155,134,127,136,164,123,178,151,140,158,84,149,132,132,106,133,253,182,129,99,117,167,143,157,125,137,152,103,94,229,194,138,151,153,206,160,175,151,107,145,130,161,87,151,109,1588,291,194,180,106,103,180,108,191,165,170,134,158,130,121,139,113,114,145,170,258,183,175,95,123,106,109,235,138,159,201,138,194,149,156,141,193,186,187,142,109,151,116,273,179,240,186,156,86,197,136,139,179,111,154,210,143,160,200,135,230,147,181,99,166,137,206,179,157,174,156,92,98,110,111,219,92,154,137,135,124,148,136,172,83,147,164,112,108,117,216,128,93,192,133,98,160,200,136,107,165,160,182,110,153,116,146,136,132,103,116,152,112,125,108,59,103,174,130,128,200,156,180,176,144,188,145,132,105,146,196,226,162,144,195,123,161,280,150,130,173,223,161,228,96,167,153,163,279,116,152,143,137,188,132,197,237,164,132,239,186,184,247,749,602,304,551,563,260,101,280,256,209,141,166,198,172,204,298,134,329,187,162,214,138,191,174,186,218,296,178,187,145,195,306,279,272,636,296,190,462,312,216,223,197,147,139,156,97,152,216,170,185,120,211,157,161,133,246,246,189,141,201,151,126,198,137,166,163,170,127,216,197,288,244,246,162,184,155,181,134,110,132,134,180,168,294,128,153,184,193,252,124,375,294,151,246,201,190,110,148,229,155,116,243,209,266,205,115,243,362,190,173,216,238,204,320,246,295,218,373,223,
62.07,349,131,246,283,293,332,2670,30869,500,229,415,248,197,2040,163,3996,291,290,264,192,556,602,1233,157,2797,424,4666,159,189,245,1556,267,2115,1015,1231,1854,1258,203,378,2134,239,1106,1561,1374,687,688,599,563,2762,333,901,432,322,112,1383,197,524,725,144,784,693,326,240,285,226,446,275,865,476,911,391,254,374,242,405,220,387,649,553,465,276,299,331,402,271,536,293,640,2239,477,254,302,349,218,518,407,395,261,240,464,273,371,312,396,264,579,249,246,138,226,245,293,1449,271,208,259,288,213,193,123,227,264,1944,766,407,276,205,229,242,194,375,141,146,212,212,154,224,171,126,319,274,272,196,195,309,191,137,167,296,205,145,907,378,300,174,108,208,282,229,219,605,129,244,214,208,150,249,260,124,154,248,130,135,80,175,184,99,280,145,298,144,154,112,185,208,99,324,216,627,520,111,326,410,179,185,179,171,156,161,2149,462,152,249,210,272,178,246,217,682,1345,351,173,242,172,225,223,187,289,333,297,122,223,132,229,154,190,312,186,145,158,257,197,374,176,259,167,161,187,371,137,167,167,234,171,208,149,2198,719,797,263,518,390,154,147,202,175,454,641,436,208,154,142,115,160,120,124,231,286,182,356,192,122,153,427,248,347,182,143,196,189,180,195,107,215,180,234,221,108,176,169,186,235,160,146,520,155,507,191,224,86,165,242,215,126,174,191,221,102,220,119,187,108,174,160,247,195,160,198,180,162,183,140,117,218,310,233,263,243,130,173,222,229,253,240,219,310,152,103,92,273,217,896,462,13903,2074,709,110,81,185,99,196,180,884,203,133,98,130,291,1917,12174,5193,9277,1022,309,203,92,191,212,330,410,254,111,150,120,205,226,485,475,2306,499,221,662,458,170,142,3544,1243,124,237,194,259,127,190,260,179,146,206,133,132,206,139,301,234,140,157,391,233,239,93,141,176,185,99,155,130,147,132,357,165,116,121,245,220,136,197,318,200,159,89,168,175,213,221,123,139,108,139,101,115,144,98,202,150,128,175,175,141,224,134,165,85,200,152,108,87,128,79,114,410,103,471,183,184,141,152,113,188,102,120,220,159,161,137,177,182,293,192,359,414,596,289,169,239,326,477,143,426,191,768,121,212,473,309,781,363,821,499,1004,147,261,124,510,1174,357,144,231,344,193,222,228,694,1176,605,122,147,180,223,198,294,577,278,360,173,271,84,209,154,233,212,319,416,321,283,157,564,1526,6723,3501,2250,747,3185,2971,728,234,368,482,428,1006,428,1427,671,1068,1807,1939,2577,2377,2487,1432,11564,2300,926,295,160,272,169,171,185,636,760,1103,776,1657,1814,1065,273,1337,360,247,308,313,193,165,157,145,433,760,534,478,158,949,641,250,217,115,119,136,137,89,173,155,200,190,238,110,155,131,176,135,105,100,225,133,147,138,160,161,220,185,194,184,118,244,153,135,288,129,172,184,186,88,187,77,138,114,78,185,75,97,87,174,138,151,94,119,81,111,213,107,69,158,134,167,151,127,138,158,107,146,97,141,221,133,157,102,131,122,170,149,120,349,84,110,163,197,53,106,75,151,228,143,213,119,214,148,173,223,130,117,138,140,123,92,152,71,174,138,205,135,81,103,118,129,74,117,119,171,166,141,202,175,89,143,87,100,237,124,150,142,103,131,117,166,160,49,151,129,111,95,125,85,169,234,114,147,97,118,74,103,173,66,144,53,80,97,76,54,157,122,88,214,143,153,123,141,79,79,57,133,83,113,64,106,93,80,145,186,117,54,104,223,69,83,129,115,136,135,88,244,77,153,76,55,122,93,155,153,171,1729,506,189,94,120,38,131,122,131,84,128,73,58,62,247,96,177,148,173,130,153,169,87,87,177,167,98,82,86,120,108,133,93,100,98,123,145,152,112,101,105,114,120,124,187,163,116,99,54,59,107,107,69,112,123,140,58,105,90,142,108,197,136,91,81,179,158,75,79,144,189,90,260,93,133,92,125,175,87,116,99,121,130,67,125,69,166,102,96,89,106,119,72,66,54,135,61,143,121,47,117,79,62,141,92,78,98,130,103,127,132,150,148,126,127,141,118,165,215,128,56,84,91,101,143,66,163,82,240,91,190,132,104,146,247,141,102,165,76,101,141,66,88,134,175,143,167,162,131,96,119,72,95,124,110,134,163,148,142,52,88,306,281,697,595,443,419,555,178,116,115,177,234,210,196,197,195,147,99,164,228,231,135,94,132,126,109,192,107,152,103,95,104,145,161,278,167,250,351,286,313,124,184,66,183,249,132,176,121,115,78,143,256,81,438,178,239,209,222,170,100,148,111,107,87,121,154,94,185,236,63,169,213,143,215,149,148,175,181,153,126,124,190,229,132,152,198,108,193,151,255,92,148,173,265,179,165,119,113,115,87,137,148,176,130,155,206,178,191,225,289,175,213,211,224,198,187,313,209,170,317,239,
61.89,348,278,253,389,718,164,4470,38197,1240,238,230,218,476,1821,378,4230,353,344,239,253,230,965,2442,272,2258,201,5352,198,178,468,1240,362,2543,1610,1375,2582,737,185,473,2536,462,1502,1006,996,411,720,673,543,2630,512,984,654,343,246,1250,313,310,1053,413,811,807,1034,244,240,438,319,615,755,832,635,459,225,326,563,633,248,497,667,820,598,419,294,442,455,367,556,803,580,1824,666,355,302,327,232,349,462,721,415,520,363,251,291,292,394,358,620,238,267,212,433,352,389,1258,351,362,320,270,312,339,217,299,400,2393,580,396,493,278,290,222,407,215,433,228,436,302,386,316,189,334,570,408,285,314,300,305,206,158,204,449,251,202,723,265,346,129,368,207,189,300,289,762,314,226,204,299,303,243,196,190,218,349,214,140,163,266,213,142,314,248,325,313,156,203,195,269,117,390,270,269,682,369,391,307,319,122,493,214,319,221,2576,518,287,175,172,423,232,357,179,525,1766,637,248,400,212,323,210,398,335,310,313,230,399,188,584,308,218,159,303,274,240,232,249,450,291,239,381,259,278,293,223,385,267,237,172,188,222,1495,897,425,302,312,233,234,382,258,370,289,832,246,373,237,190,204,221,200,186,302,221,201,227,184,190,301,266,269,259,340,157,259,260,347,141,167,220,173,185,208,282,217,167,165,243,194,221,508,307,197,244,219,200,208,195,224,193,237,218,197,166,200,209,296,237,115,185,202,192,174,206,217,172,196,456,351,314,293,175,334,155,267,247,142,175,335,450,246,245,171,180,161,187,373,2430,815,18517,2932,979,291,83,201,361,753,213,1393,348,178,247,263,712,2886,15870,6712,10684,906,402,202,151,250,266,437,201,331,304,200,206,345,494,605,438,2068,464,310,956,671,211,217,6422,2794,212,247,217,235,136,297,289,256,212,394,197,190,173,300,283,174,241,187,249,363,197,129,183,303,227,242,146,219,492,182,202,237,279,192,217,256,226,252,187,95,109,179,190,297,169,319,206,148,129,244,190,171,139,223,240,294,114,201,286,122,240,288,122,160,216,213,234,248,160,135,175,541,367,495,180,313,216,200,217,407,293,201,170,452,165,187,234,393,413,285,573,410,520,240,245,315,222,287,172,405,295,1179,254,387,308,472,705,494,946,558,1716,203,439,112,533,1016,710,267,322,247,229,279,606,861,1133,496,215,175,122,230,411,639,656,689,367,191,408,219,468,297,439,456,414,515,464,307,225,1167,3121,8301,5506,2380,1038,5710,3465,1143,338,346,580,611,954,805,1420,620,1983,3505,2812,2899,2583,3068,1434,8241,2043,811,196,236,324,258,331,452,1117,1309,1839,885,1604,1557,1137,318,943,443,209,222,182,364,158,228,194,731,982,584,558,373,727,408,286,231,155,207,257,266,189,229,153,280,208,199,286,247,232,172,138,201,221,158,160,128,298,90,177,187,148,227,158,199,199,158,149,194,158,102,117,261,97,142,103,172,124,166,144,156,130,161,149,125,115,119,168,144,97,198,169,333,192,134,171,209,203,184,186,242,215,143,257,170,189,189,142,160,167,161,267,284,131,145,85,183,98,131,244,169,131,117,139,190,235,136,144,110,117,168,245,118,120,214,202,136,187,238,117,194,225,113,166,158,349,172,119,197,163,143,129,190,156,101,230,143,127,156,143,162,147,118,166,167,155,150,162,227,162,220,198,248,229,182,152,200,144,136,181,195,152,206,83,143,139,110,133,101,93,161,155,198,103,205,218,108,186,88,130,123,273,137,250,106,156,207,176,98,115,237,138,147,223,150,114,195,119,127,155,142,143,184,133,138,137,129,123,184,219,223,2329,618,182,162,87,191,90,114,112,183,151,135,139,113,101,95,152,139,225,119,220,315,121,196,151,133,140,102,144,203,124,93,127,123,195,132,235,142,171,120,89,212,178,142,104,187,131,105,225,132,144,94,140,155,96,117,154,150,167,183,195,216,145,127,163,126,151,177,169,141,173,77,164,190,157,135,106,244,156,126,152,161,185,120,123,122,133,152,179,112,164,156,99,137,200,97,210,152,215,187,173,76,138,123,223,283,135,74,107,251,204,191,165,107,144,195,113,170,176,167,211,141,82,134,141,166,223,152,158,153,180,210,147,146,210,116,187,161,111,145,211,214,236,153,161,197,157,136,96,101,148,159,245,103,184,143,165,123,160,185,194,161,144,522,815,734,403,391,205,156,95,209,161,144,136,202,144,219,303,190,252,304,119,223,169,122,208,160,187,190,123,191,299,257,235,169,171,523,587,275,367,276,224,170,215,109,185,178,309,307,123,185,131,128,249,199,155,185,146,247,219,161,147,200,205,164,169,147,192,129,116,189,192,154,246,179,143,187,272,189,151,127,217,245,174,173,193,255,133,133,141,145,249,209,221,237,157,222,220,183,259,240,235,189,210,362,189,229,249,196,376,273,275,203,350,209,384,248,242,247,206,376,
61.71,347,359,359,306,358,169,2847,38846,1074,233,222,212,213,2484,188,2860,634,418,132,365,381,856,1588,231,2581,146,4933,211,253,179,1850,188,2962,1729,1376,1421,701,284,404,1669,237,1236,1380,1129,254,587,328,686,1971,915,860,450,351,187,971,364,279,683,180,426,920,364,184,224,305,242,255,1098,522,575,766,373,206,363,471,297,377,224,571,448,268,276,309,429,263,749,750,335,2633,476,317,488,247,216,449,433,468,199,326,249,229,204,299,280,367,483,178,397,219,265,167,347,974,512,363,227,357,252,238,312,317,165,2269,878,401,204,224,354,221,329,182,417,195,345,251,233,192,127,213,216,613,98,292,347,197,177,211,115,169,365,222,703,216,319,141,191,313,333,265,172,528,252,249,144,149,121,300,140,268,228,219,388,94,122,134,260,112,212,244,291,129,122,189,167,206,185,155,350,282,542,248,182,198,231,160,209,163,357,237,1595,607,193,217,229,314,202,225,214,665,814,588,227,159,145,247,372,172,178,358,161,174,214,220,311,157,225,139,228,226,141,265,172,459,233,187,156,143,447,217,178,275,248,200,128,194,129,1786,663,594,359,155,231,273,206,205,261,218,763,429,212,279,256,259,214,230,201,164,218,167,169,151,159,121,209,161,159,141,126,280,116,153,191,144,213,148,103,136,392,204,132,194,249,144,131,808,459,281,123,160,120,204,100,155,159,136,190,181,130,190,93,190,77,147,144,243,291,164,153,164,159,90,219,208,104,443,93,546,142,172,192,137,211,143,192,223,360,255,246,147,261,286,2093,714,24257,2734,968,158,124,136,143,616,195,1324,179,263,183,172,543,3226,17765,6066,8579,777,189,223,168,207,196,497,214,211,184,160,84,450,225,693,220,1320,384,234,1499,774,237,163,7730,3340,162,298,420,111,124,288,297,292,253,213,174,260,78,127,129,165,236,172,246,239,233,105,141,158,118,237,202,203,248,134,146,123,271,197,169,199,216,266,182,98,126,136,243,186,94,195,128,211,124,146,133,187,75,156,121,309,213,111,143,120,153,144,155,221,236,218,126,196,74,136,280,534,531,241,345,191,94,79,141,302,145,119,95,144,164,207,243,222,323,211,348,234,699,374,148,196,145,402,228,448,253,1044,232,126,229,179,623,423,1229,412,1542,215,281,113,811,1019,888,119,280,179,217,186,265,644,1267,584,250,113,187,241,414,741,645,568,272,221,356,190,331,168,269,162,387,566,448,397,189,1131,2861,7326,4645,3055,1290,4819,4495,1054,358,347,354,402,1094,474,1078,636,2407,3355,2585,2678,1950,2543,1402,8111,1442,402,264,128,280,258,284,169,727,891,1852,989,1693,1869,1157,220,401,479,194,310,115,327,146,237,94,741,598,408,442,435,648,243,146,309,150,130,246,120,208,162,111,194,154,211,219,205,115,206,158,165,134,150,138,102,125,117,135,203,189,239,169,154,116,106,142,174,179,218,90,116,200,170,185,134,180,167,271,126,158,163,119,206,105,132,146,139,83,91,104,215,80,110,102,180,134,123,190,117,101,104,207,72,71,102,148,136,203,54,81,186,96,142,119,131,75,94,72,97,166,178,157,109,198,232,61,114,152,87,143,176,166,65,126,64,164,135,84,182,158,113,118,114,245,164,210,72,89,137,130,136,142,144,159,93,186,120,138,80,139,141,158,132,203,112,120,137,188,115,127,96,175,170,134,142,188,91,101,125,158,65,103,194,112,141,137,70,136,75,86,95,64,109,199,179,68,96,131,60,130,121,82,177,115,98,137,233,84,82,117,139,134,137,143,176,185,120,304,107,89,104,129,175,114,75,104,148,108,120,3428,975,321,139,49,85,152,77,71,128,149,111,62,162,204,114,140,111,75,74,443,235,122,173,144,150,202,206,87,82,132,224,135,202,125,190,110,147,119,110,74,133,103,98,136,77,99,84,110,102,71,195,124,171,82,210,103,97,114,99,142,148,137,100,147,133,75,152,62,125,71,102,110,128,122,81,105,108,65,60,72,135,145,89,108,61,87,117,145,104,85,96,83,142,95,224,118,149,75,79,99,119,73,96,164,144,100,90,183,111,125,80,101,95,144,181,74,85,135,81,116,103,61,252,79,150,74,113,84,130,211,66,133,154,109,97,131,76,85,83,83,122,224,119,106,138,109,176,151,52,123,129,102,90,178,89,153,81,224,135,105,149,154,464,376,292,267,334,266,127,118,120,107,239,167,106,184,143,76,249,214,343,101,120,122,129,147,108,155,169,73,157,131,140,218,274,163,376,388,156,356,138,123,105,161,132,77,102,129,150,145,238,86,182,116,161,166,175,270,206,162,180,126,99,302,192,101,178,136,84,90,314,101,187,170,340,175,222,245,202,139,127,224,139,136,229,138,115,206,156,149,200,179,175,211,162,192,133,220,155,234,183,199,178,222,421,253,306,171,520,486,330,322,208,256,364,438,286,346,196,300,215,
61.54,346,213,150,245,1201,162,5087,33498,1029,527,392,224,400,2343,282,3995,570,232,326,231,306,1191,1951,191,4608,165,4608,147,264,250,1511,361,2930,1137,1019,2453,703,299,142,1639,257,1299,1313,1511,442,602,527,697,2851,362,1099,321,234,168,604,479,585,650,359,1129,708,356,190,368,470,629,356,1152,704,462,306,218,350,277,447,353,476,862,551,666,280,353,394,346,303,494,918,399,2459,418,337,231,395,200,653,363,638,198,360,251,240,320,235,353,406,301,200,266,210,294,178,262,1436,407,236,192,331,163,304,189,492,265,3472,953,317,293,214,339,223,111,220,300,176,526,183,170,271,361,209,255,567,149,468,240,164,238,149,144,153,298,196,1184,197,193,106,149,228,182,234,330,604,135,227,209,191,140,265,218,200,309,456,325,229,202,117,294,240,304,120,147,146,147,185,175,174,255,115,296,905,145,228,285,185,134,160,217,300,335,126,1560,624,346,225,233,267,260,288,195,598,1489,720,191,220,211,154,163,269,226,336,168,172,143,184,314,233,166,173,316,275,244,190,196,234,259,127,481,214,257,346,171,176,359,161,85,140,163,976,495,522,244,170,157,236,138,328,263,303,480,187,141,214,209,156,127,146,182,206,195,202,169,268,213,144,208,256,112,175,198,281,105,219,74,243,124,261,150,277,234,108,206,277,277,74,171,726,190,231,261,117,116,105,171,231,180,202,154,109,110,208,161,93,294,160,141,275,201,143,135,126,192,179,152,224,160,654,186,411,132,79,191,217,187,152,692,341,239,168,210,83,128,195,3050,1012,28119,3065,508,151,270,139,337,559,138,2054,205,183,178,152,779,3425,19999,9061,6869,401,303,98,130,232,243,586,311,325,287,122,251,417,361,611,286,1619,225,172,1871,564,341,168,10909,3974,372,160,180,217,113,206,176,127,488,486,295,162,213,239,162,177,192,193,130,320,201,170,173,210,152,141,150,130,174,190,285,140,136,106,128,98,111,140,96,76,200,156,95,145,173,127,143,171,96,157,86,144,62,178,274,308,116,140,128,135,69,86,241,237,420,329,192,204,68,167,135,534,314,176,102,139,122,125,137,243,135,221,195,498,152,145,319,303,233,135,351,497,568,250,287,148,186,357,122,341,282,1094,245,288,178,497,443,530,885,368,1495,297,192,174,767,1395,668,319,284,318,193,286,434,1142,1920,768,273,467,183,266,332,900,1158,819,456,141,283,159,560,322,507,124,465,718,434,313,196,1190,3498,7115,4625,4058,767,5305,3391,902,328,257,361,433,1070,898,987,527,3197,4065,2640,2932,2214,2938,1465,5873,1068,331,164,219,324,280,255,411,1002,1991,1592,1039,1523,1556,1050,134,474,367,143,277,206,252,138,226,205,346,828,420,557,138,518,191,188,97,156,241,234,179,137,124,225,259,164,203,160,164,180,150,121,136,150,111,142,205,188,104,111,172,309,98,101,159,75,186,119,88,132,153,93,164,130,211,95,119,157,96,148,123,160,148,120,92,128,139,174,101,132,158,204,137,116,157,83,97,128,173,69,216,164,180,186,147,145,266,203,130,149,83,123,158,156,116,66,174,86,92,108,192,64,113,152,94,142,175,177,154,259,100,89,109,109,141,120,120,99,108,73,163,146,89,158,145,180,70,169,132,136,208,103,169,128,72,155,160,234,170,144,150,179,120,126,99,65,157,168,109,126,67,123,109,107,94,81,86,65,111,75,189,156,133,109,118,105,111,105,137,70,115,103,121,169,94,249,94,94,72,109,155,198,109,126,141,157,111,90,97,75,134,91,319,140,161,74,41,228,157,140,196,81,62,169,104,82,165,153,213,136,192,3354,778,289,106,146,115,169,121,86,143,158,72,122,96,50,71,121,130,187,132,336,246,122,170,57,80,102,109,111,98,83,103,105,191,93,124,144,167,136,74,77,153,64,107,187,106,218,71,78,131,129,108,88,126,165,185,90,103,355,129,184,124,108,102,156,127,165,64,158,141,76,117,227,60,77,119,150,111,107,106,191,109,149,116,129,144,147,93,118,155,104,102,92,195,98,61,121,116,115,71,177,172,62,142,87,120,174,151,195,78,89,214,146,58,133,92,88,224,120,110,147,107,84,97,153,111,98,93,91,167,169,86,87,92,140,183,150,117,105,148,132,122,109,119,151,154,183,158,140,99,84,142,170,106,173,152,199,50,126,140,157,223,168,345,414,302,227,238,123,166,114,122,138,174,115,118,129,118,152,160,213,110,115,177,84,110,114,82,130,151,175,140,93,93,148,220,91,176,319,166,318,189,157,165,55,121,112,127,81,194,113,150,143,130,113,171,145,162,194,254,165,110,134,104,195,104,177,110,143,170,90,301,179,115,128,201,209,193,188,151,197,131,184,169,171,177,162,121,177,200,167,150,162,178,137,327,260,248,260,196,139,224,256,248,248,385,228,208,292,651,791,294,248,255,331,350,454,342,404,422,391,278,
61.36,345,328,240,243,800,243,4716,40265,1757,471,359,283,437,1998,326,2691,574,422,274,207,374,1044,2258,217,3750,301,4315,284,321,246,3159,595,1938,1769,838,2117,957,285,667,2419,415,2092,1656,1358,739,807,226,664,2505,356,1042,665,407,248,1963,406,606,1233,367,956,992,906,492,318,300,461,581,1235,732,604,688,257,584,299,576,465,515,447,705,661,394,407,399,636,611,667,792,762,3783,783,294,437,599,410,849,517,392,359,323,426,402,351,469,381,475,586,319,340,291,391,221,383,1528,415,373,225,503,210,408,232,191,266,2831,973,414,264,213,258,285,389,339,277,149,321,336,388,174,222,394,457,496,180,289,485,288,168,164,317,534,327,230,1183,243,339,172,248,342,372,185,175,548,631,280,197,261,225,430,243,355,245,369,395,184,247,196,181,172,228,226,372,166,297,282,199,251,197,394,327,827,305,280,302,210,188,292,323,308,264,211,2779,711,299,203,317,259,328,410,354,622,1635,501,203,264,251,278,302,270,395,234,247,261,227,315,417,318,300,427,210,320,315,404,252,569,355,254,271,293,377,264,304,447,305,228,212,214,252,1947,814,634,205,208,327,273,136,176,210,369,965,385,196,240,366,298,186,150,196,229,258,191,285,226,214,288,267,152,268,361,323,229,129,239,212,224,202,151,283,210,242,254,211,191,158,235,202,921,428,296,243,231,284,180,182,221,255,365,281,211,332,253,169,204,225,165,317,164,254,205,144,322,178,238,275,204,354,802,233,966,157,154,332,198,330,368,493,282,353,215,228,202,146,423,5214,2342,30266,4008,1834,230,193,246,284,841,439,1407,276,246,288,276,619,5193,20410,8782,6460,540,397,108,142,198,411,507,277,263,459,236,292,317,489,928,275,1167,362,203,2371,522,250,311,14362,5329,273,233,164,229,117,232,239,264,841,1061,185,229,209,204,311,238,170,232,199,455,258,166,152,270,171,202,190,237,144,141,189,236,358,271,248,145,261,227,162,149,224,193,149,204,225,122,143,156,201,142,151,167,127,284,291,319,154,370,176,208,357,189,223,325,326,197,245,212,107,161,132,957,400,272,360,275,164,138,168,393,249,275,252,321,211,229,220,677,722,317,549,765,599,283,163,230,327,345,265,559,319,1085,401,278,442,466,769,685,1402,946,1600,282,324,211,834,1488,671,306,437,250,141,552,395,1013,1576,895,326,576,107,206,633,1101,1170,790,716,416,1086,495,442,338,475,794,823,1356,782,698,425,2175,5231,8618,5141,3734,1809,6940,3656,985,280,479,674,617,1534,1537,1523,575,3944,4737,3621,3558,2802,2056,1729,6717,1178,487,261,385,344,410,428,251,916,1637,1854,846,1724,1450,854,238,437,254,196,325,165,171,186,274,262,596,748,359,461,198,529,316,144,145,159,263,206,156,193,203,124,294,178,222,289,168,151,170,161,128,165,141,175,145,161,209,139,161,185,194,162,136,159,145,191,243,159,278,129,110,254,215,153,275,222,77,221,185,234,215,158,206,218,459,174,171,178,160,123,203,182,206,127,190,187,178,143,160,182,201,148,196,245,196,150,87,227,192,164,144,214,90,84,245,214,238,215,166,110,128,214,177,164,181,184,262,105,136,228,174,206,187,95,215,156,138,107,118,210,216,112,148,159,177,160,190,236,131,116,156,157,128,201,103,155,157,118,171,114,178,322,164,119,200,145,108,251,143,109,86,198,131,237,229,134,87,112,173,127,209,159,135,101,102,153,107,126,156,109,145,122,152,125,296,214,96,129,148,221,206,147,144,170,186,220,99,93,151,97,82,152,135,103,216,116,140,168,175,155,160,265,122,133,134,249,299,167,135,3985,751,260,120,173,155,161,246,157,145,157,121,230,151,157,106,174,199,206,162,420,758,155,223,189,148,145,203,190,149,133,205,168,150,174,205,193,181,116,100,149,132,207,185,231,193,125,174,115,151,164,194,135,119,235,111,205,124,265,153,165,170,184,195,206,159,175,103,179,168,130,209,203,129,122,143,191,140,121,212,79,102,198,178,127,123,166,199,133,121,165,125,162,167,141,179,158,154,120,138,138,174,87,133,91,122,234,126,164,116,157,170,143,126,151,180,147,285,130,200,174,216,152,163,134,202,156,170,236,53,269,206,114,221,215,215,251,203,142,161,159,74,214,205,102,241,169,234,151,187,169,83,142,181,251,116,207,170,151,193,206,268,237,607,344,302,302,279,79,235,200,164,242,253,164,104,116,138,195,190,289,267,175,214,183,164,168,206,167,174,200,149,197,186,224,213,127,314,178,217,249,156,191,180,177,178,110,292,145,210,155,193,199,173,242,284,184,258,320,332,216,121,287,157,169,152,163,195,224,251,311,221,172,245,165,442,164,201,531,213,227,224,113,224,178,225,243,232,336,278,219,222,317,330,289,236,222,239,482,344,286,357,212,292,271,428,328,438,391,1190,886,505,511,326,458,495,360,719,533,485,383,413,
61.18,344,210,203,334,690,173,4401,39963,900,209,269,260,729,2141,200,3505,428,445,229,205,233,1253,1326,444,3847,216,5485,133,206,455,2520,250,2295,1363,1237,2089,1118,308,854,1902,384,1029,1160,1801,793,657,266,654,2435,307,793,824,316,250,935,333,451,858,436,696,1183,735,215,468,262,561,339,936,722,669,369,167,218,248,306,294,1016,508,484,577,213,344,182,285,318,501,628,337,3282,932,391,231,686,470,576,415,435,146,365,230,254,229,223,276,375,435,267,261,206,258,226,273,1250,368,233,251,344,242,390,140,241,461,3877,886,613,300,192,215,227,233,252,379,249,360,210,177,182,271,230,349,263,216,275,285,274,124,144,273,204,195,196,1000,264,252,72,322,166,235,231,165,560,190,308,409,125,75,149,140,430,284,164,244,244,206,145,114,145,397,223,358,168,145,167,211,125,122,307,151,257,415,271,392,228,189,184,223,257,277,209,3061,638,195,265,194,273,254,360,244,499,1588,405,166,190,174,166,233,250,127,371,153,179,251,181,451,178,202,277,250,128,204,269,276,537,152,198,299,176,390,174,255,217,342,168,212,288,274,2116,667,486,233,133,265,119,108,227,120,172,543,278,127,171,135,228,126,185,165,251,198,150,247,240,223,199,148,255,122,151,124,186,103,210,164,139,253,161,357,166,214,184,204,95,122,234,210,923,310,269,273,175,197,290,126,156,154,270,247,215,184,152,223,229,297,166,210,210,210,206,207,167,128,185,126,192,274,738,418,1287,297,126,105,128,271,224,864,330,338,129,150,150,147,827,5911,2019,29958,4210,711,283,81,190,232,409,234,1625,338,268,179,145,873,5075,21240,8463,5869,374,231,221,73,232,217,635,185,220,308,231,121,291,354,343,368,634,131,159,1249,641,145,218,14141,6666,438,322,192,198,121,254,285,226,941,1240,300,299,144,185,125,146,162,127,113,391,168,182,143,282,127,190,122,85,220,159,140,130,182,170,225,127,166,128,224,115,171,182,352,95,275,50,168,309,248,186,97,157,101,165,91,182,255,203,132,132,200,162,199,197,184,244,170,86,111,158,126,673,340,214,322,84,165,140,188,242,271,339,213,168,126,75,430,200,443,187,387,573,643,256,132,127,237,582,285,640,294,1326,231,294,287,597,456,537,1147,747,1194,323,221,127,997,1273,847,191,255,137,152,145,826,1398,1251,833,192,248,246,141,634,1532,1085,646,439,677,839,540,142,349,447,350,733,1207,880,802,408,2160,4832,7082,4571,4881,1683,6103,3055,768,263,357,410,419,1294,756,1301,715,2964,4835,2753,3164,1817,2034,1099,3325,460,197,180,251,198,156,163,167,850,1962,1375,920,2049,1200,587,226,336,161,206,213,169,208,110,184,214,628,526,246,184,206,450,175,258,135,193,144,134,89,117,174,162,182,176,149,192,132,165,163,107,123,113,85,223,136,129,102,297,132,88,122,99,130,84,79,206,264,117,163,68,160,176,191,164,100,151,165,224,176,101,110,113,87,219,205,193,145,212,170,76,230,159,108,129,130,168,112,94,215,125,162,121,39,148,151,104,168,154,157,147,117,156,184,53,116,121,85,234,150,77,229,115,150,225,74,160,110,78,127,175,125,182,165,83,155,98,192,105,133,121,154,134,74,120,106,127,260,123,76,90,119,180,159,141,149,160,129,131,118,90,108,117,99,101,138,202,104,63,105,88,224,128,142,99,120,131,75,88,102,135,118,122,138,97,171,119,145,211,112,102,80,52,82,75,136,108,59,94,67,94,76,182,107,106,78,135,127,110,93,120,173,93,85,162,222,72,175,124,128,107,113,109,150,101,184,150,181,169,133,2557,564,268,128,112,229,174,155,78,105,103,127,188,55,156,116,200,256,132,147,572,597,222,325,88,177,134,99,185,73,142,187,92,143,134,92,95,95,91,133,89,215,97,135,106,151,124,56,133,123,190,300,151,103,110,114,150,97,145,155,104,143,101,104,120,152,128,158,133,181,77,134,178,315,119,171,88,170,161,85,101,70,149,223,112,99,161,102,120,150,123,123,71,76,93,97,106,138,114,106,93,149,125,91,181,118,190,96,72,169,91,108,93,106,92,119,142,115,111,91,165,59,124,158,247,147,171,128,144,93,82,100,149,126,148,112,117,164,80,101,147,165,135,124,93,124,115,166,146,143,94,149,111,147,168,111,122,67,93,204,130,161,150,417,334,350,191,188,170,98,245,185,158,153,196,122,148,152,127,174,200,179,164,86,130,103,60,175,65,165,93,187,160,162,147,120,91,290,221,118,387,281,111,96,131,73,85,151,246,139,106,76,98,144,168,126,168,125,171,219,276,205,91,185,328,242,136,142,151,148,299,370,194,270,262,208,246,338,428,170,163,158,149,213,225,334,211,308,198,241,268,207,300,285,325,221,211,242,339,246,253,303,318,332,315,338,329,558,351,1318,1150,558,447,417,429,331,471,399,463,496,551,540,
61,343,222,239,324,890,217,4049,44658,1254,246,309,188,702,2461,172,4592,338,523,272,289,401,1407,2594,248,3724,307,5374,165,363,794,2651,303,4065,2468,1606,2681,1041,228,1097,1717,369,1998,1736,1310,877,805,318,973,3363,337,1254,612,475,371,1261,595,692,1743,445,722,1395,705,396,275,449,631,447,988,789,1147,739,407,760,481,567,426,1109,795,781,444,295,255,318,596,257,725,697,569,4503,938,414,408,526,316,435,663,624,227,353,217,566,292,840,344,521,728,273,461,309,360,347,254,1346,473,468,202,264,310,301,251,287,373,2962,862,660,402,315,283,276,333,271,373,210,478,208,256,213,362,309,545,839,185,355,463,251,285,259,253,222,454,281,949,425,222,150,311,203,277,324,486,525,260,181,172,300,226,204,113,375,253,226,457,159,212,239,230,307,247,550,268,323,287,284,227,204,155,413,377,881,513,400,247,279,269,314,327,263,233,273,3135,739,338,235,250,289,383,319,183,557,1670,710,194,307,244,319,380,275,304,252,238,189,258,350,481,212,197,153,191,205,286,365,271,330,215,290,249,164,320,271,304,440,412,253,309,192,365,2143,976,439,422,358,298,221,208,296,143,213,688,374,180,241,294,255,220,184,351,191,169,183,301,222,224,197,152,147,306,193,240,265,178,215,236,205,184,206,240,328,281,171,264,218,306,231,263,782,610,265,204,311,125,181,310,271,205,301,265,167,209,210,180,277,204,296,226,202,145,175,245,169,291,161,143,333,329,1628,991,1720,378,165,236,237,206,283,1086,545,567,161,155,265,220,798,6224,2954,33357,3669,1151,262,233,205,293,903,520,1238,430,287,355,267,865,6346,20151,8825,4811,324,253,301,231,184,334,266,237,185,693,205,317,458,470,675,345,550,615,235,1705,565,214,301,16163,5939,212,339,266,151,207,204,233,172,1400,1503,313,281,219,274,181,209,111,230,228,353,264,182,196,176,174,232,154,235,197,256,121,192,229,449,266,183,377,290,186,140,193,151,177,187,233,187,201,214,189,177,167,238,294,165,202,274,272,364,239,108,233,181,190,193,313,290,323,149,178,154,189,680,333,374,465,173,266,196,234,261,273,262,164,577,167,240,318,658,676,455,589,617,618,370,441,218,165,615,297,625,226,1309,272,364,667,461,685,469,1556,923,1839,506,458,194,1030,1813,875,253,457,234,197,285,431,1304,2302,958,294,385,176,300,1028,1819,1865,974,1145,673,977,571,563,372,600,669,1093,1781,1087,823,510,3348,4116,7539,4998,4001,2061,7078,2983,809,337,528,287,351,957,956,1268,642,4567,4864,3192,3671,2603,1600,883,2527,524,363,185,320,268,271,289,355,1207,1611,1813,922,1484,931,483,191,216,206,249,284,146,174,182,238,224,668,528,292,512,222,229,163,233,197,181,149,197,221,109,339,306,312,354,452,249,278,155,189,160,272,335,140,251,210,189,144,207,153,144,116,188,136,230,157,210,177,176,173,114,151,178,233,137,196,177,157,179,103,172,174,251,197,300,188,182,212,136,156,186,232,140,220,170,181,108,177,166,182,146,143,260,207,150,120,150,166,191,186,191,243,166,167,199,163,220,239,141,190,149,190,151,146,149,191,162,142,276,146,154,162,147,235,289,170,348,137,147,151,245,187,153,240,182,126,156,123,92,173,185,205,190,146,121,138,174,168,216,167,198,184,186,110,182,152,124,177,160,115,121,105,250,183,151,188,133,128,124,154,207,151,135,109,133,135,170,143,103,169,97,195,151,145,117,200,172,155,135,137,212,152,131,106,109,125,157,121,219,206,151,262,167,157,122,150,141,137,105,234,127,184,218,112,115,122,172,161,276,106,2560,916,290,106,248,171,213,103,184,154,189,165,133,96,167,149,139,166,201,144,471,534,188,121,112,277,158,222,143,175,169,205,91,220,147,167,137,119,259,118,189,148,244,136,199,136,121,92,188,184,120,191,283,154,147,179,282,111,143,120,123,112,250,105,126,163,93,223,134,105,185,171,163,174,165,152,116,194,174,155,120,225,199,105,89,114,168,158,130,213,178,189,147,178,178,122,95,192,151,217,88,167,112,168,161,177,283,156,153,93,114,143,152,125,214,112,149,165,173,138,110,120,148,150,170,188,222,133,143,95,215,148,171,161,115,129,264,171,119,182,139,126,212,179,185,154,182,222,247,115,137,180,177,125,315,128,77,132,136,336,212,245,143,281,218,232,268,165,195,250,196,189,129,145,177,270,225,221,155,170,163,162,181,195,221,134,137,161,297,173,136,140,117,160,200,257,181,366,454,231,419,152,250,184,176,191,126,222,298,170,182,282,215,202,201,282,305,170,282,318,263,131,217,180,257,201,228,174,214,265,250,433,248,223,174,324,313,254,386,364,253,253,189,229,228,321,268,280,532,359,235,283,419,517,371,269,410,350,446,449,308,456,327,435,372,519,428,552,574,1141,1319,634,705,586,564,396,545,629,562,657,637,667,
60.83,342,221,218,280,823,274,3945,42759,1708,314,203,262,348,2395,496,4613,467,401,147,391,389,1113,1620,637,2818,277,5677,151,170,403,1931,201,2124,1833,1232,2298,530,343,627,2282,248,1902,1102,1314,454,282,196,904,2674,561,1470,748,466,332,1190,677,585,1404,406,574,454,359,216,360,491,534,598,905,899,693,515,390,304,383,425,369,559,370,551,409,259,396,327,386,325,803,522,498,3568,572,339,455,470,181,433,384,262,241,375,274,474,282,268,327,397,414,237,252,230,217,167,253,1705,462,501,147,301,378,229,248,343,292,3462,1058,336,359,285,218,335,403,203,151,139,322,248,210,89,251,383,512,399,324,322,277,260,195,358,168,177,387,143,1663,449,237,103,319,154,200,330,272,628,446,264,131,137,228,182,174,263,191,229,841,148,127,79,290,170,179,237,247,155,179,207,250,241,174,314,327,544,487,309,232,226,114,203,165,307,235,324,2357,488,190,410,213,488,276,270,246,606,2172,599,184,288,334,269,173,304,194,246,186,105,206,210,279,243,264,309,277,180,146,237,267,455,179,157,381,212,330,191,333,284,226,228,385,273,177,1948,572,534,154,152,280,295,305,213,69,222,660,214,238,261,176,106,286,170,335,145,107,268,214,189,193,197,338,201,147,311,131,408,124,134,142,181,135,308,108,155,187,260,213,124,136,187,231,1015,248,214,236,138,249,265,175,203,126,281,159,204,183,126,123,109,251,138,188,156,164,208,182,99,149,183,179,151,183,1431,522,2292,231,110,119,127,217,224,1335,696,322,100,130,88,146,502,8085,3568,27463,3199,1023,200,168,337,140,638,237,896,351,167,456,139,895,6419,17592,6459,3073,277,223,149,226,177,234,373,309,374,696,169,110,315,540,266,233,273,494,180,857,485,296,144,13821,4678,208,167,114,224,128,275,117,177,1846,1877,186,166,277,141,117,202,294,148,167,215,253,189,176,151,165,210,251,216,214,191,114,185,127,99,206,162,124,221,118,63,173,102,189,259,197,196,117,174,170,183,169,98,146,171,174,369,185,185,142,123,147,128,208,140,279,218,176,66,101,244,134,698,218,271,166,251,89,196,149,476,180,237,195,321,177,135,255,442,570,253,692,563,718,216,269,193,305,442,231,992,233,1712,276,282,377,510,661,448,1313,443,1414,190,197,176,1004,1889,497,196,456,241,195,431,597,1811,2403,1272,207,451,165,188,1335,1984,2500,1061,1244,834,919,654,479,355,491,519,840,1510,1044,669,579,3001,4120,6845,4676,4850,1801,4351,1792,331,288,193,235,467,1384,820,1028,772,3784,5134,2841,2879,1405,908,419,1122,360,244,175,161,368,189,313,170,934,1916,1347,700,605,494,295,188,148,213,198,264,164,210,208,122,104,705,389,206,163,123,290,137,197,172,151,215,247,129,133,156,131,121,134,119,220,128,218,170,190,158,115,118,208,131,139,94,170,113,181,143,95,145,167,160,138,128,108,75,118,144,99,260,170,169,187,178,83,116,132,118,150,127,152,161,132,145,159,184,91,154,183,145,160,178,85,174,112,81,139,139,113,214,92,132,108,127,207,215,120,214,120,220,87,73,112,136,71,122,156,309,308,94,151,184,76,126,123,89,197,134,110,130,146,104,243,152,118,130,97,115,130,167,171,85,111,178,151,82,96,98,142,131,123,94,109,109,127,100,120,79,83,147,145,95,58,119,147,113,142,126,98,140,230,66,80,61,150,139,269,151,159,79,113,96,81,124,149,92,126,74,105,151,195,141,97,102,100,170,130,189,86,170,99,133,173,166,125,205,102,125,151,83,87,136,157,208,177,164,144,184,118,221,105,88,180,88,121,144,1774,438,210,140,81,154,83,147,133,136,218,185,97,161,99,78,244,124,141,142,605,196,138,77,115,142,166,89,129,192,140,184,103,133,162,111,70,135,78,163,100,166,169,142,146,146,83,166,121,113,186,136,94,152,86,104,86,107,110,107,191,148,156,129,128,169,35,77,77,124,63,135,117,132,150,128,167,151,80,170,164,220,86,130,132,68,96,102,217,121,180,190,170,178,168,82,92,170,117,151,145,144,76,148,161,85,251,109,59,148,101,203,178,151,106,112,93,150,147,120,138,191,94,145,130,128,192,92,109,96,126,103,152,71,259,122,166,109,111,215,154,216,113,93,146,103,148,278,115,66,137,243,138,141,192,214,128,150,81,230,134,128,140,302,296,205,241,184,102,138,87,136,116,152,73,177,223,193,218,148,143,153,193,179,101,242,136,157,88,135,150,105,138,214,335,310,185,145,182,179,301,204,244,232,162,146,143,72,173,114,199,144,241,133,335,158,205,188,281,159,207,162,218,176,140,184,239,159,177,137,152,363,412,239,308,403,184,290,328,393,289,253,209,251,229,367,277,320,333,339,236,516,455,485,247,363,443,472,405,459,371,482,475,441,370,455,405,540,701,1429,1666,544,583,723,552,346,480,426,483,574,525,581,
60.65,341,256,350,294,1280,410,6087,45896,1172,369,239,281,576,3007,563,4500,713,716,186,194,280,999,2099,284,4027,270,5660,365,165,236,2402,455,2352,1939,1973,2458,1688,233,361,2200,512,2243,1007,1597,540,1100,669,1068,2991,571,1067,1025,370,494,1343,481,694,849,533,1062,945,702,250,621,502,624,527,1547,917,789,491,352,531,467,451,311,808,637,547,679,262,462,374,462,242,641,544,639,5549,960,415,456,641,322,560,411,518,338,280,234,309,240,554,374,500,586,231,350,440,293,222,414,1531,276,463,219,621,249,412,184,515,490,2079,499,681,265,212,457,226,310,382,420,215,275,395,194,230,420,213,910,659,316,418,272,278,245,255,251,235,295,233,1489,449,244,138,236,264,290,520,225,797,374,189,199,373,256,323,306,228,364,389,519,249,229,133,385,206,200,256,351,315,244,259,298,246,159,406,509,782,472,391,385,339,233,220,294,339,372,302,3061,816,379,326,288,295,416,398,268,546,1627,700,235,240,380,480,324,293,443,259,254,234,231,255,479,219,205,229,254,222,269,386,221,493,265,248,214,229,504,265,402,289,224,314,298,238,282,2521,1101,1011,240,223,433,203,210,321,220,247,879,506,214,360,267,207,258,143,279,272,291,168,233,150,269,345,639,190,261,245,163,317,200,232,279,385,239,237,258,259,235,252,191,140,228,257,226,664,701,381,232,226,174,242,184,236,160,238,260,320,233,339,147,283,145,210,331,234,315,161,405,239,383,176,227,200,208,2513,1412,2254,274,225,208,290,238,542,1034,476,550,211,283,191,200,958,9034,3619,27397,3057,724,208,165,293,221,640,295,1381,210,178,208,278,969,6061,13406,5814,2880,475,158,152,132,220,318,239,238,177,649,393,258,240,325,442,237,636,261,203,974,483,401,219,12676,5836,256,384,223,182,212,190,193,301,1485,1770,284,142,272,157,187,327,252,221,185,265,247,159,104,218,253,296,217,144,269,324,320,223,205,228,318,202,306,306,252,178,208,144,194,244,167,176,317,412,194,241,206,209,197,151,263,333,154,229,208,127,257,171,153,179,573,233,265,134,186,242,344,731,615,390,506,229,168,258,319,573,239,278,165,567,255,121,368,353,827,301,642,629,644,307,225,271,409,645,342,662,471,1763,265,309,473,490,603,645,1394,644,1675,392,333,334,1262,1786,1282,287,370,341,153,668,707,1228,1957,1115,280,431,172,366,1809,2270,2561,1461,1284,1405,948,666,349,301,700,781,1112,2311,1370,664,477,4833,5020,7678,4774,4300,2026,4858,1629,388,230,251,273,579,1331,606,803,988,4300,5209,3150,2548,1281,778,546,1080,447,425,276,273,298,359,274,112,1189,1589,1458,643,729,377,380,167,149,192,195,182,218,210,164,181,134,578,668,211,228,185,180,206,128,215,206,194,184,116,163,171,149,232,182,307,207,212,166,315,222,162,187,187,326,184,278,127,329,177,197,128,246,195,163,185,419,168,244,211,211,122,145,268,119,145,198,209,147,153,317,160,214,133,282,240,108,167,115,130,182,158,168,159,205,260,139,170,277,163,128,195,153,119,237,221,109,153,174,168,181,194,239,261,184,219,149,97,181,151,179,223,165,186,239,156,207,144,122,140,168,203,167,123,166,164,191,111,131,139,86,253,200,219,201,137,217,225,172,113,140,114,212,257,120,128,251,107,137,177,138,187,122,216,163,220,150,151,128,137,132,118,182,149,137,132,133,120,158,127,243,134,149,195,163,173,97,231,165,178,200,191,188,149,226,261,84,120,200,189,326,186,141,108,198,192,193,169,229,153,183,106,189,154,159,158,131,209,193,282,146,135,194,109,188,150,136,283,249,140,1805,467,179,80,113,236,121,190,155,151,152,94,147,87,154,207,171,185,195,252,436,270,131,112,170,160,188,197,130,198,199,267,254,215,173,170,165,267,225,104,132,144,116,325,100,123,195,119,146,186,86,121,112,206,171,81,139,125,193,180,117,146,119,204,150,104,170,142,157,206,214,115,151,153,142,108,106,191,202,139,205,222,117,168,168,164,273,190,195,155,177,173,149,158,119,175,147,189,151,205,164,258,126,293,244,144,147,186,146,191,179,189,127,142,150,156,222,162,245,142,142,183,171,186,210,117,136,146,140,122,226,146,139,170,172,112,197,131,142,141,143,149,179,199,118,253,177,142,168,127,179,154,178,224,248,147,166,111,152,238,188,282,325,395,231,267,173,167,148,188,198,110,180,201,163,172,131,255,216,176,444,218,157,220,158,228,165,424,220,223,174,161,266,172,199,194,289,213,268,442,483,492,259,303,148,138,156,202,171,217,222,215,283,174,386,281,269,285,355,389,262,304,161,201,224,113,264,230,270,249,360,529,498,363,253,450,320,445,792,377,284,242,335,449,362,374,346,510,490,409,516,302,675,559,337,319,510,513,630,540,417,668,620,546,635,483,525,798,689,1370,1223,889,646,664,663,598,593,608,748,684,823,850,
60.47,340,280,230,215,911,373,4710,48646,1322,298,285,296,393,2184,393,3244,419,882,350,206,380,858,2624,253,4015,172,3843,360,417,651,2931,232,2124,1743,1030,2188,1674,455,546,2820,316,1568,1039,1216,717,323,322,736,3072,476,1153,479,467,270,1018,542,491,1020,354,897,770,464,331,355,432,555,428,1503,762,648,308,303,419,358,347,325,732,433,826,337,193,277,373,610,145,759,950,455,4908,1029,389,294,435,389,510,358,423,173,363,404,296,339,155,482,346,466,194,224,241,412,240,235,1561,319,256,199,365,166,324,128,358,445,2695,398,208,220,174,321,221,176,253,211,193,263,307,304,247,372,321,656,206,397,592,311,181,154,337,228,306,305,214,976,168,253,134,166,238,165,290,357,442,210,202,93,313,289,329,134,285,306,312,244,209,240,219,193,211,298,246,314,247,193,189,266,431,278,291,322,550,703,256,242,255,205,183,167,445,355,212,2128,672,263,175,251,199,302,261,264,750,2062,761,210,189,252,288,200,219,223,199,208,287,361,240,320,254,271,317,292,267,166,206,330,476,220,215,234,219,262,221,174,260,235,256,276,342,235,1900,1601,558,325,138,240,218,258,188,89,253,800,539,184,144,226,233,235,84,122,233,155,128,238,189,150,253,193,225,288,234,163,440,114,177,136,205,120,312,247,148,131,293,169,96,134,90,152,830,580,427,306,237,138,133,291,283,124,242,309,189,262,373,166,105,274,123,115,251,159,197,231,187,152,206,132,328,305,3594,892,1621,551,199,149,291,324,250,1010,596,285,168,163,145,211,741,7825,3791,24463,1995,487,186,126,203,252,685,506,543,359,177,449,241,931,4431,9078,3246,1794,221,142,101,201,257,134,232,286,176,570,227,151,211,203,331,249,942,209,215,409,385,235,292,8903,2568,274,215,152,272,226,218,112,265,823,1042,303,108,132,152,219,174,157,166,199,251,212,322,140,158,224,145,121,181,211,284,154,123,200,144,274,157,257,341,169,135,131,174,118,86,134,250,166,213,392,85,113,157,120,176,178,503,165,140,103,92,187,108,137,98,186,176,205,140,152,217,150,398,289,473,132,507,184,227,290,615,147,247,148,607,129,173,361,440,609,238,578,726,686,406,131,230,321,369,171,589,494,932,111,308,751,895,598,537,1486,1106,1589,263,302,249,1726,1473,1174,266,381,347,100,307,589,1315,2634,773,277,449,255,216,2056,2067,3008,1609,1632,1139,747,550,321,466,447,942,1058,1305,967,520,609,4632,4186,8187,4610,4125,1893,3199,1356,234,252,219,481,635,820,353,463,798,5555,4357,3076,1737,878,732,209,640,189,216,233,270,223,183,230,110,835,1162,1126,647,437,268,191,141,149,130,141,190,196,249,188,151,320,206,237,199,101,105,160,146,182,167,151,121,148,212,172,210,402,196,222,158,181,332,113,132,134,190,160,152,372,162,154,118,218,142,120,220,92,82,193,160,117,109,202,201,127,193,89,191,204,105,181,181,171,254,160,98,115,167,234,233,106,131,118,142,142,119,96,198,121,141,135,80,146,192,94,144,130,104,155,110,94,200,174,137,197,238,120,197,120,125,102,67,138,138,112,151,221,148,151,76,88,129,136,131,97,84,129,130,171,126,160,163,130,161,186,79,103,230,165,161,153,99,170,130,161,125,213,62,67,187,95,117,111,184,129,89,108,251,227,133,134,165,94,194,81,136,135,75,79,66,212,157,160,137,148,157,113,147,138,174,67,159,171,139,118,137,139,163,166,92,132,80,87,103,174,153,110,134,99,210,115,160,101,121,104,142,94,156,54,95,86,76,107,96,216,332,229,137,146,119,69,150,205,66,925,368,166,134,162,131,221,108,135,172,108,119,132,51,240,98,119,106,124,170,283,183,127,151,156,180,125,151,102,321,93,66,75,119,106,153,122,99,109,52,100,108,136,154,239,137,144,53,81,230,113,99,111,173,107,154,96,104,157,104,156,142,147,139,127,97,71,105,131,172,167,139,87,115,103,130,78,142,170,86,90,179,155,111,116,165,149,182,118,103,131,105,149,129,114,111,119,209,103,188,167,107,178,136,115,87,164,148,87,169,101,259,243,187,123,105,189,175,100,216,106,106,85,170,148,111,107,209,137,102,185,86,128,120,113,151,148,106,99,146,133,119,190,142,126,190,104,86,189,105,147,125,90,105,195,110,129,65,74,136,298,248,220,159,159,165,379,176,98,113,269,122,122,147,154,142,133,178,140,194,165,144,161,191,161,230,187,123,79,124,139,216,198,131,406,158,137,539,341,261,518,243,195,194,168,247,145,253,226,246,181,193,224,218,428,183,325,220,281,305,280,228,146,206,276,196,282,251,280,260,311,530,415,466,449,517,256,519,445,391,305,372,321,390,225,375,275,358,475,389,328,624,788,947,520,561,411,469,731,634,761,659,381,575,398,534,708,1070,969,978,1137,598,861,701,677,663,428,453,823,619,701,959,
60.29,339,355,271,285,1428,355,5391,49048,1611,472,249,386,448,2377,377,4680,456,644,263,223,452,1487,1706,230,3588,359,4274,336,351,861,2730,358,3137,2342,2065,2092,1153,333,547,2330,478,1709,2100,1675,1141,1174,535,1178,3945,493,1667,813,406,365,1282,399,561,1215,585,1024,1102,920,310,354,619,551,635,1742,873,837,491,350,612,429,705,621,553,480,829,724,420,395,294,550,319,553,858,505,6754,911,339,477,405,339,496,431,552,205,266,432,303,275,386,567,265,388,216,504,391,338,250,381,2121,500,250,381,532,266,348,231,325,366,3235,752,486,468,276,535,236,323,422,380,242,335,330,263,299,194,518,1025,536,278,277,343,260,244,196,265,394,296,225,1287,327,295,190,308,158,358,254,221,446,362,203,195,241,177,217,273,295,346,359,389,307,305,263,268,321,227,366,369,324,388,354,212,381,207,462,234,375,649,320,224,439,330,261,294,320,218,158,3341,1035,319,244,278,389,365,255,340,497,1811,812,246,254,254,387,237,284,249,395,268,195,596,279,305,175,298,336,353,324,337,339,257,221,359,294,340,309,267,223,199,391,311,167,250,203,233,2637,1080,805,335,302,172,247,219,285,183,285,771,492,234,202,206,267,205,136,343,160,313,179,209,183,251,173,225,306,198,249,237,192,170,148,283,254,167,202,311,282,273,217,241,198,261,204,237,716,488,324,243,243,208,198,196,301,267,322,292,277,279,588,262,216,309,207,188,274,201,258,407,175,189,340,197,306,390,4695,1803,1855,439,194,290,279,254,378,1100,543,436,242,218,173,315,895,8008,3475,21256,1855,577,260,229,353,263,556,469,708,282,172,406,252,1105,3745,8150,3039,999,222,151,156,171,157,231,226,190,428,476,350,299,219,283,380,314,380,439,190,453,389,163,195,6913,2519,171,270,254,236,230,361,213,204,1093,1100,193,327,228,177,175,168,249,146,180,247,226,141,180,161,188,210,200,229,195,192,263,157,203,209,229,187,259,184,229,108,194,272,167,176,284,312,175,230,300,221,215,217,186,228,221,579,175,145,161,261,234,115,236,191,246,213,180,148,143,290,204,822,652,297,422,229,302,201,356,318,351,343,243,583,255,165,415,584,648,503,694,671,969,361,258,250,342,538,207,750,218,1815,278,253,644,553,995,1010,1588,991,1797,469,290,224,1381,2471,1450,575,459,334,206,467,700,1632,2640,1368,351,671,261,306,2505,3282,3589,2389,1867,1468,933,339,288,325,327,874,1026,1904,873,653,706,4865,4533,8313,5226,3766,1880,2619,678,325,209,259,340,489,589,623,663,999,4511,3844,2814,1864,708,690,227,333,179,314,279,215,314,239,314,266,1298,1483,981,500,658,370,137,309,231,207,225,269,206,240,211,151,288,534,312,186,260,186,197,223,145,142,178,100,203,285,188,158,319,203,237,164,178,195,168,244,174,153,350,125,456,186,229,172,157,204,193,220,247,259,153,185,158,174,142,150,112,182,164,328,110,216,216,233,168,135,161,218,186,177,207,163,195,92,177,149,198,227,123,157,108,198,138,146,110,307,111,160,138,115,119,159,170,116,142,244,159,214,173,147,162,189,85,127,161,225,261,127,128,163,134,125,276,256,168,144,183,132,156,135,144,146,188,162,174,153,86,189,260,129,156,127,99,131,144,184,305,240,121,195,238,177,148,219,209,152,120,131,133,145,302,151,165,143,148,133,157,106,262,179,279,183,187,116,176,190,233,125,171,112,181,191,152,106,192,203,137,176,97,220,151,181,205,132,144,236,235,222,243,141,166,321,128,173,218,160,80,211,155,179,160,181,130,153,157,133,223,166,182,89,151,214,177,180,213,160,554,214,142,153,228,196,200,224,252,179,173,165,180,143,153,190,208,172,141,116,295,142,141,154,105,244,219,145,93,231,172,142,155,147,233,116,192,96,166,110,157,136,118,201,139,118,127,194,224,119,193,253,148,109,148,126,256,266,150,143,207,136,163,124,214,159,78,135,139,189,178,193,191,194,138,219,117,110,126,177,163,186,151,201,239,188,190,226,180,154,198,187,268,147,199,178,165,180,190,165,118,136,140,128,206,174,166,131,138,144,247,218,176,165,166,113,209,245,114,147,146,187,181,137,172,157,143,178,214,196,206,303,138,200,108,160,188,137,213,154,175,195,170,166,161,172,136,164,238,146,93,159,106,131,161,174,129,167,201,155,290,343,143,282,144,292,364,187,353,185,261,311,142,148,197,157,185,202,215,163,206,241,258,314,201,114,228,158,274,200,229,226,181,215,374,289,268,272,266,280,799,383,271,258,241,171,205,168,193,258,239,235,223,262,219,336,289,257,458,428,364,311,266,332,408,220,285,342,379,387,476,727,735,553,476,645,392,512,583,652,538,513,441,521,378,407,770,686,587,509,847,663,753,963,567,689,602,736,720,865,754,798,897,505,706,655,794,1141,1162,734,1383,879,874,738,661,610,808,686,812,714,859,1167,
60.11,338,160,374,197,956,180,5793,49639,1576,436,286,169,604,2942,231,4454,599,386,192,266,150,478,1809,173,4203,131,5322,254,242,429,2011,205,3149,1032,1250,2772,987,368,416,2291,888,1509,914,1258,416,1000,649,1051,3303,563,1147,681,629,371,1060,342,639,1332,439,724,651,984,341,262,375,395,556,2312,1070,788,408,207,482,451,588,282,1169,472,483,570,232,264,332,465,267,457,652,647,6952,975,415,478,781,151,652,337,423,170,340,475,411,283,312,654,387,435,326,310,193,171,166,271,1478,437,270,275,430,360,482,120,194,371,2405,566,322,302,279,155,124,271,273,311,131,362,275,346,176,305,200,429,261,173,297,274,261,174,141,176,260,334,184,1601,343,421,157,244,256,183,201,266,662,272,181,241,232,222,219,168,238,277,289,210,151,157,231,240,184,367,194,154,273,196,291,259,350,228,327,415,274,450,210,275,247,143,201,268,273,257,252,2890,609,394,183,257,188,220,168,123,385,2399,1160,151,174,316,346,327,257,188,215,224,230,197,200,252,192,277,296,317,147,189,257,237,275,243,206,192,286,330,225,425,229,234,212,221,183,195,2060,1283,954,138,161,167,216,130,226,116,209,627,407,214,201,208,220,231,133,147,191,342,179,169,208,128,143,122,126,159,190,182,156,269,140,231,174,177,195,273,155,213,351,206,81,164,198,264,679,413,197,190,249,196,159,158,146,176,285,199,298,210,298,217,199,225,250,226,227,311,266,210,127,157,235,178,236,465,4033,2675,1768,281,143,305,182,235,255,966,534,245,104,192,157,122,764,6771,3557,12698,1107,248,175,119,220,213,386,399,333,270,174,125,207,708,2892,5048,2261,898,194,227,191,173,239,176,169,332,186,276,223,134,190,215,171,176,499,321,274,134,262,218,216,3617,1447,234,167,210,149,129,203,226,184,528,683,163,149,192,181,150,161,228,135,158,160,126,194,214,294,193,137,186,154,100,233,164,284,101,126,174,212,184,140,165,169,210,78,180,196,110,372,118,125,156,120,164,130,147,175,182,344,190,200,169,180,109,175,240,222,443,236,112,137,305,386,166,829,205,346,203,182,156,197,351,572,210,292,255,298,216,191,208,593,518,383,678,544,514,524,309,293,382,515,415,848,389,1945,439,308,651,701,615,630,1162,1028,1814,356,217,274,1543,2244,959,531,592,331,227,435,622,1127,2536,782,203,442,197,258,2238,2106,3254,1987,1968,1054,1283,290,194,307,345,486,743,1055,713,405,678,4331,2702,6988,3597,2000,1098,1936,453,264,256,198,356,314,465,420,613,888,3958,2926,1821,1443,683,237,115,271,263,166,240,308,228,224,323,181,798,1287,690,480,319,191,213,238,148,191,285,215,126,125,216,233,82,492,173,168,197,156,160,175,264,121,165,183,182,181,145,132,92,243,119,123,184,165,96,201,152,142,199,207,362,182,137,102,119,225,98,176,141,244,244,136,176,129,162,121,61,167,143,154,194,97,209,95,155,90,156,139,163,125,148,125,103,128,101,146,206,120,227,188,191,131,136,139,85,80,124,101,103,103,110,135,106,104,131,84,91,209,68,173,103,121,148,125,258,118,160,112,165,199,139,70,184,150,211,89,193,88,158,94,90,158,115,185,99,117,144,52,139,116,166,308,137,125,132,114,257,141,83,94,108,147,128,84,165,105,108,169,111,147,138,105,137,88,116,156,136,98,96,171,220,110,185,91,104,71,150,118,153,142,138,117,174,84,135,131,117,108,106,125,233,107,175,107,95,145,79,51,151,102,71,110,111,134,134,105,150,112,135,180,85,193,192,57,85,80,157,203,118,88,104,147,134,100,293,97,276,78,170,192,117,173,89,185,139,123,137,105,155,158,171,137,194,74,142,172,222,216,96,129,111,79,120,203,101,104,119,96,107,169,195,77,146,191,93,117,135,94,93,143,145,161,131,157,103,153,164,140,125,125,85,126,175,76,65,164,98,133,246,152,137,223,171,129,167,201,165,83,167,128,185,148,113,206,109,129,118,170,162,97,184,217,124,107,174,90,86,184,244,159,122,187,98,143,89,163,108,164,215,137,182,259,121,121,152,130,91,109,86,191,103,149,144,130,113,126,85,114,125,187,111,170,90,147,119,89,170,167,113,52,176,153,216,118,171,151,100,153,147,192,182,195,199,108,144,68,232,205,160,156,297,162,146,134,175,101,176,177,149,213,165,251,329,204,253,104,146,179,195,197,118,205,207,157,197,172,252,125,186,223,124,114,110,123,130,208,136,157,179,152,324,438,164,362,362,289,568,275,283,254,230,181,174,146,328,204,339,249,217,352,246,242,314,212,196,417,282,364,375,373,381,303,203,277,427,252,576,865,875,656,565,628,356,612,605,636,473,580,363,455,416,652,419,480,498,633,750,632,689,573,478,450,727,459,570,724,484,674,499,612,638,794,650,1151,1126,775,995,834,744,830,867,492,677,549,747,702,700,1249,
59.94,337,279,271,241,1345,322,5371,51341,1313,359,216,251,422,2633,238,6025,445,572,309,545,695,1159,2860,478,3952,433,7760,312,374,836,2509,520,3574,1793,1552,3492,1395,421,978,3619,454,2168,1941,1943,792,1318,390,1256,2913,488,1280,748,442,401,1434,394,819,2374,509,1019,1710,1313,399,642,564,665,352,2190,1029,638,624,384,379,379,790,265,871,657,591,470,346,416,448,467,268,875,418,651,7863,542,352,270,309,302,684,590,570,288,473,413,262,637,368,492,508,471,257,391,215,386,303,269,1866,589,332,269,409,322,387,159,269,446,3521,1120,292,411,332,493,191,315,252,507,278,415,267,306,300,214,299,476,534,226,475,222,444,283,228,273,303,322,157,1996,437,511,193,237,245,310,247,250,792,532,267,412,237,301,333,271,262,418,477,539,186,304,197,239,216,216,337,366,370,196,448,288,306,201,313,262,547,584,297,365,216,324,305,252,554,373,223,3305,1412,280,257,244,295,295,474,259,564,2836,914,241,282,225,298,277,230,210,423,408,324,325,308,383,198,183,242,215,193,190,302,358,403,201,292,184,351,345,206,250,712,344,285,352,218,244,2419,1611,820,263,261,272,217,225,220,320,191,1337,592,234,260,314,234,212,189,252,281,303,163,299,226,200,364,152,180,245,236,265,288,421,267,128,174,253,199,290,186,221,176,204,232,235,221,312,1140,362,360,210,174,192,253,214,260,287,332,287,271,318,582,232,240,317,197,264,306,231,193,225,265,257,228,210,248,564,4751,1891,2132,245,251,371,153,221,398,1225,523,255,203,247,176,208,868,6439,2130,10726,1282,519,231,224,232,239,660,305,412,241,182,228,211,831,3395,2683,1278,616,271,239,242,209,229,224,165,218,334,828,256,244,283,415,262,218,435,162,297,269,193,141,238,2029,1021,195,131,275,239,219,276,171,172,307,320,210,183,214,132,168,161,129,364,251,216,182,169,112,143,247,230,164,134,287,174,209,163,208,228,164,180,216,190,221,222,352,225,230,189,399,222,265,149,215,246,305,245,233,260,220,389,152,278,220,171,215,180,259,309,222,263,192,178,180,264,259,892,526,493,431,238,185,265,417,635,149,253,242,573,242,225,645,658,756,190,964,917,693,416,183,230,240,660,356,999,440,1543,315,286,1303,632,903,1012,1762,1378,1976,447,622,546,2444,2406,1704,372,750,279,266,677,770,1708,2646,1413,464,438,337,384,3724,2651,4407,2127,2038,1069,720,366,230,277,462,978,1070,1033,645,535,798,4680,3263,6819,3437,2427,1068,1425,379,204,260,335,274,478,629,339,644,1067,2811,3058,1593,1364,415,247,286,237,339,250,165,196,316,257,194,182,846,901,851,378,344,248,291,199,239,247,163,258,206,165,135,191,203,273,201,119,152,275,190,130,296,152,254,306,194,180,220,209,174,134,177,153,328,192,129,199,201,240,203,191,285,174,280,234,170,250,183,162,199,213,255,266,190,202,187,170,140,150,165,254,317,212,165,135,156,233,184,147,139,328,226,150,186,180,194,189,224,115,176,220,127,165,117,209,112,265,185,159,183,161,126,198,131,146,138,198,166,136,160,192,132,218,227,91,128,174,190,237,150,162,247,189,218,183,196,175,204,164,89,170,95,194,167,149,196,232,102,140,250,223,144,282,145,131,174,107,173,213,146,137,148,189,200,207,129,128,132,151,152,175,203,245,147,188,250,147,119,184,191,148,187,155,152,247,124,147,212,113,230,196,172,247,233,178,127,129,239,159,121,163,289,132,144,131,120,204,204,74,304,125,234,177,183,165,166,186,236,139,197,125,128,247,179,130,191,207,180,172,113,145,163,181,157,114,218,169,223,201,137,172,148,163,128,163,138,210,205,139,136,88,136,129,117,181,145,228,184,198,208,142,177,163,267,137,141,87,109,192,172,121,251,223,156,136,119,154,153,223,155,284,107,181,165,202,198,192,115,167,133,178,133,181,177,215,132,171,164,136,231,245,145,153,153,107,125,236,207,141,202,147,174,98,229,131,107,163,153,247,175,168,176,193,193,207,182,134,191,139,184,252,97,132,132,218,198,209,272,184,164,157,181,134,127,166,145,275,118,134,186,120,128,169,137,255,163,149,182,124,137,116,170,187,228,183,119,230,165,117,283,231,160,192,222,118,85,179,179,151,117,192,179,129,204,171,171,151,237,210,269,142,177,179,224,113,214,139,259,269,179,335,533,445,341,234,140,105,161,201,195,238,206,192,259,263,192,295,323,258,163,222,220,149,191,252,218,210,251,190,336,206,364,258,514,391,504,370,497,523,448,333,283,276,265,228,269,258,314,403,307,426,381,345,361,359,524,702,400,451,397,417,569,369,477,386,436,573,471,890,900,741,737,678,596,534,644,601,534,785,483,590,573,581,497,594,707,810,1311,1378,875,1025,670,678,503,676,698,961,1075,811,763,847,948,696,740,1113,1253,668,783,1197,793,642,710,596,675,656,681,723,799,775,
59.76,336,224,244,370,1154,223,6473,51286,1307,518,324,226,677,3896,425,4126,354,372,545,197,317,1002,2091,349,3270,160,6474,149,218,521,2570,296,2823,1782,1153,3016,1263,529,643,2193,457,2759,1520,1254,927,1413,453,769,4291,671,1524,587,909,479,1347,617,429,1484,241,809,636,1000,270,307,606,765,384,1039,963,1138,625,436,641,285,385,317,893,374,401,752,212,186,298,474,282,838,702,423,8707,510,267,257,640,214,613,404,399,331,282,351,271,243,444,399,443,420,167,267,257,214,183,373,1901,278,279,357,466,345,322,198,305,219,4130,723,280,265,156,323,133,236,107,575,324,258,366,254,229,159,330,344,271,129,252,325,248,200,177,156,189,293,142,1237,478,355,246,156,154,305,221,182,813,247,205,177,211,218,528,219,248,289,555,479,201,325,239,273,205,355,233,225,313,238,208,247,342,172,282,257,271,421,223,209,235,242,262,402,397,377,228,3240,794,209,221,410,226,272,178,122,532,1580,953,306,180,159,300,262,294,350,417,184,225,226,139,251,214,241,212,161,232,262,174,289,430,299,282,236,160,315,212,232,254,291,131,210,207,200,2857,912,785,211,207,202,207,192,280,121,260,1076,461,182,173,244,200,183,262,167,288,158,110,203,237,144,185,271,204,288,202,196,161,212,113,131,279,158,101,320,149,134,192,251,161,124,236,210,1099,535,324,113,174,169,264,146,377,244,304,325,297,172,693,290,267,265,244,177,338,256,165,295,167,171,207,195,281,402,4158,1827,1120,179,186,224,179,211,281,493,364,182,296,204,201,193,803,5313,1920,6374,761,276,204,189,152,127,443,253,370,336,154,245,215,719,1605,1655,1222,460,124,183,195,263,169,139,146,261,214,201,287,239,182,102,164,219,479,253,229,111,140,143,319,720,313,149,180,154,177,162,141,195,290,125,148,206,216,182,143,153,262,252,113,136,172,152,127,232,175,150,194,186,181,200,155,96,129,236,162,154,189,261,471,177,187,182,152,154,169,181,180,81,159,172,185,240,277,147,199,220,283,145,240,140,240,156,185,215,151,213,281,206,170,139,235,186,866,495,367,439,373,267,243,273,782,294,349,370,403,203,127,351,487,584,297,564,608,860,338,187,184,276,676,292,1530,536,1183,178,249,576,970,690,612,1176,509,1227,280,286,266,1820,3685,1229,693,912,319,142,581,607,1172,2041,1520,373,537,216,276,2823,2303,5381,3107,1785,533,411,364,142,270,446,530,562,625,501,553,435,3679,2608,5184,2264,1297,443,572,418,221,283,221,179,322,264,421,402,1139,3283,1867,1359,916,235,153,206,206,168,241,123,166,96,162,199,181,463,1021,330,291,134,160,157,149,203,156,237,128,102,299,113,166,192,232,183,186,165,107,171,165,150,137,157,163,277,123,91,164,105,92,104,220,96,144,91,171,226,127,206,191,228,110,285,111,161,133,146,112,195,62,176,155,236,106,194,97,149,113,84,183,153,160,171,137,275,133,129,163,359,123,115,143,106,139,204,94,122,108,184,186,152,135,195,76,205,183,192,131,195,144,176,114,159,100,160,169,282,104,107,203,184,204,291,135,152,111,71,104,249,154,185,152,105,97,154,113,97,246,116,151,125,130,100,171,203,157,92,132,141,228,152,157,174,128,131,134,104,216,96,116,101,113,105,140,158,202,117,147,325,132,115,150,113,156,130,210,67,125,164,178,260,99,178,122,90,104,118,244,170,186,168,101,188,106,121,179,131,163,199,125,108,86,109,211,210,142,141,128,204,139,100,137,106,122,144,119,98,141,185,157,148,126,105,106,227,110,163,176,138,148,81,102,125,109,77,174,203,112,59,113,78,93,133,174,116,115,168,174,124,154,166,141,143,83,111,112,116,79,135,126,82,143,155,157,123,99,214,36,127,149,209,127,110,197,299,142,142,117,141,164,105,160,80,152,139,148,130,166,209,100,166,121,127,86,201,104,197,127,90,200,141,100,128,133,260,95,123,99,92,212,96,235,111,140,234,182,192,207,150,150,171,123,197,218,177,142,108,132,204,169,212,150,142,103,212,117,77,163,112,106,156,139,179,122,147,98,161,124,154,171,97,196,135,238,112,137,88,129,106,127,119,121,213,105,144,139,171,186,79,156,130,146,182,187,116,142,90,170,191,153,79,157,134,156,135,226,145,113,158,144,155,163,168,207,80,89,196,279,161,457,560,210,329,401,152,137,338,78,242,196,133,141,164,159,193,189,339,242,133,131,178,193,189,163,199,237,132,241,237,256,277,198,286,506,365,342,847,283,229,199,327,222,309,210,165,343,285,437,444,453,402,353,329,401,583,488,588,448,432,490,435,525,495,663,472,491,792,870,1050,1286,1236,667,518,554,676,501,829,646,617,507,697,768,515,516,949,796,869,1171,739,913,988,537,488,574,754,924,672,899,756,999,520,798,783,726,799,858,824,665,719,505,825,777,604,651,478,644,638,706,
59.58,335,212,274,415,1114,324,4835,56042,2538,299,228,327,783,3089,395,5682,598,361,328,284,552,1659,2706,574,3872,339,8259,442,405,613,2617,467,3568,2239,2427,3650,1971,505,1042,3614,703,2100,2434,2595,894,1176,537,1634,3304,615,1801,768,442,329,2325,412,525,1642,483,1665,740,1022,255,589,552,615,638,1860,702,1362,766,342,527,385,640,314,932,491,691,503,299,241,449,421,276,1031,990,427,8455,936,472,460,289,272,1237,868,633,419,324,490,372,258,572,521,637,737,356,278,452,317,289,278,2242,531,322,300,564,457,304,154,458,454,3859,1237,399,415,415,296,179,284,357,282,274,309,352,215,258,189,209,615,307,238,387,287,356,370,240,230,453,223,242,2024,613,270,268,277,280,337,359,262,1332,634,385,280,269,237,221,311,424,279,352,535,374,260,232,279,332,408,315,283,262,226,377,267,353,208,295,321,328,839,413,326,246,228,383,282,367,248,283,4097,1656,281,233,353,277,306,292,218,773,2528,813,267,225,289,315,193,417,247,325,276,307,274,329,419,252,260,271,175,227,298,311,313,287,232,300,256,502,497,193,351,386,285,132,234,205,292,2385,1253,945,278,223,313,179,209,289,195,363,974,468,267,341,354,189,353,227,270,244,274,160,231,265,123,248,280,215,414,202,169,340,176,362,230,203,171,206,222,213,235,299,214,163,274,272,329,885,660,573,259,273,279,210,189,204,189,358,275,292,226,952,297,322,259,280,269,298,363,214,229,178,317,338,238,290,626,3810,2357,1198,256,144,250,351,309,269,616,371,178,276,253,133,309,1046,4606,2100,4789,622,212,223,220,331,225,302,385,265,228,215,392,197,452,1339,2108,839,333,250,261,259,293,264,173,200,483,273,542,243,262,198,252,298,370,377,232,237,190,149,159,220,433,260,164,237,171,211,154,266,325,147,249,470,218,191,258,201,211,306,293,175,226,261,157,181,300,163,261,202,224,241,351,372,187,192,226,223,211,179,379,301,175,173,261,253,288,184,235,178,182,188,376,228,218,229,189,262,221,576,200,304,287,260,324,219,254,232,462,283,195,201,263,232,423,1020,754,418,234,206,276,318,537,335,287,256,223,434,221,194,453,731,999,259,740,691,925,387,381,356,457,830,867,920,764,1416,329,442,985,561,1156,934,1506,766,1810,362,494,471,2217,3408,1636,1030,838,372,202,543,1022,1656,1956,1223,289,456,151,512,3337,2205,5437,3086,1796,953,475,412,214,366,590,438,643,620,386,396,489,3675,2318,4214,2169,861,485,514,226,297,303,417,273,274,320,264,358,787,2654,2041,874,480,321,181,217,215,264,347,179,211,199,272,358,321,562,524,397,259,304,152,157,250,191,413,141,440,135,218,165,169,218,295,190,256,215,193,144,268,232,142,241,171,161,248,200,268,138,153,132,238,170,202,142,173,142,195,162,326,228,213,392,228,258,150,238,132,250,177,176,153,206,165,184,177,142,133,123,192,119,232,141,123,194,194,285,121,211,170,167,232,166,314,143,104,210,156,120,221,148,168,186,98,140,117,230,177,297,232,197,147,226,159,211,331,160,127,149,220,278,201,179,294,73,177,180,184,131,127,167,97,158,182,169,172,115,189,129,139,169,139,149,164,192,230,135,173,208,141,160,144,156,202,117,169,114,169,185,169,146,116,140,224,123,136,172,155,153,218,261,202,149,160,210,166,146,253,224,201,176,171,204,204,145,76,151,146,115,243,149,129,214,248,181,125,189,192,174,179,279,201,260,229,164,202,157,259,202,152,163,177,168,189,205,149,196,137,246,181,102,172,184,158,153,149,238,201,153,194,186,139,237,176,148,216,166,151,176,156,143,151,253,127,234,196,209,207,153,155,134,221,165,101,248,136,207,132,192,155,195,248,219,238,121,133,170,143,209,110,234,146,188,162,163,158,146,123,177,199,300,147,140,253,214,222,107,213,287,166,181,203,116,182,144,215,160,207,181,147,139,132,122,83,139,158,240,244,173,249,201,183,165,258,116,163,139,279,180,155,188,174,205,131,206,198,391,199,158,224,209,146,84,204,158,169,183,185,100,188,125,170,165,184,226,201,125,253,214,180,198,129,157,165,206,124,178,131,163,117,169,194,211,116,159,181,163,170,191,196,231,161,154,141,185,151,136,126,132,203,207,116,192,195,188,187,387,126,167,179,244,162,226,224,175,166,204,241,190,504,510,224,632,639,253,223,252,186,193,281,195,246,270,267,297,238,410,292,197,375,212,212,278,276,218,201,261,279,194,286,429,351,436,365,452,310,826,557,506,324,379,439,498,255,336,373,445,581,593,770,585,435,465,502,605,673,576,516,477,595,476,615,635,545,545,534,970,1052,1225,1404,1221,810,766,799,647,687,717,846,954,757,748,882,645,523,827,1013,1177,1131,732,769,883,616,728,780,1005,795,692,1073,970,860,763,711,960,745,768,895,1000,782,830,877,761,703,845,754,938,713,871,866,
59.4,334,229,293,328,1009,227,6061,52985,2046,190,269,241,273,1570,374,4771,342,751,262,346,555,1269,3101,296,4754,458,6823,249,505,437,2687,228,2850,1991,903,3099,995,365,562,2743,506,2526,2166,1033,790,1377,411,1369,2652,885,1598,887,381,353,1487,555,571,1370,332,1014,1317,502,272,530,626,1244,598,1891,486,711,531,341,295,644,493,323,772,528,401,755,388,349,538,372,285,747,599,405,8172,663,281,239,410,319,772,363,489,431,539,225,510,298,293,454,501,792,148,344,432,346,280,254,1964,526,222,192,297,249,284,265,296,282,3800,747,303,133,312,213,245,273,182,210,125,422,234,241,267,130,167,570,365,338,295,423,263,184,179,200,208,535,179,1875,459,429,138,260,230,272,245,343,1385,305,241,203,282,177,236,208,458,410,271,311,211,297,310,236,209,469,214,272,167,251,270,180,218,238,473,292,307,858,245,263,185,248,168,357,357,226,233,3371,847,205,231,210,247,401,253,308,684,1390,1059,194,140,207,204,220,384,114,266,234,180,215,200,246,343,193,222,154,228,226,282,246,243,168,206,170,413,218,284,327,246,185,245,332,141,160,2879,1606,749,333,183,208,300,274,203,192,280,1233,659,215,215,186,238,193,262,158,252,243,85,192,261,153,236,274,176,223,302,337,452,167,172,234,200,128,268,181,196,343,219,294,185,166,238,227,702,734,602,302,304,128,216,210,206,249,179,209,270,201,1089,198,236,172,227,248,211,304,99,207,192,142,271,248,159,667,2872,1228,829,209,192,163,211,324,193,474,289,176,224,255,177,326,675,3291,1255,3415,322,199,156,131,214,176,347,199,136,201,245,197,171,298,629,719,310,335,234,280,202,104,146,195,204,399,299,195,189,187,111,200,277,391,332,166,153,180,200,192,195,216,173,182,171,137,107,128,325,330,125,97,174,131,226,189,181,194,226,163,548,180,195,138,173,181,109,120,168,116,181,180,178,163,123,267,205,276,134,171,183,290,276,122,289,151,167,224,139,95,207,154,126,172,139,204,176,192,638,206,264,106,222,249,161,208,195,511,214,168,219,108,208,225,1071,707,577,625,434,100,186,175,452,369,266,297,386,220,156,663,777,869,455,637,794,751,488,192,256,361,578,951,925,556,1295,336,217,632,829,704,1178,1472,766,1382,238,490,506,2220,3203,1837,398,688,408,218,420,810,1893,2414,860,249,431,157,442,3511,2682,3961,2275,1296,545,311,217,196,425,328,263,511,504,221,545,430,3364,2291,3135,1670,694,219,212,222,327,362,189,212,195,236,123,348,924,1684,1596,621,222,415,268,166,274,263,192,99,119,116,389,321,157,403,544,244,198,271,110,205,114,174,287,168,177,142,106,124,183,120,229,164,202,118,96,123,84,119,127,268,280,129,139,76,167,192,121,135,205,85,176,149,118,244,201,95,150,135,177,179,167,248,153,106,164,117,176,181,197,133,198,167,218,129,124,301,117,152,110,134,116,70,148,247,121,141,199,157,210,174,174,141,226,129,250,174,128,159,171,174,90,146,117,93,147,243,133,106,170,98,121,101,105,137,158,121,168,245,92,167,223,103,126,169,124,117,101,185,143,229,109,147,162,128,113,144,125,204,126,192,170,140,196,148,196,145,124,160,201,115,153,121,82,68,128,127,134,163,184,145,80,188,247,116,151,110,127,122,128,167,90,87,72,101,93,79,181,200,130,100,108,81,74,226,126,128,119,176,160,217,139,245,162,81,91,54,213,123,139,139,57,249,105,175,110,146,130,182,142,66,214,211,127,163,124,90,305,91,181,65,159,123,141,148,147,148,101,75,100,106,133,198,149,103,133,64,266,98,132,136,278,78,98,86,169,179,132,163,148,111,124,235,95,285,255,160,88,77,121,118,165,76,128,120,115,160,154,144,144,104,171,175,157,109,175,152,87,96,67,71,132,177,158,140,67,119,233,175,141,194,192,136,180,201,159,225,159,151,123,117,233,116,166,127,154,70,234,185,78,145,74,129,112,218,167,169,130,115,122,226,161,132,141,163,178,162,141,113,161,83,142,113,271,93,141,94,161,127,119,167,154,116,282,161,87,116,118,143,121,237,159,89,143,120,173,125,199,158,118,95,139,161,95,139,93,201,109,336,190,151,176,151,128,136,139,403,191,233,202,144,99,226,147,157,193,109,136,126,309,199,124,131,120,152,325,189,545,441,482,294,489,130,177,172,104,113,240,143,273,192,220,160,219,241,284,163,205,227,180,168,227,276,175,239,381,256,326,537,405,392,369,606,372,1240,623,484,654,297,430,332,242,315,415,337,517,589,895,526,714,589,623,626,649,546,544,654,604,726,583,681,400,647,732,726,716,810,1342,1584,846,576,645,833,650,700,684,629,775,740,705,697,392,739,891,915,977,838,933,879,579,764,620,579,963,692,959,902,813,888,894,635,718,636,469,647,586,735,871,908,677,612,546,529,591,779,724,
59.22,333,286,440,340,1665,281,7910,59749,1723,536,273,358,1402,3908,490,5682,587,694,455,213,487,1129,3172,381,4906,292,7981,269,427,593,2634,525,3802,1841,1395,3282,2076,342,1077,4536,638,2344,1838,1918,1246,1508,806,1179,3829,765,1336,1155,623,389,2883,550,690,1143,600,1248,967,582,338,346,491,969,790,2408,1077,1545,430,284,625,686,684,402,530,510,1018,751,271,329,386,581,269,750,902,645,7996,1140,418,213,895,296,715,449,481,254,555,444,471,335,307,675,420,667,189,452,281,308,221,427,2096,435,514,208,372,235,313,152,333,372,4190,1157,490,383,335,305,300,331,500,424,210,474,437,326,362,239,314,380,407,199,399,530,302,235,164,286,294,380,170,2858,514,268,288,253,255,466,523,393,1039,443,405,257,297,236,382,262,367,427,571,342,281,277,254,369,241,426,229,278,319,228,357,269,318,299,215,289,371,1255,508,405,536,326,583,361,517,329,148,5344,1187,448,252,275,351,362,343,261,998,2821,896,351,302,236,383,308,273,274,328,259,201,250,271,313,284,434,296,292,539,245,264,334,331,333,266,306,304,375,250,323,322,277,164,295,189,185,4012,2233,855,353,424,215,287,227,266,152,307,1375,550,319,202,405,181,214,181,415,207,216,276,244,246,175,270,331,311,283,236,248,216,273,195,156,239,250,305,480,337,240,389,284,268,254,268,195,936,448,621,277,275,188,228,185,215,287,247,419,600,304,1097,190,172,235,242,196,239,214,290,319,169,257,292,256,251,792,3671,1212,686,279,190,161,251,315,237,365,345,197,485,248,159,202,572,2666,1245,3167,263,286,318,173,200,194,293,269,284,180,171,310,176,564,1207,722,500,371,185,267,152,394,196,260,154,471,152,301,265,174,285,262,239,307,432,351,145,242,203,319,325,327,138,358,222,226,265,158,205,200,171,180,153,242,235,208,210,217,181,162,180,437,374,221,223,233,160,187,140,219,315,456,229,116,233,173,194,226,231,511,294,190,265,253,171,189,223,133,281,246,155,227,287,325,177,170,239,205,746,237,177,228,131,158,195,437,178,309,214,361,286,272,281,262,1462,514,694,525,340,169,190,332,511,379,372,230,548,246,160,668,818,718,289,720,658,623,478,359,313,453,1067,948,856,811,1092,233,348,1229,590,913,830,1689,1225,1130,306,501,611,2882,4722,2419,625,865,233,215,479,1056,1693,2868,1750,311,385,228,706,3839,2024,4634,2487,1294,554,260,217,289,464,337,512,637,309,238,335,563,3486,1928,3174,1306,592,299,207,200,623,258,236,211,279,355,340,374,785,1836,1530,454,325,200,218,201,340,206,354,238,217,303,266,322,158,427,335,339,290,201,136,167,210,156,608,290,181,212,222,164,149,239,215,262,225,182,185,188,168,226,188,209,198,209,166,262,231,170,241,118,169,207,243,156,151,197,267,244,194,333,197,310,162,163,190,194,108,161,140,187,165,265,248,253,217,132,200,141,152,131,219,287,197,183,154,153,178,223,142,274,173,196,139,149,147,213,185,149,180,266,258,147,113,131,321,117,198,154,184,147,169,178,110,214,90,144,164,142,146,168,140,202,96,154,197,104,181,210,168,143,198,200,142,193,132,238,319,165,164,197,187,154,211,143,161,105,144,162,243,133,175,169,194,188,134,252,101,159,105,200,134,169,168,154,199,204,174,156,170,272,239,166,163,179,246,219,113,195,154,143,317,237,161,160,236,154,142,120,213,210,105,127,213,178,197,130,194,193,310,246,156,161,113,143,166,181,181,153,146,156,176,180,108,178,231,187,207,112,172,150,171,165,124,126,173,173,174,133,200,180,213,199,178,199,179,207,195,185,187,157,134,122,139,227,149,205,210,128,214,208,194,180,285,195,300,205,167,143,180,194,219,177,144,273,229,142,155,146,112,169,207,196,228,207,276,302,176,120,132,217,167,128,220,127,161,181,196,155,239,122,183,201,214,224,173,201,135,197,173,193,118,128,129,150,202,153,303,142,210,262,183,207,162,162,290,236,207,144,182,168,242,259,193,189,146,197,118,186,242,277,156,206,181,230,278,207,169,175,170,140,178,265,136,151,188,158,178,170,173,143,134,174,209,167,206,180,155,120,151,157,219,221,224,172,177,201,195,189,236,210,168,177,107,137,139,260,167,246,190,192,255,138,187,95,147,198,209,233,222,235,181,157,209,240,261,257,531,265,687,457,360,419,363,198,212,299,233,264,229,245,311,305,257,378,346,419,264,349,370,570,360,252,289,254,297,277,271,412,440,588,473,500,604,538,450,1854,899,599,608,420,417,540,476,344,538,482,808,628,856,1196,758,1068,744,779,858,736,524,537,754,733,939,642,631,539,568,642,901,1219,1430,1352,851,868,991,701,645,686,917,861,793,995,819,810,557,848,724,1031,987,1052,1084,947,763,783,624,655,760,701,953,798,1021,870,784,850,771,647,730,794,687,995,868,741,686,884,601,555,846,766,970,
59.05,332,255,278,271,1051,252,8734,59856,2285,185,302,330,474,3814,345,6111,339,541,296,340,273,645,2961,280,5084,169,7589,317,356,621,2697,231,3048,2895,936,2413,1148,529,697,3120,811,2990,1333,1671,751,1744,554,1192,4429,997,1299,658,558,243,2160,362,828,1791,622,668,1058,424,273,339,389,698,615,1587,1056,735,1134,200,471,319,592,308,532,384,713,528,391,324,440,412,234,559,1092,480,5390,736,306,342,320,311,418,476,642,204,336,215,359,312,253,405,427,256,192,327,302,319,148,360,1996,350,294,212,272,234,262,238,281,453,5512,813,511,262,177,213,134,426,240,379,333,327,285,221,223,174,331,384,302,213,350,403,290,136,216,177,379,311,216,2646,367,314,147,254,244,257,266,264,1627,459,272,376,348,245,509,218,367,372,591,200,194,199,378,183,229,316,356,267,257,216,389,244,257,208,264,277,442,625,262,235,228,232,177,241,334,323,148,5408,1464,197,267,245,267,201,241,201,664,2005,1067,290,288,136,410,123,267,177,156,262,277,161,191,438,114,319,203,291,249,220,210,267,235,236,136,118,113,237,167,263,173,226,129,290,165,211,3015,1419,1307,202,107,252,164,199,161,244,274,1956,582,286,151,180,278,195,191,187,184,214,212,240,199,158,261,194,291,162,221,201,270,196,255,219,209,208,155,212,177,331,190,114,222,222,361,202,974,668,733,405,245,233,191,231,216,115,244,335,641,310,626,277,200,254,127,177,180,206,145,180,186,153,205,486,247,866,2162,577,556,204,153,231,233,221,181,229,430,229,249,203,260,231,536,1854,724,1648,286,189,193,141,135,220,283,263,124,197,157,454,151,312,777,299,198,328,290,153,196,185,175,197,213,227,234,124,123,229,154,234,295,174,425,394,178,182,110,238,200,151,83,200,227,78,147,129,307,165,116,126,244,225,196,211,149,182,178,158,120,252,233,179,312,234,176,155,209,223,295,136,207,161,158,121,137,216,245,318,246,164,61,140,163,207,192,216,212,251,217,404,202,383,194,197,117,163,424,158,240,105,188,221,129,408,312,288,257,177,94,130,192,394,957,470,377,491,229,125,224,239,499,425,415,121,701,271,208,500,562,660,253,803,521,506,271,232,231,177,1342,1299,939,601,819,152,241,733,1135,747,817,1053,723,1334,418,465,669,3158,4863,2633,668,965,266,299,727,751,1557,2757,1267,335,359,187,496,2983,1241,3970,2121,717,196,251,221,349,356,405,384,373,205,264,273,534,2730,1438,1746,571,370,128,149,159,191,273,190,195,244,287,346,264,406,1186,1017,384,484,299,234,156,207,183,252,110,183,124,165,189,255,356,220,299,138,159,217,165,112,157,846,195,149,116,208,182,128,162,205,345,134,214,111,236,144,110,209,200,124,463,116,101,223,188,122,160,145,134,101,186,195,84,147,105,157,214,199,141,142,141,122,147,172,102,273,168,132,183,147,212,123,139,117,172,92,123,91,125,288,167,121,139,169,111,138,247,216,92,130,118,134,144,260,179,65,113,211,159,93,83,138,155,197,229,170,94,122,84,136,164,82,119,110,120,160,173,83,116,97,185,159,208,171,166,137,271,63,100,84,135,107,261,138,124,122,232,104,179,130,144,197,134,154,146,145,71,139,116,86,220,152,93,208,133,105,139,113,130,113,88,143,257,179,132,212,127,233,105,129,126,162,145,78,149,158,155,86,168,171,131,72,172,131,101,248,205,126,91,152,40,172,113,132,94,171,116,143,158,116,123,272,149,96,133,179,87,153,114,222,170,145,96,197,109,117,133,57,167,81,115,169,135,119,111,106,146,123,84,79,151,123,151,116,153,152,93,244,143,175,117,116,218,148,97,138,137,112,186,135,120,199,149,107,107,148,153,157,137,219,110,123,223,148,140,160,192,135,145,96,174,116,181,152,146,224,106,169,100,150,147,139,108,186,141,189,195,135,106,162,106,102,166,86,193,89,137,185,240,119,284,104,124,119,139,114,142,126,126,107,127,144,110,67,145,168,133,150,125,145,111,110,155,97,127,260,126,135,121,168,138,103,79,165,73,196,136,114,131,176,151,192,71,88,92,101,180,146,79,158,175,171,89,154,208,181,181,181,133,242,122,143,156,226,139,126,190,92,137,119,136,112,211,153,163,197,192,231,193,129,108,146,192,189,229,212,246,214,91,129,120,190,282,478,253,542,628,414,439,288,252,274,160,186,245,206,198,182,298,342,236,424,320,257,332,531,337,266,332,288,313,274,380,278,446,364,880,699,419,741,652,292,1829,739,526,744,697,619,454,292,475,393,636,692,654,618,934,682,1675,1112,908,594,473,817,681,808,1023,930,673,679,712,528,683,871,1001,1277,1137,1141,576,950,853,814,703,794,997,890,970,865,751,606,640,796,829,790,995,973,849,711,551,601,822,628,615,971,680,848,671,831,679,563,644,634,778,633,773,618,882,753,870,613,644,689,586,809,
58.87,331,347,392,318,1206,289,7051,66015,1992,409,340,365,1453,2943,459,6463,852,491,303,328,506,1511,3284,333,5535,282,9855,448,900,522,3891,459,4392,3432,2014,4407,2181,542,1127,3593,850,2301,2474,2343,1009,1539,544,1279,4231,940,1843,992,673,437,1766,419,868,1445,357,1306,1192,563,274,539,512,1138,567,1696,1037,1016,439,291,366,344,860,324,719,442,911,624,270,409,405,374,241,746,548,838,7287,1205,527,429,764,338,859,791,918,326,422,329,400,317,462,576,548,573,236,443,242,442,163,474,2347,812,386,157,530,252,328,223,394,286,5749,1597,463,306,205,138,428,314,276,369,289,723,460,501,472,228,363,352,325,205,620,399,510,335,249,216,290,384,232,2044,1056,415,173,320,375,351,296,331,2025,540,359,252,239,237,322,276,349,355,996,301,296,313,311,304,243,344,242,334,403,244,252,293,361,202,395,579,512,1420,330,352,287,325,420,527,441,349,301,5710,1342,585,165,220,267,368,405,304,587,3756,1666,273,223,356,384,312,201,302,281,288,244,218,338,445,220,283,312,289,236,163,319,434,354,195,332,298,345,518,309,311,419,376,185,243,328,218,3864,1845,1336,659,234,257,276,304,200,191,357,1306,589,254,210,190,258,243,178,258,199,453,197,250,179,209,261,348,309,255,281,157,311,195,289,200,210,254,267,480,225,353,275,265,222,219,188,249,1183,580,410,268,294,170,225,188,261,183,204,316,870,293,526,169,225,278,236,245,193,447,146,201,222,240,283,371,305,651,2466,1047,498,247,361,198,290,186,265,345,146,251,242,299,211,346,357,1293,465,1080,413,221,202,196,280,211,212,207,334,245,223,263,164,331,302,334,326,177,261,227,176,269,234,227,268,260,209,171,422,252,306,249,462,290,489,279,182,223,273,187,181,198,190,197,172,145,225,176,313,189,194,293,236,163,333,205,181,232,208,170,283,305,166,314,208,315,239,170,243,219,227,408,201,175,260,433,177,241,229,317,201,195,207,177,218,239,171,195,212,185,200,235,235,167,266,160,309,189,521,154,211,162,130,257,209,452,207,289,390,270,136,163,407,254,1413,612,541,410,407,149,214,391,564,531,321,404,510,346,178,752,993,873,347,783,864,655,433,193,463,664,958,1614,884,664,1044,232,358,871,705,1133,781,1193,623,1511,334,520,524,3442,5224,2507,829,709,523,202,716,692,1278,2353,1363,372,267,357,635,2887,1560,4439,1592,1046,273,175,184,144,293,708,339,424,297,242,286,354,1766,1500,1641,621,361,292,320,228,385,310,201,184,300,300,406,335,518,1130,831,249,152,173,256,163,374,198,185,263,178,220,166,211,182,217,496,352,329,140,227,206,175,227,1127,410,188,162,207,188,250,255,149,198,191,176,217,147,209,201,173,431,162,189,219,222,190,165,197,166,241,206,193,192,219,223,190,203,160,166,189,277,278,296,175,166,199,191,95,217,256,215,244,154,185,116,292,149,146,190,85,202,187,182,200,140,119,215,181,233,197,145,153,172,217,149,144,197,162,189,190,297,152,171,185,173,86,165,140,214,194,121,147,106,164,261,230,151,128,137,156,201,107,261,258,167,262,82,305,204,182,174,98,152,144,145,340,176,202,132,150,134,230,210,181,174,132,154,173,168,207,160,257,184,182,175,225,171,177,149,119,297,126,192,132,158,167,163,164,204,216,186,142,154,128,128,225,134,162,153,153,154,172,120,175,246,131,168,218,132,338,209,170,136,195,209,200,179,191,115,197,186,152,213,162,191,267,118,154,158,184,241,220,164,298,219,187,177,148,128,206,148,209,123,237,187,140,146,154,156,188,157,111,125,203,206,306,134,182,179,116,175,220,144,118,230,223,210,131,155,150,218,183,159,222,128,161,189,196,226,206,198,153,179,287,195,134,171,275,165,232,234,136,170,182,121,184,211,124,220,196,183,254,192,172,69,232,142,264,172,203,140,217,158,158,137,137,188,131,258,146,202,154,151,239,168,188,165,160,160,143,112,241,157,119,142,211,174,124,151,165,244,130,212,204,163,147,288,246,192,220,154,205,258,269,139,136,190,149,133,415,139,193,313,124,227,244,145,120,181,131,367,151,124,190,157,181,147,167,213,117,183,279,229,210,216,137,199,205,207,183,197,203,167,192,142,179,154,228,245,135,159,181,285,199,183,213,206,301,216,252,235,141,305,260,241,400,258,815,508,376,612,487,243,201,256,245,286,395,226,248,463,513,573,366,432,340,354,602,668,579,440,518,418,518,394,448,384,624,966,907,542,1834,1135,676,2956,1225,1155,787,872,772,679,562,657,471,682,887,841,984,1252,977,1825,1347,942,665,885,887,978,1080,953,1153,920,642,644,569,737,1103,1255,1424,1444,1125,1033,946,978,952,846,928,821,1307,934,796,828,981,844,859,788,899,943,1017,912,772,722,695,648,772,718,1115,906,750,958,840,622,690,778,680,825,693,853,835,687,672,684,712,598,578,675,741,
58.69,330,257,268,405,850,282,6022,64025,2072,448,287,396,538,4076,428,4687,311,408,278,430,278,1727,2592,469,3877,551,9246,236,285,765,2806,485,5334,2555,1412,3254,1324,450,381,3125,623,3003,2313,1563,851,1185,463,1025,3734,635,1636,789,560,256,1933,706,1068,1288,439,1296,1000,714,280,282,907,938,296,2076,912,1397,670,189,391,378,851,264,976,416,1102,334,239,264,333,435,445,677,508,569,7260,494,350,305,650,326,688,374,373,204,317,300,269,347,221,501,276,640,191,321,247,319,261,398,2003,320,257,196,348,300,274,194,226,310,4525,1226,330,448,158,220,176,332,201,391,214,271,352,207,309,223,297,345,296,146,277,291,413,239,321,246,208,351,274,2540,360,515,260,307,260,437,345,237,803,284,394,271,383,217,217,367,605,455,522,228,153,258,399,217,151,308,266,440,248,203,208,293,320,266,222,394,257,851,301,272,322,257,146,219,214,225,191,5313,1235,296,193,300,321,308,229,213,901,2197,1198,242,212,278,183,252,300,201,377,175,167,203,170,310,222,212,274,298,197,203,263,217,285,276,222,249,214,295,142,257,266,368,187,225,187,112,3364,2037,1453,305,171,140,189,208,246,149,268,1100,525,206,148,242,204,158,98,172,170,216,258,203,302,324,257,237,93,263,220,159,372,222,219,153,115,297,191,234,227,195,429,205,228,220,231,189,1053,567,424,195,178,138,102,269,255,178,298,208,332,177,240,201,204,229,137,262,237,299,200,162,220,167,142,579,195,512,1304,590,223,185,273,220,203,192,377,250,205,158,193,206,180,267,489,697,241,698,379,258,215,137,226,218,201,205,220,168,190,190,123,208,333,204,196,204,183,226,208,182,133,145,154,251,93,185,224,152,194,159,231,269,519,409,140,151,75,136,230,220,151,111,108,132,168,161,171,138,143,110,135,165,283,215,182,138,165,115,233,196,134,234,161,219,269,128,104,183,159,388,117,135,95,218,153,274,172,284,194,146,105,218,235,182,136,198,195,163,138,127,226,257,115,118,258,220,396,202,188,117,66,186,128,231,126,280,292,400,134,169,154,139,792,750,722,450,215,188,154,575,271,337,244,372,518,109,157,249,560,605,460,942,631,579,292,215,230,475,676,1451,878,357,978,154,270,871,780,1563,527,1109,503,1586,233,266,295,1837,4896,3778,986,551,215,168,410,720,1799,1909,1141,322,245,157,535,2160,1182,2312,1384,520,240,177,163,178,363,246,344,215,317,190,196,432,2090,1202,1103,226,336,156,320,389,253,192,178,246,201,295,172,279,518,1319,685,325,238,157,230,224,372,692,207,138,159,193,174,205,115,330,140,407,170,194,153,155,191,192,968,345,151,111,240,115,160,131,102,196,173,118,286,174,143,119,157,252,210,181,133,196,154,112,109,154,177,112,230,119,150,81,83,98,177,209,121,319,135,179,105,111,131,143,115,195,125,219,118,184,129,167,205,116,132,174,142,120,196,215,189,168,75,130,74,196,123,170,149,138,226,155,160,164,238,115,127,191,175,138,172,193,143,133,90,80,143,114,77,112,202,179,233,207,184,136,126,263,108,115,175,119,175,232,141,90,126,163,207,122,174,122,123,100,138,235,119,132,94,219,164,158,227,101,97,124,203,113,116,167,143,80,195,180,97,154,177,188,97,200,207,155,205,120,157,129,162,209,153,205,218,157,69,145,209,236,93,125,133,193,94,80,86,135,260,232,106,162,167,112,85,156,129,148,134,131,212,103,74,118,103,164,158,136,102,218,154,119,94,228,190,99,123,177,115,195,172,96,173,126,193,128,217,110,90,178,220,157,157,125,131,110,149,137,208,139,262,168,144,197,173,112,140,151,146,141,112,140,122,109,144,197,159,153,134,225,136,228,118,91,118,127,173,134,122,190,209,131,237,179,121,170,146,136,224,133,126,146,156,87,138,123,146,165,142,134,148,186,133,113,108,173,160,205,150,155,121,108,143,75,101,120,156,116,105,116,146,135,140,150,236,185,139,159,180,152,89,181,145,140,137,197,117,170,137,157,199,129,75,157,151,139,146,167,137,146,134,233,147,160,86,105,222,152,112,62,118,179,123,178,103,96,118,217,131,109,139,216,149,191,140,175,141,175,242,192,172,166,187,120,163,129,212,218,235,217,143,157,326,138,173,176,111,184,241,229,210,249,117,191,180,229,468,331,398,623,377,569,480,309,245,238,300,269,313,341,261,430,573,459,273,572,500,348,441,501,554,412,583,427,532,325,365,481,527,1344,824,987,1420,1243,954,3178,1328,688,740,1389,854,636,427,537,501,593,789,1129,788,1357,900,1212,1224,1070,711,714,699,867,822,876,965,1075,851,688,797,695,914,932,1371,1200,1335,877,1369,1122,932,667,773,711,1068,948,937,900,658,782,550,784,704,959,908,917,846,557,485,468,623,584,777,651,832,652,715,631,549,814,619,676,468,601,775,711,824,666,830,664,577,544,669,
58.51,329,378,306,394,860,216,7577,69357,1990,488,309,204,481,4122,307,5568,820,856,264,229,677,2232,3461,415,4844,496,7739,350,306,474,3364,562,4020,2847,2089,4485,1927,729,1039,3618,721,2770,2700,2109,1080,1704,609,1325,3777,811,1586,872,958,293,1558,793,810,1473,410,1003,1308,676,472,342,581,811,689,2108,1015,898,674,306,478,693,1369,416,1087,651,649,514,394,293,395,476,330,562,732,560,7749,1208,511,371,1082,269,708,509,562,187,410,214,245,386,443,644,751,625,372,387,295,319,205,638,2108,505,277,313,293,377,255,210,436,489,6320,1752,485,336,354,392,171,305,458,436,220,306,489,282,408,278,394,268,381,358,462,445,570,354,361,343,385,889,325,2349,582,364,197,223,335,457,424,344,1317,483,211,259,297,356,248,314,414,261,843,467,294,250,237,318,261,348,237,367,281,240,263,294,269,221,435,271,310,754,753,736,279,281,393,290,313,307,219,5005,874,225,312,421,571,307,297,209,665,2090,889,296,224,448,247,266,150,292,655,265,234,271,349,306,276,291,175,238,300,304,272,222,500,243,225,308,274,348,231,157,374,292,193,213,341,215,2650,1330,1003,326,205,294,234,288,283,159,306,1216,516,201,271,226,253,222,183,204,258,291,270,316,231,282,215,326,249,289,400,275,311,261,302,205,296,189,260,279,267,226,186,252,247,359,287,302,1189,768,395,193,265,312,215,187,314,254,264,267,961,356,519,214,234,233,178,230,335,204,269,252,226,243,174,343,355,848,1410,672,357,233,178,316,292,285,209,305,209,143,243,354,228,345,499,904,297,506,293,177,262,251,326,241,335,360,203,360,372,181,206,277,193,410,329,286,345,325,270,404,227,343,264,232,268,296,208,141,336,399,213,233,516,212,165,285,158,306,233,280,218,234,201,220,269,152,290,178,279,232,231,191,209,284,220,177,212,277,285,235,251,235,260,158,258,286,196,231,291,319,293,265,258,173,263,193,194,528,314,252,227,266,163,228,171,145,217,170,142,199,340,231,219,247,273,204,622,227,263,243,174,110,219,467,421,477,634,420,224,179,273,222,1252,763,660,605,307,216,418,298,757,495,622,367,411,294,255,633,813,754,609,871,1043,793,511,242,306,568,1498,1618,976,736,1276,303,406,546,979,1095,884,1337,583,1414,407,568,354,3337,4712,3103,683,366,320,300,730,934,2033,3508,1001,422,428,253,534,2518,1474,2587,1257,471,229,300,210,245,294,432,421,335,223,306,344,824,1673,939,1001,313,358,247,259,376,507,281,177,219,192,240,227,539,703,880,816,576,265,256,230,261,437,650,632,203,152,282,185,192,222,174,277,273,288,201,142,166,285,275,1891,458,327,208,200,239,167,133,258,204,263,167,222,289,122,428,242,339,186,203,226,246,213,183,181,229,232,235,217,141,218,246,217,133,148,223,162,275,196,222,316,189,291,213,237,162,213,215,216,152,240,119,188,224,213,182,162,189,114,178,190,180,140,257,127,200,170,288,161,130,221,214,158,241,163,175,123,227,160,133,155,195,211,206,132,181,199,202,174,169,206,163,120,214,154,173,177,188,187,223,129,271,119,216,177,196,116,148,170,175,170,192,102,150,128,182,112,138,143,157,270,198,137,202,184,156,214,147,302,153,245,197,121,102,175,297,128,220,163,156,216,177,163,188,197,151,278,145,225,149,205,157,171,169,167,164,276,155,144,189,120,170,201,171,247,208,271,254,194,148,130,163,222,168,243,204,155,246,162,184,159,162,177,137,141,186,203,146,214,143,218,212,165,215,163,116,141,172,236,222,232,184,198,183,147,165,135,170,299,173,147,185,174,89,155,170,161,162,150,238,212,154,157,206,183,206,114,211,234,119,229,118,153,216,293,249,145,141,245,193,238,262,163,200,247,169,139,177,148,187,148,250,212,184,204,169,240,177,261,165,178,213,170,166,167,141,249,171,285,197,145,311,195,225,156,150,127,149,247,210,148,190,203,143,180,123,205,105,191,263,313,229,194,200,146,133,185,323,149,279,205,223,133,208,262,171,273,166,221,135,231,180,246,206,134,159,152,135,216,323,180,147,219,145,255,200,221,209,149,182,100,131,132,192,199,184,300,223,219,231,227,171,176,213,259,145,252,406,133,135,209,176,218,261,238,310,301,209,292,206,289,336,215,227,201,256,236,234,275,222,199,343,586,498,1007,668,735,1040,940,310,402,300,396,426,344,348,407,508,1112,878,505,684,661,564,796,711,654,636,803,727,750,517,655,616,768,1330,1446,1110,2283,1662,1033,3518,1539,829,1017,1015,1479,927,808,805,658,716,974,1285,1229,1430,1219,1137,1235,972,933,753,913,1037,1041,1032,921,986,951,852,821,1022,1119,960,1784,1265,1865,1427,3317,2836,1881,745,795,763,975,903,941,978,855,730,1059,908,1058,1181,960,817,1035,715,934,722,637,723,775,730,926,632,850,733,603,666,1241,1370,621,781,661,883,730,718,601,466,810,716,728,
58.34,328,203,380,505,1563,430,6468,65169,1580,354,151,500,721,3940,162,5644,278,1122,343,343,351,1004,2374,263,3212,396,6823,256,690,617,3050,399,4634,2201,2798,3298,2915,380,1277,3176,727,1866,1576,1774,781,1715,319,1053,2654,968,1316,585,485,257,1350,398,678,1205,263,905,853,461,231,446,674,585,464,1124,1011,572,575,285,329,502,585,200,485,318,656,470,240,300,330,253,234,328,491,397,5021,879,259,277,346,190,720,387,668,316,231,258,198,200,173,427,235,330,187,227,478,299,239,254,2167,391,325,143,302,168,257,254,233,305,3467,1026,261,336,262,243,245,202,441,402,206,336,295,280,293,267,232,397,340,181,295,371,312,290,242,255,301,351,266,2289,341,363,217,263,209,394,347,510,1253,251,295,271,252,186,199,200,372,395,737,283,189,323,207,409,172,585,295,365,144,194,232,249,356,193,285,303,385,568,416,434,237,247,251,305,286,242,203,5155,888,221,237,218,161,449,237,123,1171,2384,926,263,289,153,221,286,349,199,430,177,152,217,148,204,90,264,209,197,217,216,375,210,251,191,316,325,234,331,364,216,236,297,210,163,242,259,3187,2180,818,380,318,264,199,169,187,152,247,1529,475,165,229,355,126,165,348,248,187,263,266,334,325,318,177,256,237,216,168,198,293,181,209,158,223,243,238,270,203,347,275,253,217,209,155,146,1185,705,579,193,174,120,263,135,151,192,400,242,800,196,630,271,341,173,210,306,196,202,150,127,191,248,179,543,161,313,1096,309,199,134,304,147,284,225,245,300,193,175,307,171,206,186,146,779,329,319,175,234,237,119,289,202,192,167,200,251,99,196,156,203,537,472,190,130,229,315,166,187,213,204,136,179,221,272,112,228,128,203,196,253,620,273,261,155,160,160,204,211,316,212,161,138,156,143,167,180,142,155,205,199,197,163,135,194,238,235,162,174,300,261,135,171,228,116,189,207,141,567,168,159,201,259,141,159,164,370,249,150,152,199,198,226,114,204,217,166,296,184,187,216,172,148,156,103,445,235,200,126,156,221,118,254,336,299,219,317,166,298,422,348,1182,1011,597,747,175,133,183,394,627,664,511,331,559,175,163,718,943,822,477,812,2104,804,225,273,576,818,1142,2485,1529,1257,827,310,314,584,687,1477,1128,1327,582,1799,464,763,330,2127,4592,2201,758,417,226,231,641,862,1610,2755,1663,518,182,222,566,1678,1171,1613,802,484,202,285,127,130,508,355,231,147,320,298,286,404,1669,994,552,278,332,175,238,191,239,232,96,229,151,174,263,338,461,552,368,572,327,235,171,257,570,661,435,142,155,287,161,152,136,261,306,219,215,216,151,136,265,209,2055,395,259,129,150,97,160,92,106,171,263,158,148,198,202,204,111,256,165,270,208,183,248,104,148,213,154,112,109,132,168,355,252,172,135,265,199,203,250,144,120,212,253,106,186,103,120,56,149,204,140,124,133,170,167,195,211,110,226,179,209,156,128,231,144,103,171,107,157,87,130,225,167,112,181,153,108,86,190,169,110,171,119,176,116,154,90,250,89,120,210,193,353,177,121,183,113,117,185,160,182,74,127,199,142,153,78,202,165,184,173,106,141,109,247,100,117,235,159,197,154,184,111,110,137,79,141,123,130,119,151,210,176,146,116,108,69,203,111,125,273,107,143,216,121,123,140,131,151,99,95,116,146,206,118,115,159,204,168,153,158,107,151,120,238,148,116,109,182,163,181,166,181,141,92,199,133,138,158,146,292,128,147,152,238,141,149,165,158,97,160,95,160,104,76,170,139,95,193,204,111,168,114,185,170,119,48,149,179,137,134,222,192,200,76,171,109,120,273,122,179,109,178,166,70,155,145,122,125,160,224,182,212,254,141,94,192,169,148,174,120,129,138,190,145,175,155,121,157,102,160,208,168,115,180,143,148,114,96,153,130,162,234,170,169,137,157,96,76,147,83,135,187,257,231,116,126,90,232,107,184,130,143,161,237,162,112,73,242,152,235,151,149,113,152,202,92,148,133,342,152,215,344,87,307,213,114,230,167,165,153,151,139,139,142,132,157,135,308,300,235,187,134,134,106,110,64,176,167,200,144,185,160,170,116,147,171,123,206,198,215,223,162,124,246,223,123,193,149,140,140,165,194,82,198,203,179,166,206,269,288,169,149,240,159,229,199,273,268,239,345,196,524,449,1474,989,740,1362,1035,479,300,311,287,331,372,359,391,400,1021,549,529,893,729,467,639,822,640,675,514,555,719,697,627,827,701,1297,1415,1367,1860,1859,1019,2966,1388,827,796,1110,1048,862,910,846,655,796,910,883,1043,1033,1237,1105,1030,1156,1006,770,542,1036,866,1060,1175,1004,785,1033,781,1023,781,894,1083,1099,2836,1976,5198,5490,3208,580,680,614,690,716,815,807,667,765,803,639,1613,1673,1498,1002,925,703,845,772,511,714,704,864,747,827,563,517,640,699,836,1123,524,558,838,659,743,619,717,613,970,675,610,
58.16,327,272,347,273,1542,486,7184,69552,1331,527,384,275,632,2649,202,6220,652,734,341,546,526,890,3686,484,3738,467,10578,383,355,888,3236,646,5264,2997,2457,3712,2015,748,1152,3808,843,2869,2426,1801,762,1318,711,1507,3881,891,1498,727,649,419,2039,697,450,2103,362,1539,632,849,343,500,893,704,411,2535,1017,1644,627,277,486,451,670,430,1124,452,987,837,230,261,435,602,214,726,595,661,9004,1159,393,510,1040,469,846,688,439,201,255,296,270,422,313,981,455,572,292,358,197,551,278,364,3217,531,524,142,315,387,316,306,215,318,6185,1537,644,367,340,274,217,360,333,399,255,285,396,362,318,259,294,464,421,233,556,376,633,367,326,409,331,371,273,3569,941,377,271,302,318,522,489,425,1261,601,347,393,397,312,262,285,393,530,697,576,247,225,246,279,354,437,356,369,259,402,405,386,281,262,282,434,324,1212,537,309,312,337,361,291,340,382,231,5711,1636,359,214,326,390,295,390,277,912,2842,856,297,217,301,479,285,214,349,481,286,191,398,350,273,284,163,147,355,273,232,236,263,307,358,288,170,300,745,384,319,320,359,198,334,178,235,3870,1576,1069,209,192,275,230,249,287,290,387,1162,590,351,287,203,286,323,197,356,241,180,230,255,300,284,258,297,318,384,342,251,218,232,270,249,328,234,386,514,264,294,315,490,161,204,280,213,1475,609,525,345,262,163,244,267,353,306,283,221,656,270,327,275,295,411,199,244,235,452,212,327,277,278,259,419,248,579,700,441,310,272,207,245,200,253,304,260,249,245,180,295,267,221,305,870,364,681,175,293,192,275,198,484,357,295,287,245,174,166,150,247,271,502,396,620,298,233,230,174,144,299,201,265,203,239,164,311,339,217,245,368,541,254,190,322,210,258,317,258,280,223,281,236,250,293,312,194,279,217,338,274,350,199,294,263,281,186,362,191,222,268,205,222,237,164,190,290,194,480,415,160,202,231,377,182,219,538,491,230,227,226,409,167,190,268,395,207,186,219,365,321,254,271,228,143,651,225,227,349,198,251,200,641,316,450,750,403,204,172,498,263,1557,487,697,298,346,279,246,305,913,719,881,455,557,287,223,874,940,832,611,1145,1653,851,333,243,446,633,1498,2943,1616,673,1026,281,858,1037,1129,1578,1035,1714,1060,2095,549,798,445,3384,5450,2393,786,499,409,204,551,1223,1663,3783,1564,222,421,258,635,1425,1282,1489,1114,642,351,338,226,230,629,701,297,307,292,233,363,588,1231,1133,714,341,813,476,287,333,503,442,169,193,228,306,207,408,574,465,609,352,771,291,403,280,929,1488,616,345,353,438,266,242,286,287,230,289,164,260,211,110,258,380,1334,404,223,76,252,131,205,208,202,174,170,295,158,295,181,223,155,335,271,339,320,170,157,449,223,169,192,200,211,141,150,241,169,186,195,234,337,311,227,298,210,305,184,212,115,217,252,237,325,112,192,123,230,213,215,192,293,164,154,181,146,247,175,159,165,204,180,223,144,150,171,312,211,295,268,196,178,118,196,176,141,270,154,233,176,158,142,285,141,192,262,272,211,204,306,136,217,248,255,149,133,201,158,165,208,199,114,292,177,283,151,205,210,258,149,216,141,250,155,183,230,95,149,199,176,131,216,156,118,113,104,198,166,223,104,258,148,195,176,238,200,187,271,202,197,107,163,281,175,128,144,142,134,175,142,187,138,184,288,238,158,207,231,278,266,128,144,123,168,130,213,297,330,184,170,108,196,195,194,149,171,192,195,181,177,143,181,233,123,190,212,175,160,97,203,181,165,173,129,150,199,164,179,152,171,193,206,187,170,194,157,214,157,219,139,210,118,199,123,146,148,236,158,174,140,141,205,269,131,199,216,147,269,260,188,234,242,202,179,196,186,169,189,209,161,180,132,206,228,139,109,271,142,181,215,195,230,259,110,203,142,148,166,169,147,193,161,131,222,135,247,186,202,244,150,319,219,294,130,184,209,221,149,191,190,131,251,174,182,191,208,166,167,270,162,151,146,186,231,233,186,241,167,334,188,153,197,217,200,149,183,218,163,148,221,194,191,238,262,225,181,276,207,178,179,251,158,348,227,219,175,195,255,221,328,220,204,162,190,233,207,231,294,225,213,247,269,270,137,342,232,241,206,266,243,170,401,377,384,298,371,295,286,212,329,335,408,435,366,458,478,412,946,938,1828,1923,1396,1812,1370,563,469,395,525,466,529,437,737,789,969,890,749,989,886,658,805,918,654,801,840,887,1038,568,570,731,927,1738,1416,1677,2033,2079,911,3406,1924,939,901,1089,1025,1513,1363,1036,791,722,714,1048,1243,1537,1279,1440,1268,1320,1167,960,744,966,924,1006,1216,1330,895,969,904,906,663,880,1594,1373,6755,4786,7613,9129,4753,912,670,841,824,943,830,929,719,837,1193,1077,1792,2015,1463,833,935,833,866,651,748,978,753,736,813,641,571,850,677,720,1331,1247,674,699,742,619,706,922,925,650,778,832,668,
57.98,326,243,212,227,1764,342,6852,69209,1973,271,236,397,1038,4013,600,5468,558,601,368,329,835,1388,2252,468,3905,518,7405,337,418,611,2542,591,4286,2773,2566,3387,2624,337,527,4697,481,3531,2310,1565,1364,1096,437,745,3934,483,1903,686,627,352,2610,304,1105,1948,340,1320,1034,585,246,278,480,823,389,1756,753,600,1080,381,631,767,753,240,985,963,501,466,290,297,604,598,276,466,706,541,6400,820,264,339,637,210,509,707,654,299,228,530,514,260,645,640,360,291,179,282,146,244,127,221,3087,536,411,184,357,300,346,149,222,462,7315,1613,424,519,211,409,188,378,257,502,366,426,461,380,343,255,314,387,359,235,246,339,458,374,173,344,339,279,213,3311,604,359,228,267,272,299,312,213,770,483,269,233,235,229,311,221,572,243,632,303,208,178,209,202,204,198,285,272,366,161,201,151,321,176,223,252,230,1524,576,336,329,291,238,279,466,215,182,6609,1228,299,236,354,282,349,241,202,371,2534,942,263,332,284,315,265,166,244,399,286,179,248,299,470,149,360,227,234,254,142,331,214,553,147,177,172,207,616,205,309,329,248,188,303,413,217,4851,1608,1533,239,322,143,193,230,276,305,337,910,501,323,169,223,155,281,247,306,216,235,270,367,220,213,162,188,241,220,264,188,249,116,207,316,174,178,204,294,172,234,298,313,240,183,202,212,1039,797,879,206,230,113,242,193,234,227,274,405,624,260,264,254,195,246,154,259,308,251,196,244,147,162,181,322,256,223,733,458,174,153,169,203,226,186,207,180,255,149,232,187,136,297,212,242,340,283,162,315,273,225,216,210,181,215,190,121,232,254,154,203,337,428,538,273,170,168,158,115,309,248,319,284,175,188,185,120,112,245,196,348,1013,336,160,158,170,191,144,228,216,291,193,257,193,121,145,125,160,166,202,124,240,107,165,195,102,169,157,246,270,149,325,204,146,225,149,194,227,487,179,103,243,199,418,232,168,389,353,217,226,130,126,197,132,153,188,150,293,202,176,512,250,90,239,297,288,190,362,198,219,413,253,296,199,394,420,339,180,172,208,388,1363,491,658,723,322,142,415,227,1042,499,625,329,647,199,149,486,1098,868,534,1120,1527,729,293,128,401,359,1463,2742,1481,498,1568,415,662,1014,965,982,1027,1347,917,3157,375,669,303,2753,4868,3074,511,308,261,153,521,574,2268,3900,1649,336,261,304,516,1079,847,1193,677,558,359,200,185,223,396,321,312,238,265,190,426,530,946,699,486,228,492,211,379,506,385,239,123,347,257,195,133,334,326,388,465,358,233,242,155,257,1069,1008,417,253,256,138,171,323,155,250,300,197,160,245,107,162,207,360,708,587,176,121,232,88,247,115,267,172,302,108,122,128,191,192,108,487,152,177,183,131,171,138,176,202,205,191,178,132,215,180,178,134,159,118,125,238,225,322,234,150,173,203,171,195,189,176,143,113,182,155,160,148,207,139,163,207,72,186,124,191,205,161,138,153,134,75,279,161,181,153,156,106,127,221,126,160,140,137,251,235,124,142,149,152,121,118,110,187,121,84,156,121,192,96,142,146,151,155,205,165,216,125,170,223,169,178,185,165,98,193,123,111,100,132,160,102,172,126,251,157,273,183,129,129,200,238,144,224,108,113,158,201,146,104,197,98,108,186,151,89,220,234,180,136,189,168,75,157,186,212,164,168,224,163,121,155,139,160,158,155,136,186,162,145,211,162,121,111,172,131,178,255,246,123,116,154,201,148,151,279,261,253,211,101,211,117,120,115,144,147,129,276,100,78,158,112,193,125,135,138,113,166,153,123,178,200,133,217,235,160,152,148,160,207,117,188,130,185,133,126,154,126,104,142,133,163,226,173,95,139,84,133,144,97,115,132,145,146,144,104,146,193,173,169,242,139,230,125,161,167,191,109,145,199,183,257,147,164,182,208,162,182,128,212,188,188,162,153,138,152,116,222,121,105,135,209,163,144,215,211,148,99,139,113,164,122,120,193,119,133,130,152,201,260,186,166,122,78,186,181,165,92,203,157,159,109,175,157,195,149,210,196,177,123,174,101,231,114,141,164,146,184,158,184,200,213,250,176,161,195,281,114,147,105,203,182,186,243,250,277,296,336,268,193,192,197,161,216,324,205,152,182,183,153,639,697,501,518,326,381,232,263,202,310,383,336,373,422,310,534,655,749,2228,2059,1390,1773,1291,463,629,370,422,363,479,638,780,656,1577,934,623,1082,682,740,853,737,780,816,1110,798,858,640,742,661,806,1342,1844,1504,2393,2369,1035,2739,1022,730,900,878,1029,978,953,1089,983,856,869,710,1058,1290,1121,1098,1110,1652,2257,1833,742,767,617,794,1295,1157,848,932,783,662,779,1747,1819,1469,9956,5335,10918,11064,6288,813,706,619,722,920,752,795,598,887,1717,1387,1507,1904,1274,728,799,702,664,545,797,1074,702,683,633,731,589,839,711,657,1350,1714,679,770,803,858,670,631,734,681,601,678,682,
57.8,325,317,249,307,1339,397,8236,73641,2015,736,395,344,681,4239,304,6259,668,785,290,409,683,1501,3750,579,3810,559,11968,515,463,855,3571,627,5061,3624,1328,4477,2713,725,1546,3053,797,3586,2704,2594,1745,2252,777,1655,4777,822,1844,778,615,270,2026,425,964,1802,624,1230,1189,575,308,444,812,750,734,2385,855,861,720,327,741,815,1026,406,996,511,731,556,200,467,429,791,227,1120,979,608,8486,802,471,557,690,251,872,654,949,343,451,360,470,438,666,787,421,447,249,382,312,267,212,379,3119,991,424,268,391,234,380,302,317,403,8134,2353,436,365,327,397,251,334,419,373,368,424,496,333,335,271,451,309,579,303,539,571,404,390,419,326,334,350,310,2880,734,398,289,289,381,531,417,328,1507,398,363,300,361,191,360,253,414,354,713,500,381,344,346,275,252,321,460,324,285,330,350,235,321,201,372,388,360,1359,470,355,198,355,292,211,264,281,291,6179,1670,750,196,554,263,397,535,531,1266,2716,1244,575,283,259,245,134,267,263,512,196,275,421,236,464,239,274,203,292,363,277,233,413,302,267,358,242,463,545,252,350,364,506,206,267,249,205,4715,1863,1577,371,244,336,318,178,268,232,335,1834,555,356,306,270,193,225,167,260,349,307,288,252,230,322,286,302,275,309,448,219,362,194,210,167,333,186,270,228,271,271,262,186,296,304,354,290,1397,929,567,330,343,228,260,198,258,222,296,206,602,378,311,165,251,218,169,229,189,345,260,264,273,309,253,467,245,354,694,300,306,230,279,250,268,348,316,316,252,301,227,187,139,280,203,288,207,508,258,242,306,155,116,268,247,398,276,224,250,231,187,296,308,744,355,463,164,247,213,188,234,304,201,345,290,291,237,299,245,305,334,566,476,323,315,216,200,303,189,345,178,248,257,187,209,171,395,225,254,241,289,208,222,220,251,352,214,363,354,266,326,238,230,228,214,246,190,183,217,615,218,238,276,187,233,161,227,336,303,287,195,215,269,226,149,262,230,254,209,343,149,426,170,308,241,282,609,266,333,216,122,232,190,450,387,436,461,241,227,250,333,264,1541,717,909,459,263,202,314,634,873,714,1088,523,568,357,239,1182,1129,1395,734,1127,1413,1376,461,538,444,461,1748,3820,1481,424,1444,489,689,1148,865,1256,1076,2437,2115,5488,745,446,346,2431,4772,2053,396,481,290,259,784,1013,2591,5334,2235,422,327,264,362,1183,1030,1079,838,389,389,393,238,327,488,275,281,584,368,235,313,515,726,631,445,244,950,384,886,385,386,350,209,181,264,402,213,613,536,411,755,547,564,357,264,428,1023,1515,562,250,309,239,242,227,248,235,206,328,236,169,183,203,226,247,1120,351,232,226,204,238,318,172,261,269,266,199,252,272,188,241,364,301,201,326,196,196,182,196,211,171,218,279,275,231,195,247,212,241,213,245,295,348,202,551,199,194,213,263,232,187,191,119,208,133,175,152,169,257,166,175,179,265,215,144,176,260,237,184,215,195,141,144,203,224,195,247,256,136,178,165,258,153,196,206,173,208,259,254,192,248,124,174,223,155,156,320,171,283,208,205,131,187,206,192,157,226,202,183,221,185,225,209,207,167,128,215,129,123,103,151,152,205,181,133,186,224,180,173,136,334,187,172,234,274,166,143,104,186,162,233,132,297,207,190,227,152,202,180,179,183,218,188,136,161,139,141,188,195,215,190,167,172,202,166,184,229,166,163,182,202,199,298,131,242,214,142,274,139,221,164,153,154,159,182,142,151,200,220,192,182,190,156,148,141,277,178,174,231,145,128,187,160,224,155,231,245,219,200,202,296,173,168,179,143,284,206,122,145,185,139,266,221,164,318,191,192,191,328,124,315,203,166,181,120,179,173,238,115,191,298,245,175,153,187,241,212,183,252,136,262,246,246,257,234,184,200,232,173,214,217,175,147,178,198,232,108,145,157,198,193,336,133,346,221,176,232,244,194,206,173,145,214,239,222,173,389,291,164,146,162,272,148,120,145,275,173,223,238,152,191,144,316,141,225,253,173,170,274,231,141,240,269,252,231,254,153,265,230,192,228,224,249,265,189,170,162,182,177,170,209,216,207,248,276,309,190,220,138,206,269,298,128,309,246,256,281,210,283,249,262,270,411,232,288,382,264,284,301,291,304,550,679,546,370,432,321,345,285,478,484,502,490,481,466,591,393,958,850,2169,2366,1383,1829,1884,715,612,655,759,745,680,946,811,897,1616,1207,1063,1268,1042,691,934,746,1129,1371,844,1078,898,766,754,729,764,1307,1727,1390,2060,2161,1201,2685,1027,913,972,1212,1105,1263,1266,1263,982,876,858,1033,955,1169,1407,1193,1079,3677,4892,3779,1027,812,695,1070,1342,1164,1102,1060,786,818,907,2947,3785,2039,18375,9861,15051,15237,8729,988,730,854,805,1251,1024,930,1072,990,1648,1771,2206,2047,1310,870,783,878,810,603,858,1095,920,1200,865,802,629,935,906,805,1257,1338,885,925,649,753,891,863,671,699,851,620,666,
57.62,324,188,275,210,1929,221,6794,81675,2949,280,219,575,833,4355,279,7011,501,803,354,459,317,1301,4257,567,5013,508,11429,350,373,783,3433,858,5108,3210,2032,3133,2423,614,1300,3520,751,3050,2101,988,1579,1493,464,1879,4716,584,1928,679,397,254,1944,381,897,1924,405,840,1142,472,277,291,885,502,601,1930,1389,1045,1024,166,384,823,822,514,860,617,1023,724,207,278,395,705,278,833,1236,725,8980,1131,328,452,809,220,528,688,428,685,350,430,218,242,709,684,577,299,181,398,260,311,259,387,3890,427,364,248,273,374,257,165,180,327,9627,2206,508,241,241,340,285,468,470,363,356,420,412,269,253,276,247,353,588,328,590,261,309,371,289,260,343,336,153,3113,412,403,220,328,193,282,452,264,1733,417,346,500,507,287,248,279,290,410,988,437,184,223,198,248,227,464,254,269,182,120,257,299,187,154,279,318,297,1502,444,223,267,253,194,332,450,249,308,6122,1064,285,371,215,129,260,160,236,499,1966,964,379,266,249,339,149,122,136,282,163,136,300,244,347,154,188,228,144,176,222,308,234,499,279,347,229,367,360,356,326,246,294,334,155,319,290,4274,2139,1182,185,149,235,247,149,275,258,257,1349,471,226,182,210,175,279,245,370,230,356,274,258,184,225,173,279,220,187,132,238,255,173,319,148,254,161,304,265,275,228,309,329,155,152,226,236,1828,768,499,330,201,229,218,158,238,304,230,372,395,221,279,265,278,217,256,280,236,269,143,217,208,226,199,396,194,270,526,172,187,215,302,247,180,421,212,212,192,200,385,254,140,233,336,250,216,309,175,158,152,106,97,231,209,295,189,138,115,212,164,145,261,406,375,234,271,137,218,311,229,172,130,254,207,223,304,173,192,796,297,429,421,471,188,303,149,176,221,286,266,149,143,231,258,204,211,173,281,273,311,195,109,180,75,173,223,132,296,169,211,290,229,135,222,263,185,119,174,399,356,181,175,217,256,291,153,451,303,320,111,197,188,328,179,136,316,176,324,435,188,273,194,235,276,138,616,229,284,185,110,77,172,455,365,639,461,176,204,106,260,248,1556,583,1341,759,265,203,228,327,744,635,831,699,447,324,254,505,592,812,588,1331,1562,1086,801,264,289,436,1423,3929,1419,649,2079,201,494,999,821,1010,1195,3867,2151,6326,883,526,326,2870,3446,2282,324,673,318,237,812,1045,3646,5839,2506,265,610,205,484,477,588,726,808,585,263,269,222,237,462,200,280,226,393,224,411,355,398,448,546,255,620,405,326,320,260,187,210,256,218,176,205,706,313,355,415,268,232,257,170,269,988,838,584,135,220,289,157,245,273,359,202,203,305,184,134,165,113,185,654,214,225,155,186,138,94,122,237,310,211,171,131,222,181,145,147,257,133,163,268,161,163,223,110,191,155,191,136,92,214,205,149,129,174,234,124,301,518,921,462,174,114,116,146,204,232,182,172,145,313,146,136,239,227,320,336,208,154,119,155,100,139,169,158,165,187,210,117,129,134,109,186,127,218,129,167,157,78,173,138,152,188,244,220,203,138,111,179,71,185,236,133,199,220,148,262,147,223,242,159,133,134,126,271,194,132,150,111,219,231,168,190,133,149,105,123,214,257,175,148,158,182,145,127,66,218,161,84,123,114,220,165,133,199,133,181,148,158,131,138,173,250,179,268,133,180,141,150,134,120,121,149,128,138,186,210,202,148,204,218,193,95,100,190,134,165,248,192,198,176,176,168,239,177,162,193,146,157,153,209,100,146,339,184,284,209,161,93,151,154,179,150,152,224,128,124,190,136,324,114,144,209,171,105,256,148,121,125,187,120,201,201,136,118,224,113,151,197,115,206,185,151,157,223,112,168,214,200,209,162,126,66,110,135,164,104,149,117,151,221,191,252,101,145,129,208,220,161,139,131,111,236,172,190,152,163,130,125,148,164,128,110,243,133,249,202,157,102,139,148,232,154,156,138,124,93,162,133,146,143,180,220,106,142,247,172,206,145,238,165,157,240,126,130,121,256,229,204,181,121,138,234,385,205,158,210,144,210,169,195,179,202,157,153,157,147,193,249,267,237,154,260,186,155,174,218,198,189,243,171,150,140,151,144,204,211,270,302,191,223,443,263,176,215,210,267,318,273,363,399,301,309,491,420,337,748,540,352,343,542,439,374,295,418,324,489,502,524,531,909,696,681,885,2515,2223,1626,1423,1537,643,770,460,570,567,661,620,793,922,1146,977,856,1175,1105,685,1004,1008,829,942,1175,987,1023,737,834,637,823,1237,1367,1487,1806,1970,957,1886,1144,836,743,1127,1072,1151,1228,1017,1187,820,781,1023,903,1182,1055,1200,1035,5302,7736,5845,1355,795,649,969,674,924,1000,1257,1091,775,1201,4026,4163,2227,21249,11116,15729,15586,8393,1041,700,682,780,1301,900,973,840,1243,2126,1795,2357,2234,1435,936,828,642,690,728,689,868,799,1419,1300,622,735,703,736,747,1434,1061,823,589,723,570,662,702,847,691,675,665,704,
57.45,323,364,360,411,1469,379,7879,84091,2285,357,368,373,510,4549,380,7019,907,1096,706,494,520,1351,4049,461,5465,675,10761,482,469,551,3586,518,5461,4020,2338,4782,3062,547,1069,3729,814,3119,2359,1972,1239,2070,797,1421,4515,805,1935,711,529,425,1885,575,911,1648,642,972,1372,791,279,492,891,993,569,2240,871,950,646,286,733,723,1071,331,993,905,1085,573,294,404,637,732,225,1097,896,572,11918,437,390,344,499,308,930,1132,1117,363,451,349,343,284,402,549,322,340,222,363,263,255,274,281,4093,819,624,294,816,418,374,295,399,418,13460,2880,603,610,399,347,382,435,348,333,276,503,529,413,315,285,331,469,543,244,638,485,388,255,275,377,381,321,420,4409,1068,400,283,305,287,387,345,356,1954,632,360,418,292,275,263,206,554,315,819,421,141,290,198,280,307,490,339,398,596,178,449,507,415,266,441,286,317,2172,606,428,324,304,376,398,370,264,249,10469,1364,247,273,300,464,411,308,189,1452,2387,1362,342,319,221,250,287,249,679,379,309,227,464,223,619,195,258,295,220,320,198,284,368,340,246,340,336,525,576,617,279,293,556,320,241,336,300,4662,2725,1953,343,338,257,246,307,279,221,277,1238,452,270,297,293,261,308,342,350,284,338,306,270,359,242,225,305,446,344,402,262,365,370,233,257,307,311,376,651,242,335,334,319,263,257,198,262,1783,851,632,295,285,365,324,261,303,187,367,274,406,264,293,307,317,375,242,324,304,272,296,210,195,257,207,271,203,319,449,283,280,274,213,220,194,264,229,260,279,216,210,174,198,267,324,304,374,431,563,270,171,187,336,286,245,208,294,261,179,203,180,267,382,644,243,462,255,284,318,258,191,260,291,289,431,214,368,274,296,556,576,349,691,383,312,230,155,294,194,345,255,301,359,282,286,321,326,278,267,265,146,216,227,207,136,308,288,159,373,291,245,251,233,220,301,238,166,230,247,367,244,196,185,229,271,355,306,619,674,381,147,134,232,230,147,231,189,215,283,164,226,426,237,277,210,192,808,507,518,179,320,200,268,504,316,635,377,307,235,295,476,309,1487,1019,1100,528,352,218,282,680,1002,713,1445,805,749,445,361,669,1205,787,888,1673,2045,1322,519,297,271,561,2352,3024,1659,712,2378,438,555,1216,1532,1499,1578,8226,4221,8690,1699,639,870,2515,4628,2318,630,997,642,263,1241,1550,4167,6839,3242,370,371,261,672,1370,433,1216,586,1030,373,189,511,296,665,345,328,340,560,262,300,311,505,486,625,336,784,482,616,626,356,271,141,238,247,440,309,699,427,399,520,333,392,154,326,235,1139,1114,703,185,162,302,298,362,261,236,231,266,242,228,248,192,192,173,589,242,512,299,183,249,171,222,185,198,228,186,189,204,183,151,155,180,149,238,253,243,323,149,361,127,178,209,330,230,301,330,143,163,175,196,171,242,1380,1144,919,193,207,187,194,283,160,243,237,232,251,199,146,257,305,168,189,237,278,196,165,286,282,217,241,301,256,198,185,229,252,216,252,207,167,290,355,190,204,134,361,211,360,200,265,217,210,229,125,164,179,280,200,185,229,182,234,204,76,124,242,343,250,163,150,191,176,235,142,330,129,171,230,137,161,163,175,155,192,218,328,153,330,169,207,124,238,226,205,225,230,162,216,162,135,147,198,260,173,162,181,219,164,219,236,326,226,146,202,151,133,230,245,212,129,230,259,289,152,271,208,134,267,294,217,171,176,216,191,133,179,157,320,215,221,269,175,190,222,183,160,160,152,216,148,167,366,209,190,178,200,229,224,168,99,135,218,109,207,140,207,130,142,218,246,228,126,122,222,194,290,134,243,213,199,193,198,173,222,180,137,184,175,162,215,253,171,186,244,205,137,308,138,222,259,321,210,248,188,170,183,146,223,180,201,202,247,184,154,181,190,259,144,200,203,240,224,169,164,155,167,148,208,163,343,165,180,253,176,301,189,277,232,225,171,205,181,153,183,196,134,202,168,200,214,213,183,163,158,283,239,134,181,189,175,219,201,220,245,184,157,226,228,635,334,320,240,159,211,222,203,376,198,175,179,201,262,289,449,227,211,139,306,242,181,254,246,207,209,272,182,204,236,181,279,191,295,226,298,408,384,471,352,315,340,336,262,205,358,456,424,446,417,655,349,317,984,1081,525,559,838,542,474,527,510,551,517,767,847,785,957,883,956,808,2171,2044,1701,1659,1427,831,1006,1010,791,707,951,984,1003,1103,1268,1410,1207,1504,1125,777,978,758,856,1045,1146,1189,1058,865,914,812,908,1281,1515,1212,1878,2054,1097,1927,1550,1761,888,1015,861,1151,1192,1228,1218,1170,924,1011,831,915,1853,1825,1838,10564,12560,9202,1928,756,783,995,960,1194,1777,1579,1306,996,1540,6873,7023,3026,25113,15539,17400,17459,9005,1223,982,1220,1176,1488,1462,1538,1564,1379,3142,2734,2024,1787,1192,848,926,739,686,1003,963,1272,1397,2443,2077,1308,928,1053,932,1020,1266,1272,881,779,622,699,845,561,853,717,739,794,695,
57.27,322,279,206,310,1771,255,8443,84609,1458,379,340,318,399,4992,962,7713,520,1117,274,362,449,1771,4882,378,6890,360,12253,392,338,1023,2699,666,4903,3086,2097,4349,2723,441,597,3742,326,3761,3028,2506,1273,2472,534,986,4945,875,1870,808,491,349,3417,449,838,1706,534,894,1183,397,274,653,665,1092,449,1887,772,822,859,314,486,419,408,309,1019,510,493,720,232,319,326,757,272,627,1046,424,20638,1044,416,217,665,248,803,539,730,500,326,363,381,632,501,712,441,486,243,681,213,282,186,352,3072,510,423,332,420,293,198,265,227,413,13300,3045,406,402,377,262,278,376,511,497,294,484,310,212,248,287,347,323,237,220,302,300,724,314,209,305,284,270,295,4147,465,390,248,253,390,348,277,426,1311,319,246,253,360,243,242,219,363,346,810,334,137,209,179,280,215,200,211,322,401,177,325,204,207,192,232,263,380,1243,376,366,231,194,187,461,367,319,209,7593,1878,221,237,274,144,273,292,208,812,3605,1653,368,296,276,246,285,264,296,298,294,191,274,411,197,205,216,465,332,166,217,347,258,510,240,267,152,397,673,304,443,215,221,121,264,408,271,6074,2398,1553,333,341,266,215,262,356,158,298,1553,711,277,196,163,421,161,147,280,155,269,197,190,197,221,179,180,320,249,212,206,424,194,319,288,380,197,243,349,226,495,216,238,177,214,216,199,1213,612,470,412,156,232,278,257,188,263,241,299,410,287,290,212,207,356,182,249,176,325,186,178,225,176,333,194,334,251,242,273,225,142,187,169,165,269,230,199,207,254,236,243,118,238,267,237,229,359,195,278,143,129,141,211,257,297,238,339,182,124,130,220,225,259,281,326,273,167,197,331,219,181,187,235,282,145,122,518,432,663,403,630,812,292,199,225,156,212,223,666,263,263,254,231,201,137,305,226,275,181,197,164,282,142,212,187,198,258,233,107,409,276,325,203,285,251,213,220,156,390,157,137,103,262,204,245,186,535,591,179,174,169,178,155,132,170,203,216,182,175,193,402,360,181,277,115,408,156,322,174,203,161,241,284,243,323,505,114,230,162,399,260,2101,1086,1042,421,265,149,345,500,1097,1081,1440,571,647,365,155,819,841,1083,811,1917,1384,1314,339,286,326,478,1478,2004,1064,835,3522,643,367,1234,861,1404,1763,10335,4894,11012,1282,628,510,3169,4437,2083,621,926,625,283,1275,1433,4557,6296,3804,531,552,196,388,657,311,1124,629,1285,314,343,217,244,583,261,231,366,231,230,524,386,374,383,551,254,917,392,396,808,320,296,125,173,164,428,317,490,430,337,470,268,210,280,246,239,1082,896,451,193,129,251,273,206,267,237,202,263,142,260,198,165,126,240,197,163,369,187,221,199,151,84,234,208,239,292,118,150,108,132,138,191,117,245,230,180,285,141,120,185,174,184,262,146,395,200,129,179,106,112,162,246,1685,1483,733,324,119,160,111,166,148,153,160,174,173,149,223,147,174,92,145,213,164,79,162,246,191,198,89,187,104,165,132,158,111,222,218,164,157,157,149,203,130,166,341,174,188,164,210,179,124,155,133,261,101,182,140,132,177,153,189,121,190,147,196,160,180,146,164,93,131,258,177,213,244,111,143,143,219,244,178,113,143,182,184,144,155,226,287,109,177,157,115,132,121,182,159,272,73,168,142,135,154,137,226,170,131,136,169,145,170,98,163,106,140,153,208,112,231,330,177,87,129,150,305,182,106,147,156,221,195,199,108,110,118,175,187,149,366,193,189,144,120,177,177,162,118,182,145,144,174,157,118,190,269,181,180,224,204,145,102,159,66,145,211,274,175,158,101,145,168,157,189,195,246,207,124,154,127,186,175,148,326,193,185,175,151,150,197,180,217,235,169,140,181,199,162,157,151,177,171,98,117,119,229,124,158,96,263,193,119,239,217,155,132,151,169,106,139,161,180,148,150,163,184,177,160,196,168,186,169,134,113,148,265,171,134,194,217,235,122,168,154,118,117,237,209,178,165,167,108,112,151,253,225,125,181,117,148,136,204,262,164,151,228,185,168,474,355,140,152,170,226,185,154,141,180,236,153,112,220,156,200,226,196,210,393,197,256,235,303,284,214,268,252,154,175,154,231,293,214,310,299,315,445,561,381,344,305,255,255,292,310,556,516,492,462,359,397,406,934,935,546,517,574,658,508,546,491,471,464,657,656,776,831,705,1017,763,2002,1572,1178,1309,1375,829,1001,730,825,566,711,741,816,866,1141,1151,1340,1403,1218,983,745,781,863,1314,1271,1259,1366,1059,948,815,672,853,1091,1054,1620,1641,934,1164,2307,2120,739,790,896,863,973,965,976,762,901,937,780,953,2205,2856,2515,12820,14832,10654,2087,871,722,851,739,993,1674,1769,1387,1324,1734,6041,8289,3975,25470,14493,16383,16524,8136,1163,869,900,1050,1159,995,2013,2114,1671,3849,3117,2040,1547,1196,821,944,699,731,855,879,893,681,3413,2416,1472,1121,1052,1034,1109,950,985,640,564,629,489,578,815,665,720,624,597,733,
57.09,321,164,249,359,2091,284,7784,81664,2403,283,329,299,649,4269,666,6777,918,480,458,408,568,980,3271,400,5629,520,10303,254,313,683,5185,435,5201,3137,1769,4055,3284,657,608,3811,671,2962,2568,2293,743,1217,809,1166,4504,522,1750,919,382,335,1525,604,589,1546,361,1366,1256,919,257,432,739,1102,447,2809,925,1137,667,250,543,482,598,304,1129,452,459,469,225,274,460,419,257,772,702,450,25537,930,425,552,577,184,598,877,629,368,308,344,260,469,357,527,420,525,331,377,266,297,232,387,4568,607,347,273,374,304,242,255,429,435,13317,2466,472,169,384,245,388,442,350,601,512,467,188,287,324,190,346,375,819,267,411,395,264,280,246,300,351,616,319,3010,616,457,156,206,209,236,463,262,1949,313,456,194,409,383,307,290,619,318,715,628,225,114,178,220,200,242,404,407,468,200,336,146,390,165,425,316,262,1092,393,481,362,133,183,242,303,193,141,7397,1846,378,281,273,538,290,296,214,611,2983,1264,243,265,170,270,346,202,177,182,359,160,319,256,350,243,224,233,210,261,292,221,362,260,333,233,203,287,472,219,215,207,394,308,380,258,239,4766,2094,1246,352,248,223,237,208,373,179,399,1413,722,148,293,292,356,233,129,238,307,227,192,181,187,165,249,176,228,349,319,271,340,292,201,175,248,179,152,231,189,258,325,474,184,264,181,254,1122,678,446,209,224,139,304,265,259,318,227,452,278,236,161,228,157,199,132,212,264,169,232,193,218,230,228,184,325,270,252,241,180,186,273,310,346,215,144,180,149,259,299,283,153,170,287,350,328,425,230,156,189,141,156,135,299,174,271,186,287,304,137,264,217,458,353,386,424,232,154,165,187,171,311,368,349,152,261,102,233,1017,528,341,815,562,269,287,204,271,202,292,204,392,316,160,125,131,329,244,158,182,222,284,226,326,182,130,368,243,190,243,172,278,181,142,183,229,171,241,149,169,330,187,241,185,218,397,160,427,241,228,201,194,164,206,165,372,228,204,184,266,225,180,238,191,323,227,602,268,489,214,229,151,423,406,180,622,423,339,192,192,291,295,1314,920,1215,527,236,142,312,513,1368,1131,1892,839,457,568,147,708,1031,1379,352,1931,1172,1648,463,274,356,581,1712,2125,1052,686,3914,797,407,1124,1474,1902,2732,14353,5379,10949,1563,514,355,2097,4074,2134,413,1339,614,299,1207,2094,4414,6644,3424,239,543,185,268,451,793,1123,853,597,415,309,190,184,765,298,331,360,425,277,325,347,443,517,409,385,638,280,467,546,342,173,165,282,259,219,320,667,779,497,427,228,236,103,160,188,853,418,371,161,164,236,236,310,330,185,148,163,139,194,346,174,227,154,250,205,209,128,211,250,169,232,145,225,244,186,126,214,70,150,211,113,327,197,210,382,344,157,179,128,224,204,194,138,498,306,213,124,150,213,149,494,1972,1847,1187,262,135,144,293,115,292,274,185,144,229,107,151,126,189,203,180,180,161,71,123,113,379,237,88,121,203,153,69,120,137,213,117,156,176,219,155,105,191,133,165,148,211,159,112,190,153,232,95,305,253,228,182,107,140,131,144,143,122,120,152,121,196,106,170,242,165,193,164,169,416,254,124,191,205,176,142,174,231,226,147,79,124,253,130,120,88,140,189,225,99,192,139,140,152,150,142,177,174,150,110,159,183,151,167,155,147,148,280,180,154,232,225,155,160,132,192,113,157,163,176,144,177,166,163,128,177,130,203,250,205,105,199,114,174,170,219,178,82,129,143,208,196,165,175,125,118,161,208,167,118,141,288,105,142,87,107,149,167,138,206,238,88,137,91,164,132,172,183,110,146,99,232,273,150,258,247,146,202,141,283,302,113,170,94,186,248,176,102,162,69,170,132,162,122,173,233,113,227,144,111,167,163,129,143,138,150,166,145,253,164,372,151,155,152,165,89,207,180,130,246,152,183,177,205,168,121,168,131,128,183,352,200,163,143,173,146,117,156,199,212,212,193,218,143,167,154,305,92,219,175,137,250,147,237,185,172,168,210,203,104,193,199,324,528,211,155,158,197,177,279,187,220,203,200,167,220,178,273,227,378,216,364,314,224,296,300,324,286,245,197,198,253,349,275,274,324,345,377,202,338,581,316,369,301,415,188,289,308,610,429,678,414,317,432,320,1091,1048,542,515,655,589,864,583,620,717,575,787,665,836,932,858,921,604,1875,1393,1125,1184,1193,786,937,1006,943,919,872,652,886,1005,1177,1221,922,1322,1046,825,683,863,744,1120,1079,1233,1121,1067,920,1245,763,880,1011,1022,1513,1332,1396,1264,2944,2372,1081,939,1068,929,736,1343,1209,926,985,804,739,916,3677,3465,3053,13974,16115,12515,2694,1024,691,1026,857,1366,1687,1851,1355,1209,2287,6991,8192,6145,24417,13862,14492,13406,7982,1309,977,962,846,1431,1229,3020,3184,1961,5330,3232,2094,1259,1171,745,965,695,843,671,830,1036,715,3876,2830,1690,1144,844,1240,1170,772,699,786,598,708,498,720,746,522,671,549,610,722,
56.91,320,242,404,314,2487,611,8776,91490,2613,669,345,391,827,5503,778,6899,649,936,519,429,743,1973,4278,765,5719,641,11214,390,352,708,4562,1055,3844,4089,2091,6361,3395,408,1039,4336,638,3531,2813,2465,757,1390,773,1604,4535,623,2434,942,604,358,3737,684,974,2026,433,1142,1832,575,364,448,578,813,698,2012,1120,1354,951,303,410,622,977,220,1097,882,1049,954,206,471,593,705,282,622,817,693,38504,1098,493,260,1122,219,945,703,630,632,460,400,229,350,486,957,679,723,243,527,450,375,266,329,3692,1111,473,419,608,277,407,371,434,666,12039,3173,789,457,343,402,364,422,401,500,319,547,866,361,328,267,424,351,497,279,755,416,455,385,274,304,354,339,234,3754,837,503,284,293,266,459,289,465,1609,746,395,142,357,452,446,366,488,305,1207,445,265,312,292,398,328,254,358,324,374,260,407,293,312,203,374,335,305,1494,671,323,437,239,215,453,230,492,269,7947,1368,354,201,339,452,362,354,214,864,2560,1452,218,281,262,372,233,200,374,378,262,379,371,232,363,268,326,295,371,311,228,530,375,388,307,339,187,357,696,356,468,419,723,264,281,224,306,4716,1992,1323,363,244,342,358,328,436,220,296,1319,671,237,261,216,287,299,253,421,261,217,377,303,283,326,248,359,192,490,363,245,504,281,269,350,349,293,319,467,253,336,375,300,307,238,377,228,1329,682,457,300,295,241,194,184,569,260,436,268,451,326,233,266,284,169,204,423,577,236,294,319,299,253,351,322,361,333,398,248,235,409,190,189,231,254,237,308,236,238,297,227,135,471,194,465,223,271,197,190,237,222,210,299,186,325,261,153,224,245,199,218,348,714,291,372,339,219,218,381,260,261,334,372,307,267,275,207,499,1467,1093,894,987,421,231,325,174,295,233,426,262,399,254,314,301,217,589,327,250,249,338,198,385,274,167,333,295,157,362,388,273,215,298,256,318,330,271,315,252,643,228,214,194,204,226,238,263,459,507,329,133,202,172,298,229,365,271,217,386,310,252,273,296,200,370,237,650,244,373,242,275,261,303,403,356,692,296,237,232,401,373,424,2728,484,1311,768,366,294,568,757,658,1296,1620,585,665,684,391,917,1132,1442,613,2641,1984,2715,557,300,695,744,1652,1988,1640,1021,5523,949,1032,1197,1145,1757,4092,19129,8528,13551,1802,786,752,3224,5414,2455,462,1412,890,378,2250,2486,6515,6994,3947,562,314,308,304,638,611,1043,813,904,557,350,436,245,556,411,432,295,329,256,506,441,581,449,417,574,509,366,416,719,349,371,204,289,271,551,389,640,336,425,429,497,157,187,294,191,1077,773,345,222,237,187,360,314,199,291,280,247,278,216,346,192,238,219,396,289,197,132,204,172,168,148,303,205,237,211,174,283,203,190,156,146,141,327,139,542,351,157,206,248,198,318,305,282,891,423,215,172,143,238,212,591,2278,1917,877,235,220,154,292,211,164,155,239,280,142,205,356,346,144,309,281,192,188,237,227,221,191,225,201,193,129,160,202,227,213,337,253,238,289,119,209,282,145,161,218,381,163,177,180,178,140,149,185,298,125,197,211,306,263,194,194,154,116,178,197,153,200,181,213,140,143,251,138,186,170,215,188,226,186,188,172,289,299,271,185,181,137,182,125,165,259,235,254,201,253,192,143,230,357,158,223,173,285,173,255,295,205,196,195,251,140,257,254,187,175,418,180,162,184,247,207,198,174,265,146,168,164,195,211,165,160,147,241,201,190,191,152,236,193,217,191,277,185,147,202,231,214,165,259,290,172,194,139,254,250,197,224,209,183,175,180,139,219,163,234,242,187,182,127,215,162,164,175,221,203,208,295,224,247,148,193,214,160,321,244,216,213,181,218,157,325,264,159,198,152,157,219,246,130,169,239,220,213,181,249,150,132,185,190,165,178,281,202,223,177,161,175,165,203,144,301,344,200,162,285,187,218,180,201,259,206,206,179,239,236,171,244,184,187,121,116,205,168,149,167,218,200,179,247,190,233,172,104,275,201,146,149,257,231,172,193,223,206,322,241,298,189,494,365,223,258,226,213,209,279,194,242,219,229,208,252,207,219,258,180,231,554,369,306,318,344,459,334,286,345,399,409,417,412,287,334,272,437,304,539,966,406,434,319,374,308,466,551,576,871,628,664,537,716,573,951,836,799,752,1209,843,876,1152,792,684,842,889,812,984,1243,959,1113,1095,1460,1329,1334,1180,1373,1308,1121,1311,1257,853,844,859,817,882,1314,1465,1383,1367,1057,1089,909,865,1038,1006,1308,985,1236,1131,1264,861,1046,1214,1187,984,1408,2098,1898,2579,5681,5068,3316,960,1004,875,1023,1258,1045,1018,886,966,951,1360,4926,5322,6459,17186,19173,14301,2802,1424,1415,1415,2198,2432,2209,1829,2126,1543,5466,7628,12200,12009,21638,12445,10905,10968,6442,1973,1407,1278,1206,1365,1062,4565,4760,3560,7306,4501,3096,1151,1259,713,852,655,838,761,908,920,814,5001,3146,1723,1107,897,1326,1059,899,843,797,732,810,604,807,589,789,703,638,624,921,
56.73,319,181,172,361,2059,248,8330,83273,1931,560,407,443,779,5312,445,7753,1010,973,363,469,493,2528,4225,838,5617,596,10301,383,449,1004,5073,874,3710,4286,1573,5402,4450,694,1051,3854,537,2782,2420,2329,1073,1731,433,1374,5402,715,1200,957,807,267,3507,471,820,1429,412,953,822,939,292,377,730,707,779,1926,1074,1348,699,280,386,624,864,303,747,626,509,294,125,337,268,770,331,1038,401,620,47952,1080,370,275,593,158,621,594,473,473,422,257,263,309,546,626,588,713,370,314,380,415,255,565,3822,467,300,267,490,393,423,380,424,313,11732,2186,541,378,334,209,215,261,297,356,428,376,661,348,280,183,327,178,602,289,568,303,303,253,252,490,207,274,289,3181,976,616,242,299,216,292,415,380,1739,588,277,248,225,258,253,260,425,397,1087,367,274,296,288,266,199,273,289,302,275,163,280,152,392,244,255,289,313,982,459,632,287,252,277,199,339,295,192,8583,1606,226,272,481,341,344,330,198,951,3729,1178,294,361,186,326,290,240,278,335,344,179,239,183,290,245,335,312,330,401,212,337,329,326,140,339,217,411,389,336,304,507,268,173,259,272,220,5399,1696,993,449,191,361,181,179,217,182,339,1238,741,189,173,270,292,215,177,255,324,372,279,289,217,282,174,308,231,234,192,295,275,171,260,161,268,166,198,308,346,250,282,266,225,333,169,235,1587,407,592,334,210,132,205,226,252,192,322,211,225,278,161,266,284,226,159,209,194,165,175,165,224,171,187,322,188,159,285,207,187,171,295,255,163,216,166,292,105,218,211,188,248,153,209,234,325,342,219,224,196,123,251,214,333,208,167,192,149,211,234,282,287,577,262,440,222,162,194,182,258,399,256,458,228,318,248,255,253,2205,777,698,879,594,264,145,129,236,211,213,162,200,157,257,472,209,219,180,327,212,192,295,189,240,145,151,213,146,204,218,216,193,275,187,259,225,280,260,171,311,166,173,264,145,349,200,245,503,619,230,194,177,190,182,177,216,220,226,250,185,258,292,211,177,227,155,714,221,336,254,235,278,181,382,295,453,289,193,163,228,516,258,1372,385,655,814,389,277,417,610,981,976,1126,367,474,741,469,575,701,797,689,1463,1346,3704,683,339,334,737,1505,1117,1425,941,6413,863,390,1569,1254,2420,4607,17950,7922,12106,1269,576,549,2468,3799,2126,767,1111,412,268,1915,3155,4428,5482,3123,284,297,470,285,519,402,553,616,689,317,437,340,491,627,449,308,206,322,220,344,191,293,410,177,437,349,150,416,464,247,279,136,177,160,267,388,442,351,271,339,295,184,171,225,210,867,322,166,194,175,335,205,340,160,180,207,161,124,197,373,206,169,178,271,277,227,208,191,112,191,222,167,129,255,210,217,125,120,168,201,103,158,92,174,773,341,167,223,399,164,145,196,138,1001,454,200,112,194,199,246,518,2206,1544,644,214,158,160,122,145,194,154,229,179,105,101,130,148,247,119,155,154,204,200,161,171,127,125,170,150,215,124,180,121,227,218,143,181,255,161,113,211,178,187,268,198,145,190,223,120,164,98,111,190,189,131,135,227,111,162,205,212,210,127,178,141,148,186,139,191,102,234,277,244,171,115,125,122,133,178,173,152,194,131,201,152,158,162,103,107,86,185,160,136,241,147,186,114,203,307,94,187,173,139,97,162,216,189,346,127,140,105,220,217,165,209,276,143,190,288,159,112,107,157,214,153,182,206,168,171,175,102,129,131,121,131,159,178,200,89,99,143,145,181,144,174,199,188,164,218,188,219,167,175,198,110,187,205,115,184,131,153,140,183,180,199,135,196,146,122,207,156,196,197,170,207,81,99,135,126,209,166,175,139,224,265,169,226,165,187,137,225,250,113,256,169,123,220,131,259,240,141,157,139,231,94,167,132,230,195,186,171,96,202,174,136,219,146,145,130,106,112,150,191,102,96,151,324,183,155,149,159,135,312,112,239,227,184,216,159,164,245,201,131,142,183,261,249,119,118,178,109,116,221,160,244,165,164,100,153,166,169,244,143,268,224,278,629,693,247,270,170,448,156,221,151,194,215,252,277,245,155,184,242,269,314,598,288,268,328,288,295,197,217,296,627,422,315,292,360,403,306,471,655,574,874,522,538,466,552,494,401,316,684,374,616,757,863,716,584,937,556,715,1150,1050,1205,1161,701,765,824,1065,832,957,1183,1291,929,1108,1340,1612,1446,927,1037,1234,1085,1344,1061,1379,974,788,918,692,1080,1274,1316,1338,1303,1202,1020,996,861,787,658,990,934,1016,1067,834,897,904,834,861,1104,1245,2646,2566,5032,6270,7110,4613,1232,721,897,724,964,1143,1118,1039,1251,1610,1814,5047,5470,7423,17845,19649,12442,2897,1516,1273,1193,3808,3899,2940,1761,2849,2382,7792,6468,15673,16307,16063,9890,7490,7711,3913,2002,1358,1611,1226,1023,1053,5925,5693,4684,7279,5042,2215,1503,921,1044,1040,740,861,770,654,1024,867,4739,2829,2235,751,824,951,1004,770,698,875,635,603,522,601,485,664,633,808,675,642,
56.56,318,320,321,339,2754,512,8780,93714,3727,556,711,448,1393,5432,708,8756,1520,1405,536,647,654,2039,4893,641,6067,660,11140,465,431,868,4625,473,5712,2864,2585,6017,5310,325,1417,6140,402,3908,2718,2666,1432,1801,496,1617,4787,1189,1138,850,593,292,3575,459,766,2066,513,1443,1623,786,325,478,944,953,687,2297,1226,856,809,263,517,912,839,318,993,855,998,607,456,308,519,642,245,886,977,608,76328,1464,497,467,694,278,875,684,936,1683,729,481,411,731,505,586,691,768,293,450,353,708,412,494,3146,687,417,340,433,511,317,279,430,603,9400,1546,471,411,352,388,248,352,442,405,329,377,435,281,291,256,345,415,921,226,614,531,348,277,261,381,375,497,301,4205,821,344,244,339,317,291,576,339,1887,847,312,375,479,260,300,252,420,348,1111,537,228,272,425,440,230,339,312,325,197,233,391,250,381,126,622,433,313,2131,736,586,380,367,179,391,425,236,166,9443,1750,345,205,331,389,499,618,304,1080,3717,1301,392,253,408,390,228,283,245,333,289,289,311,250,476,295,312,668,246,396,285,627,637,327,247,327,281,430,889,307,486,268,251,300,403,369,288,5899,2285,1615,361,311,189,374,199,247,247,291,1409,615,474,322,394,283,282,201,315,369,304,251,375,322,243,237,290,403,394,330,282,428,319,244,399,345,254,274,407,261,310,371,264,257,199,343,252,1786,531,741,398,261,203,340,250,343,186,347,385,262,290,145,179,268,411,229,282,393,279,223,188,186,273,189,179,485,352,396,239,271,168,201,194,171,184,244,269,226,215,242,145,177,299,320,331,267,292,257,180,344,361,281,227,291,287,361,446,136,253,190,343,370,1072,452,310,220,255,186,309,201,329,201,439,200,296,397,172,281,2523,968,423,911,447,287,360,174,290,396,321,305,213,257,236,358,190,296,229,217,209,212,225,324,247,213,203,322,189,257,300,315,224,157,252,257,205,272,237,247,546,194,157,198,256,282,149,297,350,557,354,208,264,267,222,283,245,303,292,349,379,297,454,223,360,293,299,795,268,413,213,196,236,146,354,605,471,343,309,166,504,747,267,2270,752,1213,483,426,322,741,510,671,1212,1039,732,769,806,421,980,1570,1621,548,1865,1759,5637,1234,276,450,1339,1825,941,2480,1321,7437,1818,755,1519,1383,4725,6936,20135,9048,11688,1747,589,874,2547,4536,2806,701,1243,668,292,2122,5577,5208,5242,2871,550,324,351,394,484,1006,958,939,771,388,646,701,537,749,705,327,381,359,392,422,298,809,797,560,282,744,272,372,321,459,280,247,244,381,428,257,441,370,313,362,234,269,227,267,222,897,375,235,215,202,228,514,290,373,307,263,233,157,193,431,216,191,301,224,158,260,131,236,188,258,182,190,194,157,214,164,194,143,291,140,200,174,256,199,939,615,213,162,261,253,220,189,315,1243,476,189,108,203,288,209,1077,2777,1887,1073,222,237,222,227,262,176,347,230,206,382,173,215,184,282,181,217,120,180,173,247,170,185,182,176,152,284,312,159,194,243,245,170,239,173,204,199,274,180,260,307,319,197,191,201,211,199,190,181,243,228,206,241,262,186,128,204,177,223,141,173,183,228,247,151,189,168,185,263,224,164,203,211,207,256,124,190,141,192,263,180,240,172,230,226,180,195,168,225,218,267,297,253,233,128,196,155,213,273,193,192,246,215,178,185,308,205,164,165,188,272,259,260,348,196,242,226,267,195,183,157,196,207,167,185,157,220,223,166,173,371,165,220,164,149,170,155,193,150,262,271,164,135,218,270,197,206,226,194,184,282,234,240,252,130,182,184,203,214,348,242,204,253,175,116,249,224,163,254,281,255,212,350,195,250,207,180,179,162,222,171,257,158,227,214,237,165,185,380,195,264,206,257,120,173,318,210,252,244,192,149,367,151,175,230,236,175,259,137,146,226,190,184,239,287,262,170,213,252,159,191,120,212,177,172,361,227,278,216,157,197,219,259,209,259,130,207,234,209,398,189,331,285,211,131,196,232,172,117,330,323,207,231,150,190,176,205,291,258,253,444,353,206,973,635,203,218,211,284,237,211,220,468,272,309,356,369,317,315,300,269,429,811,465,663,501,372,451,324,379,365,452,460,404,451,580,389,484,593,628,888,1155,809,873,646,626,549,527,479,980,704,747,846,872,1088,867,891,610,912,790,1108,1389,1352,1106,1125,910,1084,1105,940,1336,1411,1257,1513,1428,1383,1584,1195,881,1300,1156,1185,1391,1316,1048,938,927,877,824,981,1143,1350,1201,1346,1114,1459,1648,1037,804,1171,1287,1278,1041,1001,842,1042,1195,1041,1047,1874,3850,4979,16062,9871,12432,11061,2441,1713,1309,1076,910,1351,1543,1506,4045,3040,4961,7505,8564,9371,17699,17480,11981,3125,2923,2642,2200,10344,11462,5966,3365,4754,4776,13985,10105,25383,23320,15866,7494,5934,5728,3194,2583,1756,1709,2289,1437,1731,7218,6971,4194,7304,5321,2713,1178,1198,910,890,661,874,815,896,1103,887,4224,3354,1716,1165,795,886,831,667,722,653,659,660,510,683,657,717,589,666,748,756,
56.38,317,175,231,541,1973,387,9419,97190,3040,618,658,498,786,5632,494,5769,915,988,399,482,469,1822,5728,485,6200,819,12997,342,435,524,4025,552,5000,4160,1898,5438,4304,648,1853,4714,415,3100,2876,1686,1130,813,522,1950,5787,584,1297,1059,608,313,2437,379,1368,2375,387,1017,1383,1121,237,448,511,902,569,2431,1099,1340,893,230,342,373,570,315,1187,429,791,560,164,203,451,416,166,610,921,605,84527,574,396,337,1206,176,802,520,438,1491,438,401,706,467,384,953,455,609,308,519,330,433,299,599,3245,712,394,269,383,216,323,331,222,457,9604,2284,307,492,457,282,276,376,249,352,459,600,468,324,208,201,268,328,535,226,412,270,238,191,225,210,232,439,202,3007,388,325,146,209,157,312,238,375,1288,541,293,158,378,238,227,232,355,247,928,519,399,250,294,356,277,244,280,321,146,202,165,170,309,241,234,314,350,1635,435,407,292,206,213,407,324,254,245,6477,1816,322,162,252,151,241,668,209,1041,2528,1388,255,557,214,198,212,142,261,367,262,160,307,360,444,283,268,278,247,288,286,281,232,191,153,343,353,279,547,137,277,334,244,270,201,217,307,5294,2411,1037,308,238,248,175,234,311,239,303,1216,618,247,264,239,270,189,221,153,344,246,185,226,189,307,235,212,239,281,316,214,194,174,382,181,222,407,202,202,259,197,365,238,206,180,229,325,1196,513,399,177,257,140,161,248,364,205,231,261,194,199,172,193,292,226,198,344,262,230,196,244,308,247,211,284,209,302,251,273,381,145,158,125,207,196,238,268,125,135,152,154,132,241,153,208,299,413,156,197,175,110,266,192,299,238,211,167,116,396,172,251,383,1669,688,357,187,165,120,167,206,200,155,373,317,278,304,205,310,2008,827,387,1021,715,335,320,173,372,167,319,275,223,202,362,364,231,276,187,239,208,410,366,551,191,216,222,233,157,348,335,310,198,293,278,337,265,214,190,243,553,154,275,169,246,443,207,268,353,427,258,161,229,167,198,276,261,242,203,209,304,274,369,334,178,461,219,469,365,300,224,247,193,236,262,418,724,474,325,257,318,242,248,1210,1108,802,543,618,224,570,500,676,1011,1320,483,1012,494,151,1211,1268,1520,936,2202,2578,7393,1076,646,405,1177,1814,1233,2623,1369,7569,1357,877,1877,1418,4995,8231,20579,10198,9573,937,682,699,3593,4119,2334,756,1281,473,266,1706,6285,4919,5184,1896,567,364,297,156,351,680,983,656,824,511,802,238,280,1479,610,657,344,220,321,437,237,578,254,439,245,410,245,200,231,489,477,264,259,124,437,297,317,413,471,203,227,265,122,201,176,1108,438,196,282,136,238,332,138,270,260,210,198,112,356,267,259,175,228,222,221,192,134,138,241,95,317,99,130,276,326,181,256,163,230,319,220,184,105,337,1011,680,157,221,133,156,238,127,235,992,533,345,280,144,431,183,890,2264,1332,848,209,243,161,208,114,140,176,153,152,129,223,115,265,266,212,261,150,152,136,221,172,136,149,121,136,246,97,183,183,122,203,124,134,261,170,148,189,196,200,207,265,251,149,213,136,140,117,155,141,157,215,200,239,182,132,135,133,181,240,186,116,138,205,142,114,142,181,127,279,262,180,144,134,142,221,218,375,169,187,141,213,176,208,171,186,142,159,212,223,155,222,306,160,211,208,115,183,161,189,213,178,163,120,172,171,174,186,238,171,149,114,171,205,210,106,262,233,172,116,98,129,116,170,155,198,209,100,166,129,128,160,161,176,220,163,75,158,116,241,136,199,128,376,221,266,204,204,205,125,228,181,178,260,166,186,189,209,232,174,124,172,204,223,206,156,136,178,258,245,298,260,160,132,134,214,185,170,249,161,177,108,194,277,236,129,181,196,205,125,175,167,172,240,147,196,260,184,171,259,180,153,140,97,153,269,268,166,235,178,125,158,164,180,177,157,154,191,160,169,216,176,234,199,225,177,155,227,182,179,130,262,139,196,145,122,171,272,240,182,129,248,186,218,231,153,275,137,202,168,224,192,291,244,172,117,146,277,244,186,203,313,236,719,994,297,215,295,257,409,394,274,274,364,381,219,367,260,274,332,346,382,1041,549,932,573,256,383,274,425,496,662,555,721,628,459,513,423,629,626,1073,1069,699,870,759,731,646,500,629,752,895,1023,880,789,1042,714,748,833,765,937,969,1116,1383,1068,909,960,960,1051,778,1065,1524,1147,1293,1240,1180,1119,1023,1097,1101,1152,1529,1343,1110,806,987,1048,724,852,971,1000,1041,1080,1279,1075,2584,2201,1588,871,816,681,872,1134,1085,984,960,1317,746,1000,3073,5016,4812,24547,14357,14024,14713,4167,1774,1886,1561,1169,1829,1614,2031,5827,5765,7630,11689,10527,10423,16299,14837,9268,2721,4069,2910,2178,16271,16506,10325,4131,5281,5108,17500,11484,27694,25911,15194,5641,4207,3751,1762,2379,1284,1750,1635,1698,1699,6679,6488,4142,5796,3762,2512,1245,864,741,787,586,690,738,757,1003,748,3672,2471,1552,923,709,835,846,498,486,574,651,619,596,498,613,733,730,858,657,579,
56.2,316,286,467,404,2264,524,7494,90329,2780,652,770,664,1137,5405,532,6958,750,897,647,445,669,1581,4106,478,5768,758,12048,595,340,695,3886,448,4340,3652,1910,5185,5349,530,1141,4573,623,2282,3002,2563,720,1765,905,1112,4742,1128,1884,883,384,405,2593,605,912,1303,491,1451,958,793,380,378,956,791,498,2893,1182,898,696,247,429,747,1194,282,1346,689,791,1024,465,321,408,745,334,989,1080,562,118771,1848,330,587,842,448,1009,719,634,2353,428,557,489,362,589,1202,597,616,347,617,518,401,412,635,4052,986,556,382,405,410,482,258,571,580,13404,3314,611,417,572,532,431,276,509,567,367,399,663,332,331,274,346,513,829,404,463,616,331,288,239,272,408,332,292,4887,792,451,226,417,473,386,441,366,1909,603,370,234,241,274,306,261,465,303,911,432,297,285,166,444,147,472,410,567,263,254,435,279,245,273,365,463,454,2883,1061,445,390,249,267,315,493,308,238,9684,1962,429,222,416,449,410,588,283,1001,4654,1604,271,505,300,421,284,264,322,402,306,239,331,247,643,190,308,304,373,312,234,672,285,409,286,237,327,306,665,442,490,489,375,263,277,294,221,6034,2150,1931,424,321,424,270,272,333,287,364,1968,674,319,275,389,374,307,249,301,329,410,185,286,200,311,244,245,401,308,319,213,363,218,285,339,230,419,305,612,298,254,420,235,277,301,317,321,1303,1055,569,294,194,194,379,360,282,199,226,258,302,281,205,241,399,211,280,275,413,168,171,267,244,251,218,336,331,267,251,308,358,228,242,310,180,268,284,336,236,289,207,376,243,270,224,343,363,280,350,346,277,258,281,395,252,435,359,213,319,168,276,264,707,1615,632,586,412,284,210,208,284,312,339,430,370,291,264,179,624,2362,1208,733,1157,536,390,280,235,352,300,277,378,228,217,178,429,297,367,222,196,358,203,247,508,592,288,216,280,320,606,364,303,206,190,172,252,154,329,390,278,329,183,132,275,190,285,181,276,578,514,211,235,198,244,269,172,364,238,212,268,207,180,356,257,324,332,254,1160,600,269,232,330,331,188,347,726,920,604,394,310,481,608,390,2343,1198,1322,1001,587,353,772,490,1145,1032,1149,838,1210,837,395,1025,1371,2276,988,3499,4787,9193,2721,1102,539,1743,2229,993,3935,1718,8382,1284,1029,4024,3861,11117,9218,19792,9386,8692,1376,1028,1080,4070,4157,2086,886,1129,853,446,2245,8791,5436,4917,2614,494,454,400,296,1140,622,1054,761,609,445,998,501,828,1123,964,340,469,520,450,428,479,578,506,468,326,319,228,289,476,592,525,270,358,184,351,268,476,387,345,585,316,196,243,368,202,590,290,505,210,147,219,430,200,163,234,272,227,276,178,315,167,222,260,215,246,204,190,222,227,337,309,190,335,309,191,288,246,228,185,152,296,263,179,643,1545,1016,302,221,156,330,240,229,721,1081,557,474,428,170,215,343,1056,2012,1748,582,312,176,185,212,206,164,286,187,264,327,190,520,314,200,221,186,220,225,178,240,248,182,251,219,282,178,180,177,225,179,252,157,184,219,274,164,168,250,217,227,205,210,187,155,164,248,218,184,195,277,244,285,190,279,134,196,237,209,271,252,175,257,171,216,223,169,149,208,154,184,147,215,124,226,318,186,207,206,207,171,229,164,280,264,254,299,241,194,211,185,206,174,193,150,146,207,255,230,333,178,195,184,205,179,213,370,132,256,238,183,312,208,171,228,191,295,211,133,178,162,195,249,214,181,218,191,177,178,249,211,261,324,340,179,190,184,256,244,249,189,236,229,171,206,155,187,207,182,215,255,175,201,256,221,181,212,262,203,306,252,189,181,212,160,289,200,227,212,295,230,289,159,123,219,180,147,169,250,188,231,265,137,163,227,246,171,248,215,273,282,234,302,239,321,213,237,327,250,235,154,198,151,162,237,253,207,201,205,227,256,163,207,185,204,262,174,239,233,213,183,308,286,220,309,193,231,176,243,202,190,263,313,205,203,153,170,174,253,148,277,318,306,279,243,179,191,191,256,265,400,206,228,204,279,331,261,446,294,260,327,259,198,1691,1123,392,312,303,381,219,244,314,473,322,413,325,468,319,319,367,389,528,893,863,858,622,556,485,467,527,681,741,963,809,941,766,748,800,889,839,971,1212,1052,1097,976,1081,774,690,868,812,987,1294,1447,1238,1250,943,855,795,1049,855,1361,1372,1580,1942,1589,1341,867,942,960,1310,1020,1143,1315,1349,1202,1210,1087,1382,1187,1041,1077,1202,1311,1360,1181,1121,889,864,895,1330,1354,1214,1668,1184,4249,4494,2498,882,973,950,1258,1671,1295,1227,1335,3444,3483,2652,11807,11672,7980,56904,27680,25903,24053,5362,4119,3082,2790,1634,3067,2945,5486,13304,10328,15827,20399,16079,10685,14186,11079,9098,4962,5697,4180,2721,29121,29472,18437,6575,8214,7411,20150,13468,29303,29144,15553,5023,3845,3243,2250,2621,1735,2084,2184,2211,1924,7108,7867,3992,5836,3832,2150,1176,1092,641,854,754,691,645,779,1048,703,3217,3061,1212,855,971,754,775,635,754,556,771,798,672,797,890,826,1374,1505,1275,683,
56.02,315,424,289,523,1744,514,10454,92701,2287,546,566,502,863,4393,493,9960,872,918,327,468,635,1831,4806,583,5825,393,15024,326,769,1075,3501,1008,5035,4357,2436,5092,6494,463,1282,4384,727,3372,3171,2276,1099,1994,818,1779,5377,733,1432,707,818,450,2801,608,937,2130,452,1183,729,358,220,401,827,1200,651,2074,1449,686,620,342,312,298,1214,202,880,593,802,756,178,279,311,1085,315,665,861,758,126044,1163,399,594,954,370,812,707,603,2907,531,435,362,358,338,951,496,618,261,334,215,339,352,579,4854,757,457,303,437,287,384,324,369,562,11436,2124,418,407,281,252,213,316,472,339,257,401,361,320,309,263,292,609,853,281,317,375,504,224,190,237,285,559,201,3603,897,346,134,245,359,392,289,187,1824,674,361,271,279,355,436,312,356,299,999,289,246,260,302,386,226,286,295,261,184,151,406,193,528,206,442,367,316,1572,846,641,374,243,222,446,381,245,179,8882,1873,301,148,470,332,212,639,329,1288,3700,1493,289,297,396,325,309,278,413,370,341,279,304,266,265,267,307,262,289,218,168,307,319,342,214,210,185,289,563,224,445,226,195,219,186,285,208,5767,2028,1585,379,219,226,208,309,261,189,349,1575,586,418,297,222,240,184,170,235,483,225,162,248,211,302,239,182,194,252,260,312,314,178,295,147,203,133,278,313,372,272,377,361,290,218,211,204,1967,374,409,237,227,298,231,161,298,142,349,290,392,294,357,162,293,177,195,240,274,260,191,166,194,240,327,145,255,184,308,164,348,160,200,156,185,263,238,543,258,308,158,307,226,262,219,218,373,407,224,342,167,120,309,179,258,195,415,195,184,188,304,319,222,2287,928,446,457,218,316,213,175,262,260,357,325,274,359,324,246,2083,651,561,1072,465,270,211,146,165,253,225,149,169,264,252,501,314,249,150,314,224,280,239,606,324,239,211,292,278,388,354,232,354,146,169,163,196,143,236,217,327,253,213,191,347,156,194,232,882,415,292,330,230,277,134,116,268,112,333,222,167,232,312,293,112,177,299,919,354,276,169,222,207,130,352,503,552,636,308,198,394,331,374,1739,1264,1024,1015,635,264,500,392,874,1198,844,563,1411,464,399,780,1306,2490,1615,5518,8303,10724,4006,1028,536,2201,1985,906,3873,1950,8134,1082,1055,6449,4294,13016,8908,15110,6999,7109,914,833,1079,2389,3906,2321,1546,1577,1142,440,2033,10046,4113,4280,3013,714,289,934,400,377,635,833,641,453,269,1110,512,815,1879,553,889,261,366,348,362,480,279,568,297,562,397,272,245,220,589,325,252,333,367,414,402,333,339,254,560,381,365,125,356,382,345,252,308,212,233,161,200,142,270,170,239,248,327,140,424,242,128,147,185,179,216,266,258,369,191,182,186,190,145,215,186,237,157,136,152,228,143,219,486,1187,1141,344,202,116,245,133,213,483,880,475,211,208,219,355,247,853,1307,823,231,189,255,191,245,153,162,196,126,213,187,151,226,186,171,232,150,192,159,180,136,216,188,124,130,177,150,304,182,172,133,145,227,135,151,100,141,248,112,340,202,217,173,200,182,208,246,169,199,144,136,184,313,115,142,162,160,114,186,154,209,160,177,176,225,145,177,228,104,112,137,178,136,158,131,176,129,195,101,204,132,210,155,272,267,163,280,199,137,181,86,140,154,185,98,163,133,184,111,119,236,163,183,122,206,198,278,196,140,226,260,331,185,147,230,207,116,178,140,150,119,236,175,143,236,116,203,127,212,151,193,175,140,194,158,180,143,122,91,231,251,206,165,115,219,196,160,108,154,213,194,342,162,257,118,152,142,203,163,137,239,178,172,261,76,129,201,198,108,176,189,168,107,194,112,245,247,202,346,206,238,175,225,324,127,155,238,175,229,204,277,139,181,197,148,221,230,201,197,151,96,178,146,351,192,244,205,220,224,155,324,153,133,295,222,189,237,236,185,190,157,269,173,311,279,143,184,143,210,214,173,187,226,255,312,191,184,159,153,169,188,197,192,218,199,145,185,219,259,323,260,272,220,192,224,341,233,307,300,270,367,307,200,1324,1362,291,322,314,284,267,388,333,446,453,432,466,411,397,414,394,417,726,934,749,790,674,549,578,545,509,719,628,812,722,1357,653,953,561,656,766,773,1048,1088,1233,1105,740,785,723,595,858,835,1121,1585,1441,1155,1005,874,755,954,668,921,991,1674,1264,1381,1216,973,928,735,898,972,1091,1481,1361,1414,979,996,2191,1968,967,1004,1152,1039,1110,1130,1001,1018,846,855,852,1073,1413,1414,1402,6882,5455,3936,1432,1070,1113,2252,2708,2421,1829,1222,6774,6967,3942,19908,18287,12626,76992,36263,30220,27956,7550,5854,5003,3087,1791,3976,4649,8354,16384,15360,19204,24447,19733,11692,10325,6563,6540,4997,5405,3706,2766,34260,36505,21727,8258,8442,6782,20449,12080,26641,27553,13856,4020,2798,1991,1793,2229,1486,2360,2385,1769,1647,5148,5929,3727,4137,2628,1647,760,658,766,799,760,775,714,929,1074,949,2328,1600,1064,584,641,552,639,711,616,495,670,734,518,722,705,1252,1499,2317,1567,1231,
55.85,314,328,577,446,2377,656,8496,98116,2862,771,617,511,1102,5927,462,7660,1335,1213,477,456,563,2212,5062,870,6555,790,12833,545,572,698,6031,481,5192,3653,2752,6298,8023,706,1513,5163,1331,3787,2365,2682,1413,2106,707,2144,5673,740,1722,874,699,570,3089,916,723,2065,431,996,1481,766,446,366,740,1594,730,3246,1269,1173,1040,294,549,789,1200,519,1177,811,884,495,318,527,686,626,427,1498,1871,663,150854,1691,451,557,1109,336,569,960,916,3345,784,545,408,474,878,1048,669,830,397,435,386,546,355,566,5078,778,589,378,719,362,440,298,508,624,14733,2947,526,675,374,459,287,509,535,407,354,483,657,361,427,295,355,299,556,218,581,456,907,310,246,400,585,401,239,4401,1147,618,402,430,302,365,367,511,2113,613,347,518,422,202,374,307,415,419,1284,458,270,202,306,334,182,483,283,320,435,360,317,224,331,185,517,572,423,2009,1231,780,539,451,375,702,329,241,291,10778,2963,358,288,731,303,374,509,231,1415,4434,1406,455,376,276,334,232,274,227,386,419,187,352,315,393,299,343,253,381,371,251,303,394,288,385,269,319,448,718,301,384,432,306,402,386,360,338,5831,3004,1764,482,309,353,357,252,343,207,287,1995,599,309,352,196,276,281,222,295,458,383,200,250,360,363,308,299,364,464,360,303,330,263,305,294,284,453,233,514,265,294,545,223,211,248,298,380,1391,622,560,353,279,267,188,291,188,299,253,324,335,299,290,253,201,356,308,313,274,244,248,218,154,213,276,216,276,342,248,202,458,195,187,237,247,202,300,415,236,318,314,209,191,237,315,561,244,244,344,243,351,187,287,225,292,368,280,326,339,416,240,379,615,2731,1288,652,440,268,286,237,234,384,267,417,412,246,361,251,343,1921,1183,582,858,601,326,254,184,281,601,314,248,370,263,370,626,276,425,464,224,255,277,219,1075,593,376,295,275,270,632,302,361,245,306,279,215,357,414,237,300,251,344,183,290,339,387,247,410,751,836,449,356,219,261,250,265,263,382,235,245,246,216,613,502,391,282,233,717,584,369,307,325,202,478,435,445,841,690,411,229,397,491,393,2288,1716,1844,2004,1107,394,291,611,1420,1251,876,1186,2142,631,665,2175,1734,3401,2013,8372,22231,16728,7024,2048,786,2863,2648,1731,4193,2955,6920,1174,1571,14133,8463,21455,11056,19093,7226,5053,935,1434,1383,3340,2937,1916,1168,2472,1046,572,2716,10858,5184,4343,3440,709,409,643,450,619,558,829,597,621,373,1103,705,1171,1521,762,786,407,460,303,348,388,637,311,682,454,463,389,438,339,621,429,174,265,223,471,315,353,471,370,373,339,345,350,285,215,579,334,268,202,283,180,402,159,324,320,269,313,229,230,354,248,294,303,276,232,244,283,322,198,266,212,209,234,193,181,213,284,230,231,157,195,201,197,789,1859,1573,648,276,263,250,155,266,357,1335,533,224,370,225,272,506,835,1498,948,417,201,214,141,188,193,166,223,280,185,193,202,218,265,192,228,158,338,270,187,264,218,174,274,301,209,199,228,243,180,184,206,211,254,213,236,256,164,240,120,221,221,231,226,207,195,129,200,213,204,185,205,156,251,181,194,246,166,229,143,269,208,184,230,203,197,197,175,207,221,149,219,164,327,152,169,240,202,334,302,161,272,202,164,211,192,233,236,229,184,225,318,144,177,197,207,278,339,267,289,269,295,275,176,222,224,177,233,182,198,264,193,154,199,218,405,268,245,307,166,212,230,263,198,196,215,159,151,244,308,221,268,220,218,344,245,169,269,174,209,330,149,168,233,355,280,195,196,174,197,184,185,257,209,246,208,182,167,291,311,306,202,219,230,175,227,217,263,194,230,238,202,204,197,249,138,415,214,251,282,219,256,180,274,110,219,195,412,224,252,314,305,214,267,202,185,332,190,304,207,218,173,287,271,194,200,188,225,185,332,244,277,241,331,336,254,286,206,238,207,210,131,319,254,299,176,235,293,166,194,209,300,342,326,220,203,235,211,178,269,263,400,474,311,241,280,334,280,277,448,338,268,231,295,271,340,329,380,505,546,314,364,284,1818,1143,598,597,388,581,360,322,608,611,874,727,655,812,634,537,633,536,836,892,989,1200,760,570,806,599,757,974,1088,1169,986,1135,1111,1034,882,989,1022,823,1553,1373,1436,1172,1321,1423,988,767,932,846,1234,1404,1326,1502,1248,1331,1022,892,995,1141,1078,1567,1867,1223,1117,1084,1214,857,1081,1027,1406,1365,1271,2001,1508,1107,8650,9001,1797,1280,1111,1242,1180,1169,1316,950,810,958,1122,1632,4313,4123,1811,9797,9451,4419,1656,2352,2498,5080,4923,3545,2782,2407,18441,18507,12164,43423,40261,23641,113832,55787,36108,32109,9004,7497,7253,5345,2570,5363,7602,13357,22812,21222,26699,30161,22567,12203,8328,6873,6565,6366,6563,4037,2948,44371,48273,29919,9294,8606,7435,20938,11632,26502,23121,14088,3564,2831,2138,1507,2630,2382,2615,2442,1783,1955,5131,4677,3120,2968,2139,1645,992,980,686,942,736,855,853,988,1137,1015,1959,1261,1165,659,777,775,726,888,818,624,768,581,693,696,700,2042,2563,3940,2872,1783,
55.67,313,435,375,610,2734,595,12238,98399,4106,565,499,475,924,5464,636,7853,808,950,318,292,583,2857,3356,423,7083,623,14940,379,283,504,4442,366,5555,3789,1765,5535,5447,654,841,6338,477,2788,2285,2852,1237,1812,560,1187,5312,776,1743,1089,645,287,2597,902,608,1985,265,1674,1499,714,284,344,1125,1067,473,2405,1264,1517,826,199,308,512,932,644,1326,797,973,1170,268,359,518,510,382,1007,663,630,144864,2480,287,615,1174,315,1341,893,753,1787,379,385,398,428,555,1102,613,873,270,575,374,351,214,430,5323,989,311,293,479,297,417,293,339,476,14976,3185,545,471,218,428,227,306,441,553,190,688,337,417,237,343,391,384,1364,299,428,512,603,219,223,390,456,248,223,4081,671,293,125,223,248,317,284,285,1978,563,307,134,287,261,306,243,510,321,854,638,283,169,333,259,240,323,406,439,290,169,309,285,302,126,395,196,606,2002,437,587,195,246,258,238,261,301,190,9197,2183,266,184,462,249,417,781,280,1050,4345,912,284,266,280,383,296,243,449,290,389,295,271,282,288,336,239,222,274,303,292,318,258,309,270,249,305,251,718,223,318,333,309,212,343,306,211,4791,3142,1523,272,256,318,217,185,321,203,241,1933,782,288,300,243,223,254,319,369,233,407,300,334,239,324,233,144,265,182,348,206,380,187,199,218,199,213,236,327,331,292,329,282,217,272,269,291,1531,833,626,333,337,189,205,280,353,230,247,313,227,303,158,253,249,201,190,220,225,337,292,139,253,299,225,172,310,265,178,123,345,229,237,301,306,304,276,277,206,388,262,195,200,224,215,347,221,600,298,373,343,168,211,249,237,168,291,223,230,362,226,392,523,2323,1757,424,294,311,174,177,143,462,275,562,221,416,308,170,575,1480,550,396,434,374,163,343,236,340,305,298,279,320,167,277,505,145,507,366,256,243,225,262,804,798,197,198,303,375,436,396,135,169,284,289,203,250,253,256,243,291,174,126,142,136,219,178,259,502,495,258,145,194,101,173,250,148,178,260,270,258,188,636,293,201,175,203,797,177,345,151,344,303,190,376,750,687,1353,423,599,304,501,458,3666,1944,3101,2955,1178,441,664,985,1535,1314,935,1088,1738,877,378,1937,1768,5416,2600,11515,31104,22595,8791,2167,781,4054,3453,1430,3322,2108,4720,631,1731,21154,12628,27401,12459,23693,4504,3945,631,1101,1358,4221,2210,2099,1137,2552,1519,519,4356,11514,6132,4726,3492,776,369,447,422,412,853,867,731,598,368,1439,1201,1075,2204,510,420,381,352,330,280,384,415,438,365,281,369,221,243,235,500,255,471,269,257,396,227,351,494,259,389,295,204,168,293,241,347,232,223,177,263,177,178,195,216,249,311,267,181,138,158,125,196,126,255,234,269,211,229,119,207,180,192,253,172,171,267,292,365,169,129,336,129,332,867,1483,1432,288,227,246,175,175,344,310,793,288,175,416,264,305,910,643,815,582,282,196,210,197,135,190,264,211,163,256,165,211,283,138,214,201,233,298,197,128,143,109,255,205,133,185,234,234,285,108,168,357,163,174,190,279,215,207,162,204,151,170,244,273,253,163,179,137,165,173,166,193,137,117,139,217,146,124,173,226,201,147,136,204,183,180,132,135,103,137,166,187,161,146,186,235,170,267,147,176,210,188,175,233,152,157,214,136,178,194,189,235,189,163,134,130,177,184,338,193,140,308,325,139,210,172,253,149,407,99,172,232,189,271,148,183,173,206,224,173,175,192,203,209,225,244,250,155,140,115,140,146,272,190,197,183,148,151,169,213,209,188,133,247,312,124,241,250,227,208,179,239,233,135,190,181,154,220,160,178,203,244,129,184,180,121,178,147,155,270,255,278,165,231,162,123,193,137,229,213,138,147,192,159,193,198,114,185,189,295,375,204,154,174,184,157,180,204,189,194,206,151,159,183,203,160,184,208,180,160,220,175,170,196,174,195,170,223,163,138,167,140,262,191,161,294,208,240,149,133,260,349,333,241,237,227,181,158,137,191,261,338,297,167,247,314,283,514,243,335,245,183,199,234,217,402,248,504,499,344,324,240,371,1580,1031,549,543,527,502,356,383,651,574,700,740,647,790,812,611,616,530,745,1443,975,1163,821,811,943,826,752,878,1058,1219,889,1135,1057,1369,861,823,930,994,1524,1394,1523,1517,1219,1052,1017,857,1173,874,1149,1314,1337,1302,1319,1442,1025,924,754,1017,1112,1510,1162,1117,1293,1274,1040,990,843,785,1226,1198,1528,3721,3779,1761,15093,15715,3394,1030,841,986,1540,1325,1369,767,1263,1978,949,2194,8778,7795,2295,12165,9635,5608,2635,3232,3552,6959,5990,3988,3416,3410,25937,25806,17463,56984,55861,29230,129032,63287,34753,31792,9524,9402,8078,7219,2646,4999,10736,16677,25173,23536,27891,27877,23451,11460,6700,5582,5701,4741,6043,3357,2594,42570,48161,29181,8554,8377,6636,16754,9249,19009,18630,9934,2596,2125,1737,1479,2319,1567,1902,1660,1662,2268,3671,3116,1847,1775,1348,938,948,750,762,846,646,817,745,668,1158,923,1329,973,801,798,574,532,641,585,582,648,634,630,534,691,576,1979,3405,5416,2944,2518,
55.49,312,584,685,742,2321,734,10979,104978,3749,810,608,638,1564,6913,960,9620,894,1246,520,470,713,2406,4620,826,7951,1221,14076,458,393,933,4613,658,5562,4530,2749,7798,8829,651,2508,5476,1006,3329,2235,3143,1026,2288,795,1976,6764,731,2052,1249,712,475,2820,555,805,3270,688,1428,1568,574,275,283,1281,1209,493,2814,1858,1432,1105,285,688,849,1291,563,1015,655,1403,873,221,313,521,683,322,1090,1193,1141,183084,2464,662,665,689,547,877,1113,934,3677,841,488,673,605,804,1650,732,862,523,764,401,555,456,382,5481,748,570,307,841,413,351,257,411,482,15138,2552,620,358,345,397,276,285,456,586,267,604,350,279,396,307,306,610,979,291,525,823,974,247,387,387,583,332,467,3978,1109,569,340,367,276,290,339,377,2191,644,376,242,333,307,471,274,416,354,1165,636,239,292,273,350,379,335,264,417,447,234,574,267,346,312,442,420,327,2850,901,803,481,274,252,318,443,222,238,9456,2828,461,264,510,387,428,818,433,1160,3624,2100,319,369,390,371,388,319,309,405,418,297,373,285,374,382,250,406,391,364,307,363,340,439,237,275,395,394,1029,402,515,400,326,210,324,375,304,6118,2823,1601,358,371,278,300,306,287,197,366,1631,638,684,301,306,463,328,229,317,281,305,355,291,291,223,312,306,304,513,366,366,344,221,395,234,286,269,219,498,247,298,311,262,292,283,215,261,1746,681,909,391,235,343,290,317,368,289,333,315,271,264,326,221,311,219,218,412,488,308,255,272,214,243,375,380,265,287,169,212,426,267,236,189,199,349,269,355,297,263,261,193,230,328,287,710,381,707,358,304,227,317,346,349,443,263,274,377,271,169,190,417,519,2709,1363,709,279,264,243,196,236,319,378,239,324,289,437,310,788,1629,643,347,554,324,300,401,237,256,370,390,160,357,413,536,618,457,543,302,313,302,237,224,1213,604,297,368,232,318,590,454,254,198,273,359,266,188,281,314,441,366,428,158,322,269,281,312,237,546,648,395,177,268,283,202,280,269,256,213,472,329,321,416,389,385,355,163,793,448,471,387,357,272,215,815,774,1211,1204,789,1022,556,632,511,5267,1866,3483,6526,3524,660,578,869,3050,2254,1363,2105,2747,945,577,3234,3230,12093,5767,26262,58687,29705,11416,3179,1165,5741,4984,2738,3539,4895,4916,1030,2369,34250,18947,31978,16016,24345,5108,4202,604,1877,2083,2990,2621,2323,1483,3961,2019,695,5341,12628,6433,4260,4277,962,470,711,500,833,1051,919,676,840,275,1278,742,1413,2554,1052,874,499,429,373,363,684,479,304,698,395,281,279,312,223,512,441,256,253,491,472,311,353,497,319,400,201,251,196,375,250,372,199,281,218,320,213,244,239,359,213,237,220,300,186,214,243,331,244,320,207,388,589,348,186,243,210,178,189,228,198,313,297,181,184,257,259,237,379,1202,1372,2075,510,214,190,252,282,263,466,423,430,245,608,410,305,803,660,756,456,207,247,278,245,190,251,283,204,183,262,174,258,243,234,270,187,213,340,498,250,252,260,194,212,152,279,227,185,191,303,331,368,240,174,296,206,216,192,168,237,148,215,290,230,255,320,149,219,206,205,204,232,170,176,282,155,280,273,183,202,236,291,322,236,234,194,223,266,252,187,254,292,289,293,185,198,272,216,263,262,231,248,188,148,278,210,278,356,260,237,131,233,146,299,281,263,244,221,325,196,236,254,193,191,252,180,229,290,178,180,333,212,204,205,195,149,147,213,187,167,377,196,239,253,186,350,306,337,232,174,297,200,314,333,311,218,237,280,204,216,362,301,221,221,377,211,167,149,215,290,255,217,219,225,154,239,118,234,233,219,178,332,198,288,221,189,201,174,171,183,251,184,235,293,176,210,322,289,310,157,232,195,226,205,210,313,194,300,172,250,238,278,320,293,227,202,241,218,272,273,216,184,205,184,277,318,245,193,211,337,294,215,166,311,269,342,197,251,286,227,227,262,265,254,284,279,158,250,373,363,176,395,294,265,226,335,323,224,269,218,274,288,379,274,372,319,566,297,377,342,305,273,284,463,489,426,415,670,555,501,383,488,487,1276,1282,1014,646,739,633,585,737,686,658,855,852,965,983,958,870,841,647,1225,1197,1129,1244,1069,895,1207,879,855,977,973,1386,1490,1445,1244,1691,1148,1318,927,1039,1249,1279,1550,1475,1461,1432,1153,1085,855,915,1394,1298,1508,1459,1241,1282,1121,927,1262,881,1181,1516,1518,1393,1541,1236,1189,930,905,1095,1058,1397,1372,15430,14588,7449,37365,35604,6234,1073,1109,1462,2481,2509,2482,2088,2673,2831,2312,4619,17256,16359,5139,15105,11699,6165,4815,6264,6625,10759,11301,4752,4188,4325,47663,51459,30019,88358,80897,38708,144307,70245,37311,30866,9801,10108,9693,7585,3106,4997,15456,24179,28072,24228,29836,29276,23116,10062,5946,4489,5426,5809,5079,3397,2558,44571,50000,29415,9064,6459,5336,14540,7814,15302,13161,8558,1955,2197,1758,1372,2162,1428,1899,1867,1464,2369,3007,2757,2029,2072,983,1020,953,998,730,827,714,1290,1287,1118,1320,1015,1243,821,827,745,807,694,1054,1195,1544,1122,961,676,534,739,497,2445,4122,5882,4022,2567,
55.31,311,751,832,660,2777,710,10280,109309,2728,535,642,463,1522,5951,664,9495,1274,660,431,382,392,1073,5089,450,9334,531,15638,256,595,686,5514,435,6073,4052,2040,5741,7886,715,740,6031,960,3211,3344,2226,1272,2108,576,1386,4662,1255,1019,714,468,210,3908,602,765,2481,609,1330,1142,704,153,433,730,1146,487,2844,1125,1148,499,254,677,507,1166,351,925,676,967,589,216,464,355,1138,228,1260,1700,891,193218,1958,607,464,1178,274,1095,785,619,4189,568,473,446,444,455,1081,537,849,275,476,386,409,427,542,6161,1342,359,248,489,293,409,271,512,351,14089,3431,523,414,361,325,292,401,435,405,250,293,812,302,285,374,304,323,639,333,687,622,329,221,312,281,453,357,266,4096,1095,285,259,188,312,265,287,317,2071,479,296,357,262,214,431,253,435,282,1399,339,241,299,232,213,187,347,277,297,296,254,346,195,367,275,312,220,410,2240,826,365,203,285,231,257,383,280,248,9722,2143,278,220,687,387,301,433,208,1387,3306,1106,289,252,379,296,424,304,411,373,247,177,342,242,387,167,297,384,227,245,226,341,314,242,179,269,286,278,683,346,277,356,411,216,356,315,405,4999,2360,1132,370,282,297,264,223,334,207,322,1282,517,313,199,234,187,179,228,276,373,411,215,376,243,215,225,169,263,226,241,290,189,161,296,194,256,182,254,299,358,249,406,263,212,172,183,295,1942,662,295,388,250,212,275,179,489,145,424,366,336,239,251,317,185,230,233,299,287,254,201,250,237,272,209,290,418,191,319,208,323,298,225,171,185,430,218,483,168,253,129,185,225,266,254,513,198,997,166,322,167,176,311,325,269,307,231,210,264,252,214,586,606,1972,1076,408,426,376,196,219,243,304,243,382,342,311,508,174,589,1789,809,299,429,240,129,216,200,294,250,306,183,222,400,373,469,217,921,387,220,243,225,301,947,741,173,147,156,225,341,267,372,254,167,288,204,119,174,295,187,232,435,182,292,342,287,215,165,599,427,295,131,197,176,176,183,146,262,232,364,426,222,519,462,249,284,277,599,727,866,411,523,405,243,779,540,1884,1344,670,910,654,482,496,5404,2289,3904,9700,5323,568,327,1139,4020,1519,1701,2923,2586,1141,368,3241,2582,15040,8691,38158,74086,35606,13250,3976,1784,6646,4398,2441,3176,5385,2934,944,3167,39919,24243,36157,15297,23599,5243,2725,980,2145,2318,3032,2548,2225,925,3094,2290,619,4506,13220,6852,4296,5380,547,292,978,600,600,1140,679,864,397,280,1472,449,1146,1800,815,867,447,196,205,481,867,637,218,486,285,386,235,261,269,274,430,261,342,259,259,205,442,252,255,609,201,187,181,231,147,304,213,214,218,232,362,254,225,187,278,192,123,161,288,237,126,272,246,210,191,199,364,498,207,148,147,200,293,155,168,259,267,206,182,150,173,190,501,1189,731,1870,405,251,158,151,151,187,373,333,211,184,368,314,304,811,450,232,462,185,136,138,189,153,163,204,185,169,311,224,165,248,234,181,212,155,191,227,244,186,191,286,188,137,343,139,132,232,216,144,243,159,136,218,122,198,153,172,205,109,169,252,162,146,197,211,229,209,131,161,265,228,189,167,125,231,130,202,115,186,193,182,217,140,187,187,171,294,273,255,169,183,256,112,159,103,170,165,223,159,176,172,145,195,222,186,230,242,204,146,258,148,196,172,174,201,238,196,159,177,223,149,145,197,157,361,221,194,157,221,138,201,212,142,164,156,243,274,237,182,214,206,272,270,155,153,178,190,93,187,247,202,153,178,158,329,277,206,203,184,196,185,186,240,172,203,222,210,176,167,163,296,128,152,140,186,238,214,131,238,170,175,261,177,261,200,263,286,191,170,215,172,281,181,283,197,223,194,222,131,227,230,173,146,270,157,149,176,137,201,190,233,178,99,237,270,190,210,220,319,206,262,187,175,255,355,198,196,175,159,224,207,164,163,165,214,150,242,182,179,257,192,154,242,227,291,157,177,281,156,262,323,309,236,302,171,225,225,308,289,329,346,375,256,430,448,209,458,310,309,237,324,447,682,749,622,721,508,594,404,434,421,953,1532,760,1016,675,717,469,735,565,892,981,936,862,1270,780,635,1036,732,701,1398,1077,1175,1509,1669,1394,756,731,750,1054,1330,1110,1194,1446,1710,1395,1078,961,941,941,1252,1443,1304,1585,1272,1212,884,833,782,1003,968,1017,1405,1079,1761,1069,1391,1240,1039,1005,984,1243,1092,1114,1159,1073,1025,692,908,1275,1416,1612,27354,24424,12955,54374,54157,8771,1004,1080,1607,3690,3750,3866,2018,4004,4007,3679,6608,24356,22921,6625,17023,11547,6778,5283,7469,9290,13538,13100,6008,4513,4411,60268,63170,39089,97918,90339,41028,139471,67644,30209,25903,10579,10797,9875,7003,3187,5505,16486,23718,26573,20607,27029,24378,17639,8244,3874,3511,4524,3763,4580,3148,1875,38520,42612,25889,6215,4581,3714,8258,5574,9347,10111,4753,1898,1241,1809,942,1744,1594,1269,1534,1065,1795,2736,1632,1099,1280,1194,897,840,785,622,735,1273,1510,1784,1606,982,820,972,815,695,607,646,538,1057,1558,1900,1573,854,600,636,553,525,2697,4000,6738,3923,2673,
55.13,310,1143,1155,1065,3170,864,14075,114251,3341,547,571,461,1501,7297,923,8478,900,1505,431,404,432,2283,5919,517,9909,1112,15391,411,447,689,5050,455,5533,3918,2985,6254,9161,727,1446,6198,795,3146,3490,1779,1584,2585,602,1656,6610,981,2041,833,672,513,3347,675,1566,2890,600,2311,1853,1105,393,586,1321,982,664,2823,1591,1046,768,435,662,681,1236,306,1471,495,1052,973,437,366,552,684,474,1403,1418,573,233950,2278,483,1134,1533,484,1024,1142,1277,4731,740,415,563,427,673,1466,676,1075,333,511,446,409,351,502,6169,1295,792,272,912,712,479,298,540,542,14658,3096,837,484,433,395,579,453,372,582,294,805,674,254,295,352,390,460,941,305,831,441,551,300,339,295,510,454,309,5006,1153,294,307,253,435,218,442,630,2265,600,319,519,322,268,343,423,449,604,998,557,366,225,326,409,231,688,409,461,604,279,804,318,448,313,415,315,474,2490,1040,604,555,289,197,488,358,412,210,10546,2394,493,416,589,425,406,1027,236,1252,3986,1625,426,357,379,336,306,279,634,505,463,233,412,291,387,278,330,321,406,400,345,470,330,393,275,408,307,558,887,566,624,354,559,386,294,249,550,6001,3372,2011,388,450,362,382,474,355,282,292,1831,659,305,255,313,228,263,248,307,356,341,287,258,277,334,234,256,342,271,343,287,261,276,231,230,242,287,319,425,330,416,332,414,583,314,330,200,1467,1001,748,278,251,219,320,303,348,205,293,252,358,364,555,359,207,281,384,339,378,479,254,204,197,206,244,436,321,267,406,300,526,258,252,369,279,207,366,414,253,335,220,249,339,305,337,993,359,1317,321,341,226,217,271,377,337,288,241,275,288,271,321,839,1090,2507,821,1107,659,458,292,315,280,338,371,330,348,361,693,616,891,1625,708,483,934,239,304,234,186,318,314,318,335,284,299,599,814,386,1918,476,453,266,339,278,984,1061,254,219,182,431,509,303,345,345,282,173,333,256,208,229,248,313,431,245,323,429,595,246,296,577,1219,400,325,316,251,319,190,300,257,294,731,578,384,840,602,323,279,509,1237,852,1206,799,484,302,335,1332,703,2881,1641,1426,1188,576,731,520,8212,3883,8967,23346,10372,966,676,2066,6324,2570,3135,4322,3672,1698,434,4420,4434,33623,15130,63308,95403,48687,15402,3292,2691,7418,5168,2782,4039,5932,3159,950,4504,44680,29176,40209,20169,25653,5716,2830,894,2213,2376,2728,3827,2107,1439,3793,1891,940,5356,16375,9285,6409,6198,917,727,449,545,824,910,1036,816,547,482,1339,1248,1031,2479,1012,786,485,310,398,548,741,638,299,594,353,445,246,314,328,275,543,283,307,458,384,399,355,311,360,354,264,248,230,250,280,324,258,325,223,565,229,257,262,180,259,268,307,394,177,332,224,270,281,192,214,194,653,538,282,276,169,318,264,355,240,359,189,219,256,353,299,556,1180,1492,1184,1901,577,250,254,237,230,202,250,384,227,246,683,440,390,824,634,343,368,282,217,205,283,274,240,213,189,151,302,189,199,310,271,230,156,210,228,201,227,211,155,288,177,283,240,213,221,269,212,259,293,347,298,363,246,255,194,207,174,355,126,331,216,222,298,179,193,185,172,209,327,308,298,268,178,304,192,273,204,288,257,225,232,328,153,247,259,160,278,290,179,200,372,237,284,289,240,254,217,240,218,287,203,151,167,158,289,225,209,159,271,190,219,213,264,299,369,258,301,176,230,311,199,283,194,235,230,178,156,215,272,261,263,361,332,236,328,273,269,178,308,221,174,296,242,239,175,182,214,258,295,195,169,390,231,254,220,219,212,260,285,245,292,362,258,197,317,208,527,262,328,224,252,312,167,280,202,235,234,371,215,291,314,161,211,186,222,201,276,183,246,360,202,196,219,204,184,277,211,249,212,227,261,179,283,261,208,292,194,319,346,190,179,216,304,353,330,262,270,259,164,186,249,320,336,266,229,257,250,375,220,204,290,276,300,227,197,282,230,201,317,243,382,293,254,368,284,270,280,248,281,346,354,319,352,414,342,442,386,398,407,341,271,522,632,545,446,493,697,511,369,540,504,726,1035,792,1141,782,582,565,702,700,1141,1278,1160,1363,963,952,818,758,735,1021,1067,1110,1345,1672,1218,962,1058,801,983,1066,1087,1278,1649,1548,1763,1513,1080,979,1057,1098,1227,1458,1654,1839,1384,1182,1169,755,1152,1145,1247,1734,1398,1572,1349,1190,1069,1092,1030,1195,912,1513,1563,1346,1082,2582,3083,1324,1207,835,1327,1039,1183,1165,1226,1189,972,1823,2545,2683,4517,62422,61109,30460,82977,78756,14435,1537,2021,2774,7087,5526,5933,2903,5753,8400,8103,12123,40062,35238,9044,19871,10766,10016,8167,11004,14642,19553,17419,5385,4516,5745,75780,77524,46544,108330,98393,41293,135403,60803,24166,22377,8950,9727,9306,6999,3348,4944,17756,25331,24227,19035,24013,18802,14779,6046,4327,3232,3496,2925,3665,2074,1752,35294,37969,22663,5766,4187,3392,6131,3982,7516,7052,3645,1427,1662,1728,982,1547,964,1299,1020,877,1889,2404,1651,1172,1348,892,828,1001,1021,712,925,1782,3089,3449,3523,1410,972,1014,775,613,686,582,734,1381,2841,3647,2937,2230,758,500,723,644,3051,3932,5101,4324,2848,
54.96,309,1375,1173,691,2882,832,15435,119711,3472,667,453,456,716,7419,790,8904,1120,917,344,452,673,1883,4267,355,9850,455,13455,270,552,737,3862,407,4535,2401,2183,6364,8612,1117,1657,5606,494,4002,2115,2124,1577,2360,468,1589,5838,863,2095,1294,1082,410,2697,652,808,3015,286,1242,1352,719,290,390,1244,888,740,2845,1214,2027,590,278,432,461,876,551,1030,594,526,631,267,364,493,962,437,1256,820,743,270516,2436,638,1048,1338,419,546,718,853,4695,637,361,382,349,394,1376,769,835,323,371,367,347,268,539,6382,1256,431,253,389,341,342,198,297,650,16561,2929,694,260,193,293,292,233,311,624,368,521,457,208,220,274,351,298,584,228,522,413,365,231,276,267,421,334,161,5677,750,328,163,262,308,270,487,217,1374,479,224,334,348,267,529,325,303,342,1477,337,177,260,263,257,170,457,498,272,388,254,369,261,227,299,415,483,570,2470,790,1029,266,489,352,450,456,194,205,10825,2628,570,301,512,207,455,749,246,1384,3886,1460,244,323,294,307,266,236,239,479,432,197,246,411,363,345,254,289,425,383,238,341,266,358,139,264,374,611,721,339,546,429,306,212,213,229,281,7156,3084,2166,474,218,158,208,180,354,277,337,1758,760,261,313,260,196,233,182,332,268,222,159,257,162,168,198,260,216,288,358,323,297,249,350,262,163,345,241,306,334,221,255,365,508,212,175,226,1792,725,575,324,224,265,272,194,191,218,233,306,354,349,310,207,234,240,198,339,247,284,204,302,150,243,239,241,204,187,362,227,358,257,263,212,245,270,175,208,206,647,116,247,134,291,294,897,473,1239,273,267,293,155,249,276,387,223,183,236,333,221,202,534,979,1684,1360,677,255,360,249,238,476,251,270,248,316,275,1405,522,1019,1159,872,751,731,446,221,325,233,188,293,234,289,364,245,303,470,212,2516,529,244,220,226,287,1457,728,463,228,264,188,690,310,458,264,233,232,265,439,167,370,151,373,248,191,275,295,330,222,362,828,792,397,203,143,299,322,223,317,330,356,908,948,850,696,554,354,302,344,1012,666,1518,875,501,319,421,1178,920,3228,2204,1093,898,537,734,850,7794,3648,14509,37251,15706,1019,413,2676,5896,4517,2579,5028,5338,2230,228,4706,4427,45099,21416,75397,104353,51693,12932,2832,2628,9193,5661,2395,4980,6222,2498,816,5071,46427,30386,40219,17488,27314,4819,2662,1029,2147,2698,2369,3175,2081,618,3610,1644,767,5915,15932,8417,5695,7093,1311,612,655,449,627,691,1131,699,396,277,1141,762,1383,2259,964,370,284,275,345,995,643,486,389,564,228,228,231,294,222,251,297,270,200,483,468,358,390,533,169,606,281,185,160,347,255,263,289,221,368,189,208,167,236,186,229,203,231,176,260,226,228,321,130,141,246,409,430,756,210,157,204,174,210,227,227,248,236,237,168,164,180,553,1127,1388,970,1957,488,226,115,121,297,326,231,253,150,168,399,155,305,614,365,223,373,238,162,218,219,247,224,159,235,236,155,312,99,275,156,204,242,197,166,190,202,124,164,201,177,158,220,105,248,137,130,200,256,395,178,329,260,205,149,211,249,181,197,219,162,207,155,85,129,139,198,165,255,167,155,188,147,283,299,195,142,192,190,236,152,205,254,256,155,140,415,153,157,117,225,238,180,159,178,237,260,197,150,195,392,221,199,308,214,307,225,218,145,173,109,153,266,204,201,123,151,145,212,211,157,171,257,165,264,185,130,145,162,154,131,238,143,204,155,171,192,200,227,210,232,296,202,324,205,176,191,225,184,158,150,194,137,120,232,150,224,200,182,133,168,166,294,192,231,167,139,201,261,204,111,160,124,128,252,305,163,198,288,203,180,160,130,139,449,167,219,219,172,140,179,181,195,165,139,204,242,204,242,265,186,154,345,175,385,226,234,305,141,167,154,189,291,260,163,276,187,235,204,210,174,517,622,254,348,130,185,169,270,241,212,158,229,161,369,305,202,237,242,347,205,228,202,165,245,217,259,198,395,298,273,286,449,340,355,435,435,346,286,380,337,673,691,770,501,389,592,552,377,755,457,815,760,684,834,715,676,580,559,521,986,1015,1050,1198,1162,1197,743,866,778,780,925,1236,1395,1285,1267,1072,1035,734,761,874,1067,1358,1455,1452,1390,1453,1212,854,781,998,1208,1351,1632,2079,1419,1173,1076,772,1013,829,1213,1294,1522,1330,1036,1087,1069,726,821,854,1060,1422,1085,1216,1135,3137,3046,1909,2671,993,1054,989,1086,1936,2034,1353,978,2068,3421,3540,6583,83373,80781,40650,91776,86852,15816,2102,2482,3059,8879,7166,5685,2708,6705,12797,10801,15214,46010,39609,10321,17744,9893,9524,8566,11609,15376,22090,17419,5370,4904,5976,77481,77285,45419,98197,87762,35952,102711,50618,14619,12492,6242,8551,6364,5351,2818,4118,15297,20018,16818,12439,14742,13111,9023,3994,2557,2437,1832,1498,2138,1607,1035,23129,24653,14022,3581,2844,1977,3460,2276,3590,3229,2131,1367,1454,1240,907,1059,943,656,898,755,1306,1737,1239,1418,937,1053,994,825,671,501,800,2032,3512,3927,3025,1350,1017,622,671,581,605,522,506,1984,3247,4599,3707,2133,1108,736,672,653,2365,3031,4752,3393,2019,
54.78,308,1481,1278,894,3574,989,13428,125175,3927,955,571,671,1069,7258,849,9357,1410,1925,579,540,590,2787,6019,955,15438,1173,16034,456,561,801,5955,799,5780,3796,2893,7935,8994,731,1913,7981,679,3968,3269,3255,2476,3239,993,2457,6330,1318,2532,1520,1433,278,4374,752,894,3075,730,1534,1657,1057,465,533,1249,1388,1114,3327,1541,1575,759,286,815,744,1764,514,1563,1032,1444,816,369,591,460,1014,361,1359,1332,913,338863,4323,615,717,1061,420,1224,885,1525,5686,890,511,478,728,908,1362,914,1043,498,465,515,393,351,458,6714,1082,577,345,451,452,318,353,372,690,24773,3994,677,549,281,433,185,418,487,414,292,755,737,340,352,297,313,437,681,225,998,439,553,344,348,326,316,425,444,6049,1168,290,214,276,317,306,619,521,2194,700,471,178,539,505,305,195,618,491,1861,700,242,347,222,325,423,408,648,479,338,241,809,315,349,233,423,546,586,3030,845,878,323,265,339,607,410,369,243,11388,2443,370,425,458,391,537,389,210,1801,4557,1810,309,511,381,366,626,280,428,507,383,255,447,528,598,304,227,450,616,245,334,540,464,407,466,363,346,258,1018,856,487,461,332,359,290,328,250,7663,2851,2256,451,269,309,270,297,482,259,372,1783,710,327,359,357,339,324,241,226,292,306,273,240,407,321,221,315,302,468,439,233,413,295,229,307,245,295,337,392,349,349,248,326,557,441,359,376,1692,1060,710,231,376,234,221,394,302,292,354,231,518,415,487,243,201,304,243,293,321,355,265,306,298,234,287,202,427,316,231,215,279,243,276,180,267,313,309,498,215,247,347,210,241,309,382,1336,612,1722,335,319,246,254,266,327,345,532,240,295,430,499,285,1017,1327,3136,1219,886,427,299,258,632,347,416,293,282,296,431,1396,436,1197,1981,2069,696,775,381,290,290,247,264,312,354,260,309,271,548,1006,466,3770,589,399,412,254,242,1363,1037,480,392,374,280,862,714,547,301,218,427,238,255,293,304,344,542,411,289,380,302,598,267,283,535,1637,507,481,268,359,284,236,352,327,326,891,1168,587,943,1406,470,355,334,1694,1688,2231,1070,338,487,534,2590,781,3364,2791,1134,1703,475,1455,1425,9805,4934,36210,54703,25202,2214,770,3546,9894,4537,4078,7800,5435,2749,406,6568,6392,59260,29862,88906,106090,50981,12263,3418,3116,8555,7390,3412,6240,6842,3324,1143,5787,44480,30448,38244,17792,26405,5190,2389,1169,1987,2361,2447,3276,2381,812,3278,1841,997,4755,14984,9306,5693,7152,1553,536,806,474,613,649,920,1032,702,478,1808,907,1086,2047,1088,526,503,429,371,825,1147,727,288,418,341,315,381,280,274,266,278,184,224,326,304,284,392,294,269,351,259,160,376,223,293,353,313,253,279,257,314,208,203,251,270,232,302,253,265,279,252,248,223,225,285,440,296,1049,642,248,275,298,322,286,302,283,327,306,235,247,232,988,873,1581,729,1672,459,212,177,227,264,286,317,281,199,187,344,274,412,902,476,384,204,206,292,175,219,247,201,192,315,192,219,450,219,302,372,328,170,281,249,237,186,235,309,295,198,260,293,269,184,244,201,232,243,297,298,221,270,194,179,164,260,224,217,212,248,193,237,253,247,296,257,164,199,243,211,312,201,217,212,274,261,271,161,216,219,269,217,261,233,208,256,321,293,376,248,187,254,156,279,309,298,217,201,280,170,324,183,195,183,194,314,242,248,161,235,204,215,195,320,330,216,365,312,257,234,234,299,332,170,281,190,205,203,294,310,399,211,247,188,274,237,282,346,360,164,267,288,245,287,339,175,190,374,237,220,340,337,244,199,290,198,204,297,259,262,327,287,206,233,283,261,312,216,295,293,279,273,179,218,224,249,256,275,341,232,188,209,169,300,205,266,218,178,224,210,368,192,308,181,305,223,193,290,231,278,185,282,297,272,332,192,332,413,288,225,301,256,279,303,289,154,172,242,360,201,785,769,338,849,477,327,308,254,222,377,298,342,303,374,521,289,394,383,344,294,319,430,368,440,436,298,373,353,337,443,354,608,508,517,662,794,485,763,366,587,622,639,1122,775,805,876,1011,719,1495,1244,950,1077,1059,988,889,887,813,942,799,1331,1209,1184,2025,1402,1284,1235,1060,784,915,927,1817,1669,1615,1646,1426,1411,1000,903,954,1308,1355,1666,1658,1642,1567,1234,1096,804,1199,1288,1484,1582,1640,1377,1340,1163,1004,1001,1232,1380,1064,1511,1288,1590,1227,1383,1414,1021,807,1062,1320,1325,1469,1624,5164,4928,4658,4616,994,1051,1330,1609,3257,3917,1930,969,4912,6024,5140,10882,119499,117472,58741,106660,103123,18368,3131,5561,4038,10371,8903,6802,4063,8027,20736,19996,21456,55106,48922,12808,20416,9716,11243,10295,12449,16280,23439,17795,5743,5847,7621,79990,77880,49778,91759,84478,31592,92743,42818,12207,10513,5861,7078,6717,4840,2697,4392,15427,16160,12929,10586,11534,10267,7367,3098,2579,2601,2187,1782,1607,1340,1056,18875,18776,12108,2801,1955,1956,3338,2523,3427,3057,2031,1116,1616,1322,845,993,681,897,807,754,925,1487,1635,1018,1452,1212,1000,1022,846,543,693,2620,5824,4726,4670,1968,1598,1355,1128,844,657,590,547,2863,4544,6563,4038,2486,975,806,1914,1449,2108,3074,4121,3148,2432,
54.6,307,1336,1728,880,2975,964,10825,135670,2347,592,451,378,1272,7749,500,9317,874,608,346,347,455,1589,5968,285,14073,759,15773,261,245,610,7329,630,5934,2345,2568,6481,10831,638,1428,6425,1424,3921,3001,1609,1445,2097,570,1843,4031,850,1586,1108,903,238,3781,679,1505,2728,653,1949,1581,388,163,337,1677,1422,805,3293,1257,1659,719,314,586,1154,1335,391,1159,997,1290,848,290,655,618,1320,369,1050,1041,820,382920,2927,406,570,702,319,1268,639,1230,7530,863,475,609,552,657,1557,706,657,262,519,409,548,245,491,8448,1060,608,192,576,303,369,283,280,527,22690,5394,816,328,295,278,285,253,481,343,220,565,271,341,298,177,321,393,477,154,986,387,977,325,435,231,324,645,218,4663,952,364,245,152,287,218,406,266,2471,644,296,246,371,257,309,242,279,381,2255,584,195,244,281,331,186,540,373,453,309,478,287,435,305,195,429,569,285,2926,971,539,460,301,333,271,383,323,212,10828,3093,538,246,463,526,406,398,173,892,3738,1248,309,363,402,215,393,247,338,479,467,222,559,359,438,262,274,482,275,370,357,560,308,359,254,253,214,270,875,811,196,368,464,209,211,318,286,7524,2841,1546,507,297,263,288,386,325,227,400,1157,557,472,249,335,200,275,253,355,321,361,218,269,188,407,236,252,331,260,269,209,535,216,316,249,349,279,193,325,183,568,382,283,794,187,250,377,1371,867,849,262,259,413,227,257,339,235,187,286,211,256,445,421,215,224,145,240,483,267,207,244,245,288,331,249,258,221,476,207,227,215,184,209,202,215,241,313,176,206,170,215,175,194,437,1070,639,1129,232,365,209,189,307,338,437,232,233,149,310,245,183,1127,1068,2287,976,961,373,383,180,210,627,229,266,221,133,368,1097,489,1017,1661,1980,897,362,351,256,405,235,437,323,274,265,191,341,700,906,465,4091,1050,272,148,235,208,955,757,1538,564,564,169,722,500,316,176,187,381,271,178,300,353,242,629,198,260,474,334,323,229,425,853,1402,470,362,176,186,462,248,169,198,300,815,824,636,1101,707,599,437,344,2060,1821,2704,984,357,248,215,2058,1653,3565,3322,1331,1489,459,1386,1320,8743,4537,46305,63043,27857,1696,616,3810,9632,3983,3120,9667,5719,1988,475,5576,6101,63730,33610,89702,96484,47354,7999,2984,2663,8467,5552,3251,5324,5123,2700,1217,5560,35840,25076,30543,15280,28151,4809,2520,805,2010,2027,2227,2816,2186,623,2814,1355,708,5085,11536,7938,5621,5675,956,521,477,285,445,270,865,694,439,428,1776,974,568,1951,708,550,380,458,269,654,584,508,281,255,256,269,174,199,249,160,174,253,183,273,369,163,238,311,426,263,225,213,195,312,360,535,302,272,208,144,170,194,195,228,278,284,210,203,379,254,308,158,281,283,265,809,313,1434,310,269,172,225,154,300,227,298,274,121,182,210,215,901,911,1082,538,1104,214,140,212,149,180,210,239,167,152,143,388,166,287,513,247,173,147,189,179,215,185,152,351,265,124,191,173,392,190,187,349,318,166,233,211,206,145,197,261,314,268,143,209,264,231,147,336,207,218,204,170,152,206,174,169,105,173,179,143,242,209,276,236,251,262,160,151,324,155,178,151,220,165,318,128,165,152,251,262,225,212,234,208,226,165,157,349,167,227,262,256,274,203,288,122,233,269,215,168,145,248,228,173,197,387,175,255,105,243,147,162,184,181,201,185,221,207,179,121,215,165,265,211,303,187,168,153,149,124,264,285,250,320,202,147,275,176,299,122,208,180,188,131,230,198,201,212,193,204,237,204,197,303,160,328,147,288,171,152,279,358,415,232,215,164,289,248,263,192,173,201,188,188,138,302,223,164,236,261,206,205,183,194,158,135,253,311,234,150,212,152,197,192,219,187,272,201,296,254,248,332,231,249,113,261,228,317,525,511,409,235,271,212,309,279,279,207,201,270,197,210,1727,1568,577,1837,1059,495,178,305,186,218,284,193,218,254,314,316,271,371,643,304,373,356,360,390,528,550,314,332,301,291,316,436,350,810,743,707,622,511,401,380,609,808,1074,1155,861,1113,769,641,1758,2003,1032,911,938,1062,971,1103,921,944,862,1123,1351,1389,1952,1516,1465,1431,1332,985,996,858,1461,1275,1480,1987,1090,1517,963,1048,908,982,1307,1484,1148,1528,1291,1202,940,926,845,969,1190,1480,1419,1297,1350,914,1162,1552,1018,1124,1070,1344,1013,1158,930,1182,1472,944,1010,977,1707,1435,2045,1905,6042,6540,6354,5375,1058,1090,1278,1910,3399,3717,2173,1193,6229,7344,7754,15410,139408,135957,70880,109611,103948,19152,4088,7265,4524,11183,11690,7583,5154,7994,26997,24633,24649,50039,46331,11066,17314,8132,11191,10288,11599,14904,19967,17050,5396,5485,7388,68852,66918,41397,71692,66157,21896,62550,27872,8861,6242,3758,4786,3848,3389,1881,3550,11738,11916,9419,5997,7436,6192,4701,2328,1567,1509,1529,1207,1371,1106,1012,11680,11303,7231,1984,1979,2898,4457,3137,2643,2718,1816,1098,1234,1306,767,815,755,609,495,635,772,1251,1407,1777,1945,1225,911,938,710,605,639,3061,4332,5434,3813,2447,1728,1417,1391,741,507,532,461,3349,4646,6464,5263,2997,1200,1383,1804,1484,1746,1890,2251,1629,997,
54.42,306,1351,1271,1109,3210,944,12928,130078,3900,623,533,420,1436,7727,553,11005,1469,1058,388,448,763,1816,6254,755,18189,1340,18128,386,368,1239,5066,689,6212,4586,2375,6177,11496,734,1959,6616,832,3709,3882,2040,1947,2694,1176,2845,7311,901,2132,1025,953,371,3923,1064,1161,2875,645,2218,1892,878,304,598,1379,1685,674,4177,1204,1263,797,281,674,902,1422,656,1002,1010,1097,650,411,529,663,1218,295,1721,1104,798,439589,4434,514,672,1115,472,810,1288,983,7640,1029,400,613,738,721,1812,681,1000,421,410,386,480,342,569,7096,1471,511,280,374,285,429,251,414,564,26823,4790,588,460,393,390,197,364,515,600,318,884,738,333,376,301,407,470,869,438,760,596,904,349,307,439,384,457,212,6488,1211,584,351,294,288,515,678,515,2683,742,581,312,373,226,495,386,741,399,2440,1036,372,223,419,507,272,370,480,406,382,317,552,332,407,235,371,555,508,2649,816,891,527,357,330,431,508,347,251,11350,2865,488,387,451,439,398,388,230,1616,4526,1569,418,278,384,450,326,387,316,701,463,345,364,385,706,227,323,258,382,713,274,337,276,294,287,327,342,309,1116,641,497,329,281,330,272,317,298,7913,3352,1737,333,347,334,308,203,337,253,575,2419,620,312,399,292,265,181,241,337,415,257,284,346,241,231,240,233,317,369,436,381,568,277,232,253,312,257,287,317,352,323,296,313,834,343,267,349,2037,1147,596,367,344,217,262,263,291,248,556,226,414,458,570,371,286,388,252,406,313,499,240,292,277,455,376,358,279,377,245,438,334,243,229,290,319,242,297,300,326,201,401,330,221,242,490,1717,775,1121,309,327,231,192,402,382,338,361,288,345,312,459,466,695,919,3211,1332,1086,624,427,326,314,464,436,252,337,333,582,1232,805,2327,4293,3032,2153,883,412,349,346,249,299,380,313,381,281,399,797,1190,808,4332,1033,579,203,238,344,736,432,2664,1267,1899,426,1065,428,286,275,280,312,329,339,238,355,339,588,438,843,521,437,899,319,244,1314,2385,1088,501,615,321,817,453,506,403,262,1264,1814,1048,1918,1641,758,620,592,2669,3617,3359,1948,678,416,367,3518,1792,4190,4268,1886,1800,917,2308,1608,13408,5679,86758,99430,42561,2450,1105,5610,12855,5454,5500,11365,7616,3831,751,6456,8139,83767,40387,105605,103832,48333,8897,2326,3180,8735,6272,3531,5570,5698,2824,938,6601,37467,28149,31070,13788,29340,5393,2466,806,1800,1684,2531,3332,1739,615,3013,1833,1007,5109,14032,8137,6058,5965,1124,416,883,871,482,812,769,697,669,421,2145,925,894,1865,813,471,365,596,533,586,660,643,393,284,323,365,311,332,352,336,275,306,339,404,304,361,305,559,281,428,245,410,354,250,456,288,264,342,210,291,345,231,363,170,373,221,197,324,184,236,466,305,316,236,403,909,726,1701,438,360,251,232,220,234,446,260,239,228,257,181,217,935,1343,1394,783,661,219,259,258,278,323,206,373,247,213,263,458,412,651,391,618,299,163,261,270,178,258,169,404,238,177,199,171,358,221,350,663,542,256,230,253,200,215,171,280,276,278,253,338,180,287,260,236,278,235,294,243,357,240,182,242,249,310,273,206,230,208,236,211,202,334,189,286,312,310,215,203,287,152,124,306,271,178,227,292,254,195,195,262,281,190,218,217,204,280,256,190,293,253,215,191,342,403,186,228,254,301,238,239,295,238,226,251,177,190,378,294,251,260,216,294,376,203,173,228,230,228,212,232,322,212,292,177,362,184,234,204,222,211,195,184,289,261,192,202,271,223,196,238,226,254,236,228,197,258,282,256,334,229,200,262,187,160,257,427,262,237,481,429,442,242,198,391,266,289,411,224,231,203,215,322,296,219,215,243,280,306,252,233,256,202,269,192,327,292,367,198,312,203,328,308,366,274,222,193,191,312,193,279,240,255,294,257,1021,952,646,344,470,448,856,375,284,364,415,379,202,216,4591,4671,1080,5891,2873,1376,532,530,425,291,295,416,281,507,381,428,518,588,824,525,406,485,587,602,619,676,576,530,479,422,412,551,856,682,978,1113,1099,690,630,870,786,811,1607,1153,1286,1611,1146,1165,2412,2837,1103,1348,1454,1508,1463,1668,1220,1418,906,1695,1747,1533,1713,1545,2225,1859,1762,977,1031,913,1432,1522,1724,1650,1705,1471,1288,1199,1049,1127,1252,1555,1383,2053,1689,1331,1426,1153,1129,959,1178,1172,1597,1175,1393,1359,1091,3637,1448,1762,1376,1253,1186,1581,1355,1265,2674,1528,1108,767,3149,3177,4381,4850,6579,8093,9419,8040,1815,1574,3549,4094,6434,6321,3736,2089,9020,9685,14892,23448,164950,160733,84280,111275,105812,18860,5391,9935,6037,13570,11848,7799,6414,9289,33781,30280,29883,51894,45560,12754,16385,8138,10531,9299,11776,13917,18618,14336,5314,6811,7183,64980,63950,36664,61664,56133,19711,51881,22366,7312,5879,3169,3932,3420,2546,1387,2129,10326,11322,7598,4534,5483,4654,3735,2488,1650,1560,1523,1272,1427,1109,963,9078,8148,6158,1698,2892,3745,6208,4050,4897,2996,2191,1311,1077,1788,1103,1111,781,672,672,829,653,1130,2353,3272,3189,3146,1290,943,588,607,593,2812,5715,4854,3775,2971,3312,2442,1918,957,489,490,508,3006,5454,6712,4169,2810,1346,1633,2339,3404,2269,2376,1715,1199,825,
54.24,305,960,1282,800,3016,585,12629,122688,2936,541,338,430,670,7621,522,10613,1209,1741,498,413,459,2731,5420,432,17076,937,16798,325,412,570,4908,413,5287,3300,2507,6098,10903,1051,1686,7103,933,4098,3114,2111,1161,1893,919,1386,5815,621,1968,1086,739,363,3209,690,766,1687,531,981,1221,925,254,317,909,1048,520,3215,1584,1530,926,262,392,496,1630,707,1724,617,749,1208,483,423,658,1402,255,906,896,666,416526,4450,461,556,928,352,824,680,1258,8061,585,365,459,452,911,909,812,824,438,423,370,582,332,658,4853,1125,532,308,353,212,354,224,396,492,23127,5897,594,293,294,277,225,361,329,511,387,460,343,211,252,446,306,331,481,406,660,342,392,177,440,379,233,322,241,5163,1212,733,208,300,397,337,387,258,2140,732,299,298,223,299,298,321,885,380,2130,710,286,255,332,399,346,339,592,353,266,179,431,311,224,217,319,257,570,3147,1152,694,315,482,477,501,400,369,236,12369,2466,439,340,562,368,488,449,189,1563,3651,2072,448,287,311,258,278,316,240,525,354,220,530,507,424,244,293,277,264,337,257,416,276,315,190,352,306,588,677,369,560,360,378,283,310,298,256,7257,3299,1871,390,234,261,278,334,296,174,384,1313,957,419,242,359,193,271,142,225,358,296,182,307,267,279,202,301,344,270,350,248,331,286,274,232,217,149,305,254,239,287,227,228,1126,339,331,270,1886,739,885,332,254,328,281,224,248,194,368,290,242,552,525,269,270,285,197,357,404,464,400,214,257,402,174,229,337,516,388,201,406,208,322,175,286,176,199,211,229,438,164,246,142,216,505,1916,496,1183,309,199,273,153,325,234,296,361,225,329,233,929,380,831,915,3535,1823,1964,365,429,369,414,479,504,178,330,307,339,1636,1032,2001,5667,4036,1882,842,462,312,601,413,302,426,258,269,334,215,1094,2231,619,4631,811,450,294,271,236,346,581,4653,2371,2783,367,982,538,330,289,210,386,164,227,382,383,304,937,452,756,472,558,392,343,265,639,2722,1091,442,498,535,626,178,326,155,703,1167,2010,933,1108,1253,439,641,585,2582,5260,4079,1821,450,340,330,3150,1859,3913,3410,1599,875,426,2378,1584,15507,7601,106502,101946,46328,2916,1126,6071,11344,6548,4279,14087,7523,3405,611,7809,7366,83332,43698,102767,91466,44838,6717,2377,3342,6369,7475,3460,5287,4994,1986,945,5675,32308,19968,27206,12767,30129,6011,2081,543,1625,1611,2151,3308,1561,352,1847,1171,654,5074,9207,6938,5982,4311,855,308,416,1003,627,889,746,423,477,390,1658,772,816,1073,340,419,248,751,422,556,374,437,173,279,164,417,365,510,483,290,405,231,458,322,270,284,292,300,310,237,533,205,228,196,229,194,355,171,179,297,238,218,212,336,224,308,145,246,220,151,206,275,169,220,182,1634,605,1939,301,229,167,278,426,348,296,262,255,165,170,357,154,853,1108,1307,436,565,237,178,233,221,178,185,219,233,200,175,448,428,449,424,388,241,174,164,105,193,183,175,322,160,208,212,195,196,351,229,599,726,129,270,180,157,183,209,156,348,251,185,321,231,264,183,143,261,189,256,197,211,155,212,145,184,178,227,340,268,175,160,254,174,149,201,188,172,175,234,174,157,151,192,292,146,239,236,231,191,188,193,211,231,309,207,331,147,246,160,173,158,167,139,239,228,337,197,169,164,138,202,294,292,256,206,201,215,172,201,226,215,163,258,203,206,172,152,313,185,355,248,219,200,250,233,182,158,226,222,273,280,352,254,259,229,194,141,176,277,236,233,185,271,232,202,95,246,199,257,247,228,211,158,199,182,251,195,313,237,190,686,341,329,175,188,184,285,139,281,220,229,247,124,303,177,233,353,222,186,353,178,177,196,199,177,243,202,346,175,265,167,184,280,135,243,246,190,205,291,309,227,218,266,312,305,255,1119,1198,1033,454,596,555,1092,466,269,313,338,250,428,340,6443,8090,1386,8887,4181,2030,602,589,327,282,325,479,313,421,509,438,416,844,688,321,676,912,398,574,1113,569,594,589,696,587,491,719,770,982,981,1063,1117,788,720,721,739,767,1115,1008,1294,1269,1228,1143,2443,3382,1720,1215,1410,1578,1525,1750,1267,1260,986,1430,1432,1275,1339,1424,2109,1653,1833,1232,1175,895,918,1288,1396,1317,1414,1644,1109,1224,1219,961,1061,1040,1353,1377,1318,1329,1808,1293,1136,789,1188,1086,1537,1278,1570,1067,1083,6850,2437,2048,2979,1047,1141,1261,963,989,3958,1885,1127,852,4282,4012,8517,7567,7318,7299,11291,10208,2132,2265,7927,6090,7539,6759,3890,2097,9156,9032,19189,27558,174204,163521,82574,97573,92907,16143,5738,11309,7324,12504,10957,8587,5387,9524,36549,32577,26850,42096,37466,10129,11784,6864,8977,8598,8798,12207,14397,11777,4033,5564,6454,49653,47920,27213,40044,35933,12848,33733,15405,4502,3740,2395,3033,1890,1768,1117,2630,7973,7084,5112,2730,3868,3423,2647,2009,1666,1387,1154,1032,954,734,819,5691,5561,3274,1320,3186,5202,7547,4879,5345,2593,1617,995,885,1101,781,759,888,678,797,660,624,1096,2044,3725,4865,4033,1876,991,615,637,570,2428,4014,3574,2917,3452,4278,3162,2563,836,482,462,467,2680,3492,4996,3215,2833,1594,2298,2747,2673,2260,1040,1023,644,470,
54.07,304,1118,1381,672,3138,828,12523,129729,4181,814,685,668,754,8284,523,11403,1430,1094,373,490,1040,3200,6139,547,21753,1658,18239,287,499,1021,6664,1140,6600,3967,3320,7655,13127,788,1715,7735,706,5605,3559,2859,1521,4351,1142,2222,7171,1099,2305,1118,737,425,4542,1277,1046,2356,685,1602,2140,1064,346,611,1466,1296,604,3520,1318,2399,964,335,786,1337,1189,853,1534,1007,875,822,379,599,531,1250,782,1991,1153,1172,548576,6038,748,629,1217,367,1023,896,1057,9732,969,537,516,636,749,1912,696,1382,593,500,427,501,290,612,6673,1192,560,282,559,327,621,207,513,617,29558,5731,699,400,353,332,386,327,369,630,234,551,840,355,309,301,348,699,595,242,631,527,852,390,396,451,373,579,287,7560,1500,816,262,326,377,377,351,393,1899,942,385,266,401,322,410,297,576,574,1714,694,303,314,466,469,306,488,434,389,326,310,412,447,378,368,554,716,495,3446,1700,1153,555,325,417,739,412,399,255,13912,2724,492,266,814,402,465,344,280,2740,4652,1599,537,475,293,409,498,267,474,785,668,409,539,380,704,284,536,567,503,384,232,500,402,305,290,439,393,468,1532,541,614,409,364,408,299,325,259,7274,3113,2275,581,291,229,374,328,273,185,338,1589,498,268,316,289,338,261,250,264,439,436,256,486,310,429,233,396,401,248,330,268,583,411,322,249,569,308,400,428,338,285,822,319,1056,611,329,385,1667,739,931,451,285,308,360,344,295,314,319,302,863,570,644,204,314,414,272,339,364,465,230,239,279,308,298,361,308,472,584,254,503,282,341,440,513,335,649,374,247,372,282,294,187,295,827,2070,930,1720,329,380,335,168,332,340,513,414,240,490,261,550,398,1274,2616,6528,3282,3055,597,382,206,713,855,363,286,383,370,589,3002,1063,4330,8903,6131,2484,664,439,443,835,410,505,451,256,311,251,392,780,1667,1135,5647,1098,282,317,250,242,836,727,10832,5646,5950,948,1656,920,757,461,292,370,263,282,256,323,424,1070,517,1218,852,546,686,420,320,1663,4851,1825,1402,641,651,2071,843,459,413,568,1370,2664,1042,1830,1845,756,715,965,3465,7135,7262,3017,794,620,541,5321,2200,5795,4855,2276,1130,772,2522,2998,22171,9091,132484,104207,50233,2853,1648,9355,12779,6818,5278,16250,9242,4502,633,7481,9548,86494,38635,95851,86367,40972,7324,2382,3093,7370,7147,3478,5594,4228,2227,1224,5457,28345,17199,23307,11798,27610,5377,2826,695,1801,1612,2354,3072,1902,409,2108,1411,562,4618,11860,6080,6040,3558,666,512,858,740,458,340,958,949,507,353,1479,813,847,1243,668,441,310,434,363,537,375,451,249,377,381,439,578,499,667,254,419,230,255,309,333,213,251,407,369,412,353,252,263,357,234,256,235,351,260,345,230,216,226,298,391,228,270,159,409,269,304,405,287,356,313,2114,830,1949,441,315,197,274,269,278,319,240,334,180,266,242,329,1607,1132,947,639,676,180,352,362,247,231,253,239,221,204,250,474,395,704,412,263,221,225,175,307,209,215,336,189,296,219,281,274,272,226,525,1282,1148,223,298,218,244,210,240,314,355,256,294,270,287,245,329,198,339,182,366,210,366,205,283,213,193,203,222,290,203,169,190,256,248,262,218,190,227,349,189,281,304,265,265,260,286,217,252,195,274,227,254,129,186,315,189,275,212,272,236,273,225,353,153,287,201,322,176,218,246,240,181,302,191,368,251,233,168,249,255,319,214,321,256,290,239,214,243,185,370,235,261,429,256,180,209,202,242,178,311,522,254,218,234,374,196,249,225,176,394,297,317,303,252,295,357,208,223,232,287,260,292,196,212,358,227,226,320,323,216,346,819,566,331,258,205,306,213,218,323,314,187,256,204,179,333,286,528,317,337,252,285,196,286,259,285,231,251,245,272,266,336,257,261,294,256,273,326,516,467,293,349,312,236,664,534,462,1671,1691,1184,792,1410,1128,1740,870,442,298,348,396,396,312,12822,14651,2353,16630,7631,3436,1515,1554,533,484,391,598,363,677,750,830,701,1374,1046,601,706,953,568,799,1293,952,680,807,847,735,449,856,1134,1746,1271,1516,1304,1278,1238,937,944,1072,1278,1812,1849,1586,1739,1096,3935,3330,1501,1238,1203,2081,1916,1962,1282,1313,1206,2501,1886,1324,1600,1778,2095,2065,1859,1151,1139,869,1042,1311,1446,2187,1521,1743,1605,1152,3515,1654,941,1126,1176,1493,1417,1243,1425,943,1040,981,1070,1161,1478,1310,1508,1416,1457,13233,5857,4574,3650,1101,1240,1123,1277,1159,4342,2359,1229,1199,5411,6178,13210,13132,6901,6814,12848,11416,3462,3790,10714,11026,8812,8505,5096,3610,9397,9879,27227,29958,172982,170570,85270,88230,83152,14014,6329,14355,7127,10708,10521,7186,6780,9388,36742,31367,27094,35696,28746,7144,11509,6473,7523,7725,9033,10617,10943,8395,3557,4945,5981,37673,37617,21005,33225,27622,9120,26733,11623,3407,3614,1879,2100,1745,1612,1126,2050,5388,5870,4168,2962,3738,3544,2646,2030,1610,1388,1288,1369,1601,1117,916,4514,4343,2888,1340,4584,6244,9242,5896,5519,2904,2009,1069,1059,1114,971,833,804,753,703,702,645,1077,2984,5818,6442,5051,2454,1270,636,771,575,1691,3643,3378,2892,3942,5834,4286,2968,1053,516,439,533,2560,3643,4376,3293,2786,1000,1960,3404,2624,2439,992,986,549,461,
53.89,303,954,933,724,2485,617,13505,136213,3312,519,321,323,1142,6863,643,11303,892,779,391,378,838,2660,5084,452,23532,980,17622,397,606,837,6442,641,4953,4056,2356,7120,12880,1315,1610,7121,1085,5478,4285,2604,1100,1792,1126,1720,6735,1337,1667,919,822,449,3193,802,971,3574,690,1566,988,437,314,499,1509,1642,603,3467,1782,1414,727,317,621,631,1333,930,1323,759,840,569,342,327,762,950,386,1465,1490,918,597181,5495,906,1250,1008,491,960,547,1086,9370,1718,437,422,454,493,1344,832,2873,250,549,514,350,267,358,8157,1370,585,304,520,358,404,206,335,564,25605,4664,628,392,319,635,305,403,441,573,224,784,542,379,196,186,115,399,600,115,737,512,480,445,401,392,499,434,206,7227,1165,458,271,260,347,333,576,374,2486,795,311,292,366,455,319,297,457,496,1467,916,285,171,382,307,235,462,490,447,450,404,440,343,377,291,355,430,539,2808,1638,647,545,336,339,239,381,328,325,13407,3689,409,309,1194,722,445,370,329,5815,4625,1298,268,279,283,197,327,240,497,621,439,293,438,399,680,162,301,243,333,536,270,369,229,366,268,276,302,288,983,530,336,320,218,155,222,208,387,8377,2877,1880,251,298,287,523,251,338,234,359,1539,485,266,313,239,289,297,163,361,391,254,279,257,383,276,228,245,153,327,268,345,571,314,375,299,293,231,270,302,168,224,350,251,750,315,439,309,1969,589,641,310,231,178,186,266,327,288,322,351,271,599,312,248,255,407,180,415,339,287,230,267,290,402,209,289,358,359,292,160,364,262,204,310,337,305,233,310,225,302,480,280,266,252,370,2113,1470,1723,577,229,341,157,342,632,253,260,397,291,257,536,399,1324,3193,9304,4368,4439,667,453,220,1023,457,429,317,229,249,487,3052,1117,4653,12375,6164,2419,845,383,238,1690,235,415,439,375,225,243,268,596,1725,882,5197,1072,409,341,243,184,628,559,16083,7485,6874,1306,1792,721,555,293,315,319,190,236,265,441,305,1057,585,1049,712,491,675,483,551,971,5674,2502,1016,535,395,1149,367,376,352,614,1253,2059,828,1578,1852,1169,590,1770,3273,8961,7241,3425,519,321,357,4390,2147,5200,5172,2312,662,678,3041,2543,21379,11471,141629,97936,43156,1772,1556,8196,12561,6295,4623,15505,8728,4230,572,8032,9805,78568,36550,84027,70293,32792,4809,1739,2562,5623,6915,2576,3649,2743,1780,513,4520,21658,15781,21733,9727,27151,4756,2491,549,1358,1270,2546,3528,987,572,1908,1025,610,3413,9914,4612,5498,2852,783,413,1285,584,429,272,810,580,462,245,1473,336,348,774,400,274,215,404,269,512,447,330,410,292,224,232,148,342,393,359,215,291,229,133,317,191,297,262,183,549,338,214,451,308,252,347,260,216,278,175,179,188,251,255,287,207,365,139,280,205,223,224,173,196,385,2188,787,1931,252,216,290,181,288,154,250,202,256,169,190,133,197,1530,882,878,391,177,158,330,281,195,317,235,381,190,190,246,364,205,476,440,267,201,284,148,178,167,129,179,236,292,249,243,306,424,154,687,1918,1409,173,182,245,323,229,168,207,164,212,113,278,173,275,148,264,195,229,212,173,168,177,216,176,184,167,200,224,267,180,179,263,275,210,257,186,252,282,276,272,228,161,277,94,254,155,245,126,180,155,210,239,282,213,372,282,168,291,227,261,429,175,169,352,250,196,227,291,147,103,234,167,164,185,212,203,158,264,199,229,254,257,210,187,110,266,191,169,191,211,235,329,213,300,237,378,236,186,181,221,243,162,196,160,185,235,242,155,269,236,264,244,234,321,292,149,210,215,267,273,257,209,216,247,294,148,273,192,234,248,1019,628,427,124,275,165,253,145,232,170,155,238,190,373,198,201,246,243,330,159,206,239,283,138,226,270,283,245,228,246,213,228,219,324,300,332,290,307,312,396,163,284,213,365,563,370,2231,2602,2197,925,1461,1039,2345,1322,656,161,407,507,403,219,17437,20139,3177,19192,10204,3524,2034,3040,582,544,317,312,370,492,1057,852,615,841,839,724,674,1093,774,722,1407,906,884,997,938,988,441,719,944,1496,1439,1583,1389,1297,968,1188,837,1100,1305,1484,2034,2059,1539,1110,3368,2961,1403,1754,1632,2017,2086,1584,1438,1392,1089,3619,4300,1434,1723,1602,1732,1556,2047,1629,1660,880,769,1141,1474,1826,1642,1392,1458,1431,5567,2077,938,858,1037,1192,1563,1196,1658,917,970,898,1097,980,1348,1418,1046,1515,1474,17335,8066,4997,4130,1029,1421,1644,1559,1512,5451,2208,1380,1799,7461,4949,17924,17885,6356,6854,11725,11589,4699,4969,13349,11785,9781,9861,5279,3643,8296,8951,30859,32256,157368,150604,75992,62189,59456,10631,7184,11598,6772,8330,7989,5240,6622,8344,30168,28903,20403,22190,20661,5604,7883,4984,5406,5326,5289,5832,6705,5010,2480,3648,3618,23796,24392,13582,21875,17745,6113,18498,8475,2804,2657,1580,1414,1084,1304,932,2102,3312,4005,3167,2706,3047,2759,2210,1548,1228,1424,1614,2063,1573,1718,1082,2686,3007,1889,1365,4189,6289,7868,6015,5133,2314,1438,959,1489,1064,860,976,634,596,569,585,626,758,3272,6040,7067,5869,2447,1651,555,351,526,737,2105,1986,2099,3699,5185,4148,2538,1252,934,412,443,1467,2359,2531,1846,1517,913,1390,2310,2693,2061,847,679,352,338,
53.71,302,830,876,580,3858,471,14048,153079,4043,810,390,524,1275,8359,579,10864,1353,1460,549,407,647,3406,6432,933,19842,1288,21284,329,861,687,6451,693,6844,5406,2809,8260,15003,1537,1585,8713,1055,5591,4373,2712,2255,2704,1194,3082,7495,978,2431,1309,823,300,3202,858,1569,3413,813,1979,1904,828,349,667,1480,1983,1128,3345,1542,1818,1053,391,942,1356,1946,1343,1825,795,1254,1386,429,345,1354,905,327,1655,1837,913,583626,5367,717,984,1231,474,926,1103,907,9499,1091,477,956,832,898,1878,969,3758,472,658,461,546,307,542,7750,1774,1114,481,509,224,739,363,638,615,25490,5688,766,514,363,541,224,395,564,947,323,697,853,671,313,332,398,579,645,237,1169,512,771,349,324,336,517,680,254,6116,1823,336,326,549,414,446,687,450,2476,834,337,284,504,376,535,281,776,490,2584,806,432,351,503,361,301,479,506,492,413,311,915,330,499,272,309,686,1259,3705,1580,1211,715,469,303,414,540,373,263,16433,2851,644,276,1762,354,511,427,345,18099,5288,2216,497,409,353,422,526,269,407,949,1169,357,413,413,1291,312,322,330,410,357,203,415,409,371,222,400,298,381,1398,714,752,743,350,293,578,396,341,9726,3447,2369,372,395,307,257,289,335,271,482,1690,629,316,270,364,295,311,277,284,472,435,267,320,334,314,183,354,341,504,355,165,383,248,285,340,403,299,248,574,330,351,587,297,1408,378,338,295,2063,802,831,422,299,233,226,280,270,317,506,340,338,735,516,425,330,471,232,374,384,263,236,239,272,271,197,325,428,357,319,268,536,219,298,227,323,218,346,318,218,315,383,359,257,362,583,2947,1123,1506,328,505,296,286,284,590,506,406,416,488,393,1060,429,1972,3872,20411,9236,6657,701,617,369,1131,1064,361,311,255,340,413,4022,1995,6381,15038,8236,3267,1256,571,358,1270,317,674,469,526,415,354,311,561,1727,1362,4022,903,466,515,336,293,553,717,24868,11359,12643,1781,2750,1304,619,340,350,348,274,429,313,526,324,1469,567,1228,939,589,1091,407,734,1489,6593,3312,2141,882,315,1482,960,498,508,696,1603,1990,1507,2646,2393,1516,648,2014,3989,15603,10973,4474,1343,586,479,5055,2340,7598,6134,2592,691,703,3049,2443,29066,14369,147400,93662,38337,3151,1858,10393,12165,6139,5128,16141,9144,3444,697,8193,8749,68744,32820,79768,61165,30260,5129,2270,2541,5781,6070,2798,4218,2280,1645,815,4979,19071,14231,18792,10470,22268,3770,2114,563,1678,1227,2496,3091,2098,405,2593,1277,629,3960,8766,6054,5031,3736,723,378,1058,894,699,372,833,621,636,468,951,665,425,815,550,399,253,487,417,544,333,343,402,732,297,244,362,475,526,280,373,215,350,258,334,236,277,387,352,634,328,271,326,404,335,294,261,296,351,282,242,288,281,246,367,309,239,283,236,280,454,323,175,245,536,2223,1055,1956,216,264,321,415,269,418,245,360,208,201,253,261,242,1220,652,463,332,373,233,273,239,395,218,328,224,462,311,259,486,386,484,272,323,249,234,267,201,244,232,363,309,249,250,356,378,297,267,955,3809,2593,429,285,235,253,357,226,222,155,353,177,277,203,526,267,332,247,256,355,333,357,196,299,322,162,213,297,230,237,277,226,254,185,284,242,351,172,289,199,364,271,315,264,220,199,182,134,234,307,161,315,328,261,200,239,280,288,228,217,217,330,285,215,297,220,304,240,430,176,258,240,277,230,213,247,249,229,245,211,239,263,288,306,226,413,429,203,213,219,248,281,272,370,246,368,210,194,242,254,223,219,298,191,223,279,299,390,303,244,300,291,305,348,174,199,216,306,256,256,282,300,237,286,290,216,208,243,314,358,342,1077,690,496,311,222,215,406,322,232,293,198,212,272,317,210,240,302,377,247,351,260,237,238,356,216,280,246,246,266,234,287,259,247,293,298,231,328,589,700,717,302,474,343,963,841,633,2543,2784,1844,981,2052,1501,3222,1439,936,338,566,545,571,443,20485,21781,3856,25471,11649,5534,5730,5715,1074,705,696,502,458,720,1197,1296,1102,942,1340,705,889,1602,1089,1208,1285,1494,1395,1696,1182,849,717,913,1113,1611,2082,1696,1518,1835,1541,1274,1473,1010,1397,1509,2140,1908,1709,1900,2574,2986,1349,1532,1507,2087,1971,1881,1884,1674,1642,11480,11649,2148,1419,1699,1946,1857,1526,1354,1356,1212,988,1177,1094,2657,2147,2133,1281,1371,11185,5259,1416,1041,1166,1278,1155,1074,1409,1265,1307,1145,1176,1060,1448,1480,1422,1390,1633,24182,11644,6882,6244,1435,1457,1843,2375,1213,5423,2692,1855,2247,7325,5900,23620,22708,7825,6452,11483,9534,6424,6643,18676,15852,11149,9419,5688,3831,8177,9249,32618,31642,141750,131022,68844,51742,51315,11050,6585,11983,6914,7238,5980,5121,5796,7104,27103,24004,17869,18702,15909,3676,7171,3878,5459,4200,5227,4896,5521,3408,2075,3568,2870,17538,18178,10620,15298,14559,4302,15092,7592,2712,1906,1565,1405,1390,1218,1733,3358,5214,4473,3312,2424,3325,2451,1912,1308,1349,1431,2075,2874,3379,2473,1528,2253,2172,1587,1418,4758,7031,8422,5974,4254,2648,1692,1198,1136,1381,1373,1620,1654,645,739,517,675,1032,3164,8432,7688,5736,3104,2100,759,446,505,967,1674,1528,2818,4380,5056,3571,2778,1163,638,813,499,1418,1884,2157,1882,1011,817,1280,2182,1906,1915,766,496,388,333,
53.53,301,691,671,471,3260,448,15118,154709,4343,817,380,440,859,7887,517,9731,1285,748,342,297,666,3500,7100,605,19944,656,21555,361,490,678,7833,925,6440,5511,2726,8808,12815,1092,1403,8126,1014,4154,4362,3940,2181,2504,882,2928,8787,1183,2457,1118,985,420,4247,800,1127,2735,477,1453,1441,535,425,661,1572,2221,1183,3631,1682,1215,964,490,743,1154,1113,1130,1502,1152,1562,841,312,669,1072,985,365,1080,1974,928,561344,4714,815,708,1034,448,1040,1438,1269,8124,856,471,681,329,1172,1600,613,2677,405,392,470,451,374,1185,8220,1109,736,211,526,475,398,208,893,584,26662,5198,585,334,989,636,258,405,643,720,401,899,681,883,256,766,465,431,476,394,670,462,768,316,451,381,412,576,295,6765,1184,498,234,322,338,303,499,176,2270,675,358,214,371,272,452,304,535,498,2407,746,306,362,273,341,412,382,383,416,345,238,653,308,291,247,403,311,870,3813,2691,1071,642,258,301,262,241,436,349,14235,2737,394,387,1843,489,298,388,239,31074,4340,1671,484,262,407,304,431,293,236,1306,1197,346,829,250,1865,196,486,306,477,243,334,283,309,327,242,428,245,469,1046,373,479,232,331,231,201,251,251,8887,3126,2352,338,219,296,283,336,387,145,400,1557,604,263,195,316,294,332,217,271,309,353,275,388,286,375,356,227,374,360,331,232,670,250,358,421,247,284,235,509,244,232,301,247,1375,572,279,400,2611,1393,368,346,355,248,228,191,386,165,281,250,378,635,427,270,205,352,317,231,355,235,287,203,232,263,282,289,377,518,612,209,625,208,208,336,209,350,422,550,265,308,387,241,173,247,580,3035,1392,2149,600,231,378,247,379,313,334,292,444,253,234,641,389,2644,4953,27106,12113,7206,709,401,207,926,949,505,300,306,228,394,4754,1660,8970,15170,6539,2486,941,513,466,658,370,563,499,301,318,266,237,530,1549,1374,3204,1072,311,193,363,222,266,556,26656,13940,12946,2700,3667,1677,564,473,225,223,301,372,464,597,264,782,551,697,567,637,824,598,631,1454,6957,3037,2727,831,278,1819,844,333,337,1204,1826,2295,1400,2236,2769,1018,793,1856,4125,19259,12876,4488,1748,889,547,5756,2023,7169,5218,2114,648,770,2222,3448,33087,14110,148661,76887,33208,2177,1915,9169,10330,5480,4704,15507,8528,2372,415,7461,8766,57816,28205,72461,54797,26397,4069,1580,2243,5157,5403,2625,1968,1805,1364,818,3450,16425,11611,13917,7803,18255,2164,1710,356,1033,1190,2533,3183,1710,485,1530,713,394,2917,5651,4829,4558,2506,261,267,497,645,458,241,602,406,457,269,860,394,444,799,504,354,403,275,545,328,310,324,311,287,478,284,231,238,300,197,286,271,304,182,296,225,289,328,268,339,155,304,169,405,295,343,173,319,493,461,312,250,168,224,361,222,281,279,284,218,370,249,265,188,637,1533,662,1340,456,299,159,298,237,283,248,230,308,160,198,226,345,1193,430,344,268,413,289,281,239,185,199,215,239,226,159,131,544,325,737,308,263,242,328,146,145,253,174,228,223,127,238,222,221,169,182,954,3655,2688,529,426,255,269,272,148,204,212,181,197,261,158,319,191,220,180,233,232,218,291,126,205,196,249,194,165,243,198,186,212,386,230,145,260,150,194,171,291,156,167,268,225,298,218,126,163,252,243,242,132,160,257,194,184,180,232,248,229,321,278,278,205,210,350,293,229,239,177,198,198,274,274,247,243,213,180,290,269,327,145,234,234,267,139,244,193,269,160,144,178,205,245,281,253,232,160,187,314,419,236,237,213,228,185,229,201,336,183,178,170,167,265,261,226,195,222,303,220,318,333,228,249,306,198,230,299,268,215,259,1344,910,392,303,194,334,229,255,339,183,219,231,315,266,355,254,294,196,257,191,203,241,118,179,269,269,271,236,304,218,418,203,220,243,345,303,246,471,826,861,276,390,187,1395,1410,675,2049,2283,1944,956,1839,1866,3146,1310,479,372,784,424,566,345,19342,20377,3918,25866,11817,5526,8142,8274,1195,721,757,585,430,629,885,1437,1287,1033,1202,771,861,1407,1462,1125,1492,1248,1307,1641,1118,1134,899,980,964,1326,1794,1932,1529,1502,1603,1226,1255,1143,1490,1473,1805,1641,1741,1619,1909,1829,803,1447,1530,1560,1300,1887,1316,1482,1222,18635,17569,2849,1171,1237,1466,1769,1458,1487,1275,1157,963,1034,971,2136,1661,1629,1359,1171,14056,5000,2406,1167,839,867,1077,1072,1210,1322,995,1069,1042,1281,1332,1338,1662,1561,2144,28239,12367,7659,6086,1754,1441,2117,2404,1153,4356,2875,1757,3263,6109,6143,25993,23888,7189,5765,9105,8816,4994,7077,19259,15099,10039,7740,5013,4412,5906,7221,34569,26398,106412,102328,48354,33746,30996,8163,5143,9529,3916,5332,4025,3384,4122,5139,19343,16399,11869,10650,9204,2396,5300,2668,2954,2546,2704,2867,2467,2312,967,1769,1880,11803,11111,6180,10414,9380,3535,10866,4866,2170,1861,1737,1253,961,924,2581,4567,4275,4710,3130,2474,2687,1514,1452,1128,1079,1189,2834,4473,4980,2718,1992,1587,1598,1615,957,3836,5754,7281,5099,3586,1979,1476,1087,798,1791,2049,1773,1168,809,767,507,557,825,2845,7436,6734,4873,2410,1438,621,620,436,372,530,632,2224,3385,3787,2613,2961,1034,568,393,337,533,1178,1208,593,831,384,796,1377,1211,1209,451,474,478,372,
53.36,300,534,591,555,4325,464,14866,156691,4762,1143,402,464,1592,8625,746,11251,1724,973,456,493,724,3675,6791,930,20478,921,20907,343,483,1684,8413,535,7877,5541,3148,8339,11054,1181,2852,9523,843,5280,3514,2492,2051,3253,998,3859,9631,1312,3089,1283,657,651,4537,1456,2037,3210,526,2070,2427,1449,590,864,2262,2182,974,4165,1488,2625,845,418,851,3548,2366,1353,1299,935,1234,1034,319,383,1576,1636,408,1465,1906,1131,512442,5147,606,2028,1335,398,1720,1187,1325,8244,861,694,2197,533,1078,1434,707,3287,381,933,951,570,355,1154,8822,1484,588,353,483,582,396,298,2359,684,31975,6961,992,561,1926,813,249,962,561,736,327,607,866,783,401,1113,496,684,1323,297,780,610,632,243,919,267,528,844,731,8544,1049,756,371,1593,371,791,446,489,3072,1091,655,352,462,460,606,442,800,561,2635,965,482,367,323,875,324,497,442,599,375,305,1064,512,481,336,412,1051,1316,3882,1876,1079,565,551,440,342,502,321,318,15733,3014,500,329,4071,554,371,575,346,70042,5299,1569,463,608,391,365,334,256,565,1419,1583,497,676,428,3021,309,411,331,496,364,398,474,400,322,277,592,315,364,1736,440,464,437,452,377,299,260,387,10222,3126,2809,883,456,350,401,343,377,262,553,1997,821,236,296,309,336,284,335,341,384,512,308,412,279,332,359,182,306,309,291,330,336,365,402,489,397,336,312,666,401,347,292,409,985,642,418,322,2344,1164,584,561,325,239,304,377,302,286,328,360,439,368,374,322,330,322,260,378,794,373,266,306,288,260,284,285,433,436,337,289,358,302,285,393,246,549,492,492,297,420,330,242,233,452,641,4438,1108,2101,584,264,494,357,497,797,368,361,662,445,556,735,436,3077,6349,49534,21120,9865,1313,842,322,1546,1347,457,280,514,292,663,5672,2943,10790,14647,8290,2705,1556,785,550,597,528,662,664,360,285,377,238,607,2186,931,2036,869,310,539,399,371,603,916,30624,17822,14806,5534,5588,3391,739,388,264,249,311,280,385,684,444,1784,940,1392,744,615,1494,852,684,1493,10242,3467,3364,1694,387,1759,1161,481,601,734,1367,1924,1255,2579,4785,2329,1329,1670,3581,29825,16099,5780,1512,955,1044,6547,3023,8623,5852,2623,1006,940,2408,3300,34441,15499,133211,68222,30154,2241,2120,10477,10107,4924,4894,14446,6943,3138,732,7292,8997,51205,25357,64887,51431,21968,3813,1482,2375,4824,4859,2266,1653,1590,1571,664,3908,15361,11356,14364,7698,15954,2684,1546,620,993,1073,3402,2599,1694,642,1202,1253,349,2907,6259,5141,4721,2519,553,400,719,727,517,507,687,454,642,219,563,471,553,1095,587,360,363,240,374,418,433,455,654,349,273,382,294,337,285,341,391,380,435,327,418,298,277,280,324,573,385,368,345,273,239,240,270,337,891,485,490,306,322,310,347,229,409,394,333,336,286,411,375,310,581,1438,1012,1324,384,239,357,299,267,305,479,334,243,254,345,192,312,1456,627,412,296,331,266,216,365,331,291,312,319,285,222,259,428,277,716,545,353,268,314,247,191,198,249,295,315,221,252,252,345,262,218,1054,4810,3017,566,316,178,184,295,163,196,278,299,275,232,229,297,178,216,172,244,518,188,243,348,235,204,240,256,255,330,206,324,221,393,258,226,232,286,224,297,249,446,301,245,294,197,295,214,277,216,289,254,326,265,353,220,289,328,144,375,225,271,213,292,217,372,351,268,273,243,262,224,226,186,218,365,225,194,342,209,228,240,211,261,287,289,181,295,249,258,319,286,387,337,200,223,268,236,224,308,265,348,289,227,266,253,210,208,200,181,313,438,297,249,228,369,288,161,197,263,362,213,227,347,247,235,191,235,215,276,221,272,1386,1118,563,286,213,347,341,262,505,287,196,383,401,249,367,298,305,314,194,308,166,305,277,266,262,294,493,636,392,361,269,432,369,321,357,334,420,709,1173,850,656,314,362,1915,1484,995,2334,2034,1742,1251,2345,2256,3125,1871,915,436,889,732,889,615,18041,18677,3981,24142,13306,5951,12883,12728,1704,1460,974,1156,586,922,1076,1338,1804,1391,1450,1503,1119,1921,1222,1205,1592,1412,1803,1825,1885,1542,1334,1208,1101,1638,1607,1801,2328,2034,2236,1339,1174,1141,1231,1652,1687,1774,1849,1677,1862,1889,1126,1541,1730,1681,1411,1638,2067,1952,1696,34401,32424,5641,2023,1321,1589,1206,1651,1571,1539,1213,1133,1047,1360,2096,2340,1739,1538,1357,18404,7732,2716,1177,1045,1358,1433,1307,1423,1400,1330,1126,1187,1871,1876,1519,2576,2516,1973,29717,14783,8383,6646,2141,1650,3288,3041,1554,4286,2304,1844,3904,6562,5547,25509,25462,6705,5118,7193,9267,6397,6828,17244,16235,8919,8322,4477,3880,5713,6040,31204,24191,90255,85994,41435,27864,24912,6929,4494,7944,4653,3871,3866,2777,3498,4128,15562,13362,9178,8320,6344,2225,4163,2119,2741,2220,2497,2017,2212,1333,1042,1772,1845,9565,8713,5413,9208,7910,2700,9690,4746,1844,1762,1136,1339,1292,1246,3441,6449,6775,5625,3668,3301,2768,1623,1566,1021,1428,1218,4130,6162,6904,5330,3033,2476,1698,1794,1474,3090,5266,6627,3903,3212,1933,2089,1199,1351,1803,3566,3043,2720,923,551,591,565,943,2985,5719,5691,4413,2362,1391,573,434,414,371,530,478,1978,2463,3375,2825,2012,1039,645,465,372,535,976,774,579,620,485,609,1015,797,781,576,406,390,306,
53.18,299,484,366,372,3451,497,16986,156867,4150,798,277,323,2039,8259,832,10147,1386,1161,491,431,522,4464,8386,654,17705,727,18738,362,326,1594,7037,885,8877,4962,3214,7686,10151,684,2002,9438,782,5672,2971,3016,1577,2590,1143,2690,8237,1056,2096,1614,1020,445,4555,1905,3262,3354,1000,1893,1479,871,465,627,2833,1884,649,3579,1310,1976,844,341,1094,3601,2679,1547,1285,751,1309,980,318,687,2246,682,471,1774,1336,927,489491,3335,722,1924,773,277,1299,1201,1043,5455,765,759,1550,474,1392,1471,731,5129,345,342,1141,966,299,1179,8024,1400,472,262,467,857,650,255,1505,683,33620,6838,582,376,2639,671,267,1390,646,395,250,415,377,1157,508,1674,389,375,1019,380,695,567,758,307,1100,572,495,368,305,8073,1186,1004,337,1929,326,322,760,353,2792,903,355,295,298,332,445,935,591,532,2386,993,426,383,490,493,248,494,251,611,345,229,341,531,285,230,431,846,541,4972,1785,862,351,389,280,321,364,611,291,17611,3651,342,468,5246,1135,342,405,235,91166,4575,1724,339,373,519,313,279,253,314,1196,1087,265,788,355,2770,346,244,210,504,254,347,482,290,452,163,330,389,256,1182,619,409,366,319,229,429,223,268,8164,3254,2150,342,267,279,322,268,233,370,273,1989,485,356,233,287,387,294,134,244,472,341,226,286,381,325,227,250,246,315,292,288,619,387,330,833,312,237,287,387,247,413,288,227,1182,364,234,335,1692,815,1027,263,327,209,214,316,315,233,399,370,466,697,484,503,277,317,229,248,422,328,225,212,279,229,258,590,339,381,345,331,331,334,225,230,258,254,300,412,239,428,230,437,167,240,598,4216,1883,2469,458,236,290,238,531,884,322,391,744,323,442,490,342,4137,6524,57708,25612,10653,506,936,499,1252,815,413,243,188,304,365,5354,2963,9302,14391,6812,1777,1110,581,302,355,475,531,260,422,254,254,208,653,1554,801,2288,713,291,562,319,249,435,974,26739,14087,12548,6618,5282,6204,855,274,230,332,274,355,310,452,202,1322,814,655,552,556,1604,340,407,1153,11517,4638,2779,1921,342,1369,796,417,464,626,1806,2089,988,2824,3995,2193,744,1361,4528,32493,15542,5791,1461,1420,617,5365,2819,7876,4223,2168,560,985,2698,3917,32436,18691,110422,46819,19325,1240,1568,8375,8010,3277,3397,11085,5924,2299,1012,6267,7045,35962,17034,63056,38329,17561,3326,1055,1677,3240,2971,1335,1120,1003,1416,520,2187,12199,9663,11340,5288,9017,1443,2166,432,1330,689,2688,3362,1232,367,1178,531,494,2294,3717,5091,4149,2323,285,677,584,446,510,288,731,647,263,390,394,561,411,1028,356,266,324,565,239,389,397,349,238,246,311,388,215,257,239,232,711,206,292,211,251,317,310,301,363,407,203,290,332,386,168,372,349,161,1149,564,334,230,276,186,227,214,191,200,208,251,668,309,207,321,407,1327,417,861,319,298,160,259,319,328,204,304,173,292,127,164,305,869,346,327,190,174,252,186,346,335,198,279,165,163,196,272,477,371,701,328,209,154,252,200,227,119,244,173,259,264,216,290,230,254,212,972,4248,2206,494,437,234,143,196,224,201,176,241,200,205,206,286,226,273,166,234,309,344,197,260,341,139,154,155,193,254,270,224,306,237,321,143,187,226,288,243,246,307,223,226,269,261,205,263,234,302,287,237,273,204,306,250,225,209,306,367,366,280,222,185,207,253,200,277,315,223,218,206,173,162,187,209,254,269,131,302,232,225,133,340,301,195,216,280,198,306,197,226,357,265,211,158,213,150,218,165,196,271,160,359,184,201,227,176,252,197,244,344,214,199,257,169,256,205,167,172,418,175,354,224,186,256,193,181,151,373,150,237,881,768,405,262,170,238,314,394,272,274,200,211,187,199,254,197,311,300,253,224,191,258,186,268,333,254,436,983,328,289,284,401,602,236,268,235,502,1105,1208,693,588,227,222,2133,1391,752,2006,1590,1930,935,1998,1901,2804,1360,742,475,823,768,876,772,16563,16113,2763,19753,11049,4232,13936,12894,2172,1123,1094,845,676,815,1022,1304,1949,1718,1511,1285,1228,1562,1280,1396,1406,1377,1862,2141,2042,1809,1230,1646,1131,1248,1420,1525,1605,1884,1976,1085,1305,948,1106,1139,1331,1551,1698,1716,1727,1377,1170,1180,1384,1426,1292,1586,1480,1860,1338,42334,38257,6518,2553,1345,1278,1050,1307,1278,1403,1221,1124,1330,1060,2210,1227,1337,1456,1153,19069,7871,2070,1242,1161,1371,1782,895,1205,1210,1138,1181,1217,2146,2095,1444,3761,3346,1855,29277,13208,6848,6352,1541,1569,3181,3204,1731,3603,2119,2256,2970,4585,4497,23164,21632,6275,4610,5116,8262,4563,6333,14153,12717,6585,5562,3099,3265,3994,3480,22950,16523,59836,56667,25829,16630,14126,4430,2687,4655,2372,2022,2290,2105,2657,3095,8155,6794,5572,5283,4680,2203,2317,1978,1335,1748,1496,1147,1331,1104,997,1176,1155,4926,5930,3794,6734,6038,2329,6349,3000,1544,1448,1240,801,673,724,3556,6596,6421,4814,3565,2591,2080,1557,1327,868,1387,1074,3964,5309,7998,4584,3171,2043,1648,2213,1779,2446,3047,4046,3603,2189,1313,1475,1058,1237,2566,3279,3509,2160,963,461,438,316,441,1956,3899,4205,3761,1377,1188,454,413,340,450,317,333,1245,2088,2180,1667,1125,559,535,331,324,351,438,598,405,333,354,305,391,449,408,394,223,413,183,
53,298,369,402,539,2491,452,16054,156885,3436,734,456,303,999,9010,794,11436,1210,1574,280,583,685,3178,7067,581,17498,881,20749,561,593,1068,10385,449,5983,4648,3109,9292,11653,630,2028,7722,1330,4624,2981,3300,1787,3002,1295,2962,8220,819,2948,1701,807,437,4358,1563,4465,4047,471,1632,1682,1134,516,594,3350,4512,1384,3345,1529,856,769,287,673,4863,2010,2150,2138,731,1417,373,300,531,2436,1099,330,1624,1273,653,463005,4286,725,1609,1400,468,943,613,852,7297,876,1187,2829,335,1558,1849,946,4545,514,492,1264,1017,410,1425,10269,1662,396,369,597,1290,376,404,1566,738,36293,8759,543,427,3387,984,387,2277,904,559,354,342,759,1638,261,1341,844,595,1463,184,681,558,678,292,1660,444,407,505,520,8941,1593,709,350,2777,289,407,498,351,3172,776,341,314,405,812,996,665,553,491,2421,1008,365,221,380,575,311,525,343,403,293,299,474,669,523,255,493,1180,891,4051,1527,1047,567,352,257,373,430,426,308,19299,3070,373,324,5676,529,420,375,216,103136,4648,1674,324,394,237,370,284,274,327,1525,1154,267,863,332,3209,312,180,300,340,606,237,720,549,580,270,258,194,272,1021,675,413,437,301,294,314,196,396,9260,3890,2688,633,422,245,299,274,356,392,304,1372,524,223,188,301,154,286,215,266,508,272,301,524,355,217,264,254,413,407,447,367,829,265,287,729,750,330,348,277,325,281,570,258,905,307,373,324,2213,1139,625,269,242,299,429,450,350,209,454,312,366,807,298,246,146,255,186,311,475,312,364,316,205,272,241,262,332,408,615,214,419,245,236,301,302,266,258,341,262,307,234,393,298,200,883,4660,2031,2687,510,303,459,305,195,459,607,261,512,196,413,774,356,3067,7987,60729,27095,10575,882,677,392,1719,1440,884,370,201,329,336,5208,2056,8783,13379,6249,2167,1909,968,763,453,377,581,469,378,202,267,316,564,1671,752,1376,672,290,715,278,326,537,1116,26674,13436,13953,8441,7552,9115,1167,441,291,222,300,192,407,547,484,1530,835,684,461,395,2043,656,904,1498,14045,6091,2434,1473,434,943,387,406,367,913,2057,1933,871,3309,5066,2035,1059,1371,4423,42154,17358,5149,1942,1082,546,5216,1964,9164,5060,2265,735,1572,2567,3504,31889,15011,93785,37933,15548,1162,1798,6318,8136,3280,2878,10439,4464,2207,945,6438,4820,27092,14885,55959,32532,16214,2412,921,1528,2249,2406,1621,1033,928,1298,407,2134,9952,8588,10155,3856,8028,1796,1707,447,1037,1195,3778,2204,1029,346,1217,640,384,3153,4301,4348,4719,2107,332,403,755,325,450,415,780,397,382,284,316,273,544,1164,551,379,284,322,261,244,198,340,355,185,217,310,297,272,239,310,599,261,286,230,250,220,551,367,295,279,286,197,223,255,230,164,315,183,1126,757,298,359,204,239,477,293,350,207,237,346,368,192,243,182,489,1002,575,592,260,161,186,232,309,217,409,230,438,182,349,186,255,619,337,272,209,168,237,202,209,224,232,402,196,189,154,183,259,325,800,401,243,166,161,228,174,152,401,186,199,214,357,176,381,344,111,1372,4277,3494,401,248,220,242,287,205,184,245,346,182,231,184,152,219,196,169,260,253,265,199,281,218,177,257,256,195,284,194,206,197,313,177,218,198,225,227,293,193,254,246,218,140,209,232,298,263,239,132,256,324,157,173,241,277,238,160,223,205,326,130,209,98,250,283,267,238,218,210,281,189,215,192,185,327,163,187,138,187,175,183,200,183,230,169,191,180,158,269,221,289,283,298,138,247,219,197,230,215,222,298,218,175,229,190,395,175,337,247,304,194,244,229,157,196,184,155,311,375,258,340,166,140,209,268,411,311,300,224,201,1315,746,396,238,216,334,293,261,291,225,189,158,415,334,240,186,314,192,237,216,226,232,254,529,391,329,497,1368,418,413,412,314,419,430,413,378,366,1348,943,1019,568,426,356,2002,2084,782,1677,2239,1194,977,1576,1571,2933,1262,728,543,967,928,948,892,12283,14468,2740,16989,7688,4371,14871,13267,2565,1686,1064,1134,730,888,1042,1499,1973,1651,1637,1163,1321,1458,1035,1158,1318,1718,1999,1647,1614,1418,1177,1018,1046,1196,1466,1660,1622,2389,1637,1729,1574,1096,1002,1057,1362,1234,1721,1489,1845,1210,1443,1215,1446,1294,1060,1322,1702,2012,1326,47344,45442,8147,2797,959,1039,1122,1336,1380,1250,1255,1393,1395,1314,1507,1384,1287,1191,1377,18788,7734,2947,1084,1349,1131,1364,1181,1357,1184,1124,1243,1296,2193,1919,1525,5091,4324,2112,26898,11795,5576,6076,1510,1790,3523,3867,1559,3224,1384,2488,3864,4246,4177,22429,18447,5355,3793,4496,7151,4332,5746,13558,11769,4816,5275,3028,2738,3428,3263,19121,14437,47114,43955,21676,13066,11183,3771,2013,4126,2200,2002,1640,1807,1734,1654,6001,4181,2850,3815,3841,2268,3410,2514,1932,1387,1243,1266,1122,1351,817,1478,1162,4566,4921,3008,6029,5456,2073,6142,3083,1614,1382,893,953,1129,780,3713,6558,6562,5440,3794,3547,2767,1593,1120,749,1260,1152,4552,6476,8317,5443,3713,2194,1938,2292,2232,2298,3006,3195,2307,1651,1013,1824,1005,936,2396,3983,3175,2446,1367,768,533,456,562,1332,3408,3361,2312,1406,766,463,411,311,274,269,378,1055,1294,1719,1162,1012,490,494,353,282,394,420,301,283,228,340,333,355,328,399,314,272,403,193,
52.82,297,445,573,480,3977,910,16026,162890,3416,456,541,441,2122,9723,485,13546,2563,1957,339,455,967,4079,7774,999,14973,1332,21225,501,425,1651,9701,920,9240,4588,3421,10216,13975,1193,2470,10683,987,6305,4227,3671,2271,3444,2392,4679,8976,1172,2711,1364,752,694,5657,1821,6047,4712,1227,2343,1939,1416,522,1042,6861,4696,1049,5127,1641,2255,1040,368,930,7951,3058,1505,3013,1161,1750,1048,580,935,3414,2726,487,2622,1614,812,443168,5115,1122,3110,1666,421,1578,1332,1655,5494,856,1138,3011,888,1735,3079,967,6181,462,893,2043,1836,400,2005,10893,2140,659,528,534,941,716,333,3577,955,38976,9323,653,768,6955,1360,351,2164,661,953,292,874,1153,2757,673,2361,841,823,2746,386,918,705,940,481,1645,443,572,671,408,9931,1291,874,517,2770,450,443,541,423,3452,1009,623,406,684,1140,1500,831,834,656,2165,1404,474,317,359,395,365,474,515,849,438,461,774,608,456,272,311,1172,1580,4849,1197,1047,585,291,380,491,571,416,222,18270,3625,544,322,7999,1015,660,507,354,125150,6678,2148,655,427,286,385,318,348,363,1376,1187,587,1065,454,5070,378,321,493,372,361,298,587,352,346,298,431,400,310,1931,643,620,437,332,270,320,397,422,10639,3979,2710,493,308,403,300,271,252,267,435,1918,816,339,366,284,254,286,279,425,664,432,418,468,274,456,259,233,392,474,351,279,532,334,509,595,846,296,383,508,341,457,445,252,1322,298,358,545,1862,876,843,385,312,228,352,322,360,311,452,379,272,413,451,264,640,289,254,454,462,261,367,267,418,323,401,539,388,537,546,357,307,242,409,291,347,339,483,459,459,323,331,320,259,225,637,7453,3161,4315,457,265,311,194,361,776,546,398,919,327,359,606,381,4350,10717,65678,30677,12200,610,1175,273,2073,1106,914,460,354,266,385,4794,2724,10237,11421,5309,1637,2434,1338,403,497,383,603,698,757,623,311,311,667,1379,652,1377,395,468,694,563,221,551,674,24502,10825,10443,13644,7538,16183,2272,608,369,287,286,327,366,1081,541,1497,952,339,544,583,1805,530,727,1574,22890,9011,3009,1698,800,1259,598,401,368,1061,2273,2447,1021,3589,5081,2807,905,1276,4731,42345,17635,6444,1439,1781,750,4290,2712,9519,4910,2182,815,1079,2979,3156,28223,14109,83738,28872,12606,1007,1772,6077,7303,3028,2513,8684,4105,1980,671,5628,4673,21495,11398,51171,25490,13381,1994,950,1776,2896,2302,1354,1064,550,1457,534,1833,9424,8243,9060,4052,7587,1299,2502,553,1128,605,2884,3260,1649,295,1049,722,398,3330,3060,4668,3875,2416,301,421,578,415,401,440,646,1014,559,358,395,551,401,927,383,197,302,475,423,307,255,431,371,256,221,326,386,454,401,283,1412,240,262,418,390,256,330,305,424,472,333,402,339,298,257,327,263,224,1190,1064,323,201,346,320,268,256,223,225,248,465,369,253,344,300,472,961,656,433,217,232,200,267,302,350,208,229,283,204,338,260,365,573,456,387,252,358,203,152,268,318,276,268,239,305,218,251,373,326,606,486,412,290,181,290,219,242,324,247,387,271,507,378,270,299,242,1269,3643,3062,592,282,275,192,223,177,254,211,225,263,343,258,218,324,285,391,313,272,337,323,244,276,189,315,286,253,261,430,352,338,259,272,333,288,303,248,280,354,242,247,227,371,370,312,164,361,296,237,226,260,306,278,285,385,333,278,290,226,298,339,188,234,285,247,242,319,147,286,354,193,241,250,287,291,265,310,223,253,171,235,268,327,305,345,350,360,297,278,250,230,224,237,221,350,226,230,321,309,254,306,236,187,290,269,301,239,303,244,316,281,246,258,284,333,235,264,390,311,297,249,318,206,274,305,323,255,396,312,387,1103,663,428,250,255,259,323,328,258,269,255,343,230,356,459,481,377,322,301,407,234,265,298,264,1467,548,551,3122,919,436,519,787,566,435,536,501,448,1213,1505,1558,764,538,448,1954,1942,840,2189,2007,1352,899,1571,2189,2733,1270,947,621,1370,1418,1262,1346,8652,10479,1859,14401,6595,3696,16545,16242,2842,1742,1593,1518,1135,1242,1156,1838,1972,2237,1800,1728,1835,1762,1663,1174,1290,1905,1982,2301,1830,2069,1753,1416,1237,1002,1466,1658,1901,2321,2357,1496,1691,1547,1476,1058,1372,1535,1861,1783,1657,1569,1406,1698,1380,1387,1375,1341,3436,2767,2137,58037,50298,9077,4477,1180,1236,1184,1373,1397,1265,1425,1273,1588,1270,1263,1519,1272,2679,1368,19271,7006,3117,1271,1405,1418,1904,1444,1731,1275,1355,1412,1279,3293,2128,1955,6195,5538,1967,22546,10532,5462,4837,2009,1490,3443,3291,1532,2682,1876,3067,3375,4421,3532,17191,17680,4641,2830,3570,5587,4507,5406,10583,8779,4610,3855,1913,2112,2700,2476,15360,10739,37250,34151,16170,9437,8977,2865,1791,2320,1337,1841,1407,1556,1899,1511,4217,3486,2796,3824,3941,4277,4973,4757,2466,1194,1239,1090,1321,1407,949,1238,967,3702,3834,2878,5483,5297,2281,5908,3794,2571,1233,972,875,1159,707,3665,7523,6685,5555,4330,4752,3920,2137,1434,833,1351,1366,5069,6684,8545,5004,3830,2215,2626,2966,3243,2661,2103,2200,2237,1274,1067,1733,821,1221,2766,4315,4267,2403,1350,513,602,432,579,1134,1911,2420,1693,1246,1012,652,315,364,285,476,434,581,1370,1245,941,627,583,390,398,352,435,539,494,386,258,370,266,280,456,358,294,357,352,219,
52.64,296,303,497,390,3098,452,18717,169420,4213,835,475,386,1059,11480,888,12043,1612,1097,393,525,965,4734,7911,701,14163,1241,20881,243,469,1353,10295,798,10037,5018,2323,9608,11455,1110,2405,9312,1589,5308,3912,2556,1890,2875,1286,4950,9111,1029,2489,2017,552,569,5357,1733,5914,4075,775,1814,1645,981,584,601,5257,4281,1108,5921,1386,2450,869,495,999,7361,1989,1040,2169,696,1378,591,250,367,3050,1568,550,2535,946,894,386668,4571,667,3241,1762,462,1235,1035,1041,5385,602,963,4272,1166,2180,1806,1002,4534,329,376,2388,2318,278,2152,11610,2288,605,339,446,1725,542,216,3266,557,36566,9108,703,618,4305,1205,282,1484,496,602,727,552,459,2086,622,1975,803,363,2748,359,1151,688,569,497,1577,438,518,803,271,9001,1684,761,358,2867,472,327,410,376,2605,923,582,586,317,1274,2173,644,810,468,2902,1278,752,267,357,656,283,511,375,653,404,328,520,534,290,228,474,1352,1557,4525,1225,1482,669,286,309,473,309,312,372,14747,3437,660,269,6829,852,639,410,233,124131,7405,1512,538,476,398,404,249,243,292,1320,1045,438,1692,485,3738,256,314,363,259,484,190,334,284,388,205,291,266,510,1618,725,582,329,237,418,244,477,252,9581,3929,3160,410,298,343,352,170,513,296,346,1917,520,304,381,301,303,390,329,371,461,373,320,431,320,410,295,285,261,238,318,365,347,286,229,827,558,334,265,495,372,324,368,525,1338,365,201,311,2316,1130,635,350,277,237,212,352,238,298,444,227,243,577,287,257,188,358,170,391,642,351,352,362,200,261,238,319,214,492,246,321,230,316,261,189,238,422,352,317,353,296,357,242,168,404,1059,7124,2966,3364,353,199,468,201,311,549,649,189,604,254,267,413,427,4978,8112,65365,30273,10121,646,365,394,1694,1040,276,449,233,172,263,5063,1937,9249,9772,3841,1195,2480,869,241,198,307,675,409,816,370,538,325,387,942,518,553,401,301,727,630,262,366,1037,15568,7666,7073,12987,7475,20202,1893,664,206,304,416,345,358,1541,490,1300,480,616,292,525,1356,683,482,1554,28097,11177,3529,1683,666,1177,346,419,299,918,2211,1583,591,3993,5272,1688,537,823,6262,39445,20123,5619,1007,1518,671,4703,1784,10122,4075,1769,649,1026,2329,2044,23299,9956,55698,16436,6094,850,1290,5274,6229,2202,1748,5420,2514,1383,378,4245,4376,14137,6814,39705,22142,9403,983,720,869,2571,1896,983,808,379,1139,427,1549,7113,6797,5618,2815,4364,990,3010,320,884,828,2229,2652,1432,403,654,522,269,2236,2497,4141,4325,1933,159,257,297,467,550,476,602,567,417,160,427,302,330,817,484,302,318,331,232,271,220,332,269,235,203,350,404,247,206,209,1832,266,281,252,225,249,362,342,353,300,255,317,302,350,250,362,308,297,1419,495,549,221,153,292,231,277,326,201,228,324,491,335,284,333,437,275,285,335,170,168,209,203,255,354,341,279,188,228,248,218,298,242,333,133,243,172,167,234,179,203,282,391,214,200,168,239,240,237,551,289,198,287,168,291,281,158,232,149,226,185,283,174,379,232,133,1019,1814,1735,348,282,243,244,157,125,209,300,305,392,258,293,192,199,173,193,169,308,161,351,278,198,163,264,197,268,196,360,275,194,228,231,153,228,162,194,228,177,250,323,310,147,143,336,278,270,162,237,198,112,264,257,202,162,201,305,238,149,202,224,146,299,208,338,209,182,249,304,238,238,161,204,199,251,319,176,229,310,233,223,371,336,506,299,205,154,293,145,228,196,275,282,118,232,214,187,183,253,235,191,279,180,261,198,210,175,175,232,246,180,301,332,246,179,189,325,277,236,260,228,279,196,129,155,302,201,415,331,240,1058,731,447,209,190,319,407,231,416,276,224,190,263,540,488,359,262,269,195,417,220,231,280,370,2581,795,724,4695,1368,468,466,515,655,530,491,498,557,731,1521,883,1216,560,475,1275,1227,1012,2177,1736,1050,1029,1244,1561,1455,982,925,755,1631,1289,1334,1445,5740,5632,1322,7976,4214,2718,14442,14555,2286,1815,1796,1610,1016,983,1074,1341,1963,2219,1979,1794,1955,1473,1153,1015,1261,1823,2294,1907,1640,2210,1078,1377,1304,1056,1269,1612,1435,1836,2005,1337,1684,1194,1344,992,1117,1056,1231,1387,1479,1250,1397,1267,1356,1342,988,981,3707,4073,1820,55996,51958,9574,4404,1285,1336,1064,1590,1018,1343,1319,1150,1353,1050,1384,1314,1275,2856,1585,16373,6860,2804,928,1291,1165,1440,1523,1189,1224,1166,913,1208,2979,1670,1884,7387,5089,1775,18418,9115,4277,3752,1405,1184,3194,3176,1158,2119,1432,2186,3176,2734,2552,12131,10532,3888,2787,1807,4143,3433,2716,7537,5406,2828,2194,1175,1254,2484,1617,7085,5346,21965,19110,9361,6304,7212,1611,1122,1313,1264,1217,1126,1086,1226,1388,2245,2518,1901,2748,2792,6004,6967,6298,2954,1176,1274,967,835,772,604,945,946,2293,2438,1895,4433,3251,2347,5899,4656,3276,1508,810,731,604,798,3262,6439,5396,4658,4687,4352,4026,2361,1266,887,1526,1303,4405,5258,6591,4623,3246,1428,2168,3023,4314,2457,1627,1329,738,883,1103,1528,947,937,2371,3608,3208,2541,1045,443,476,384,450,844,975,1316,831,810,584,391,247,357,259,327,311,555,328,660,411,245,366,359,293,413,230,446,583,258,313,277,273,225,309,213,249,239,276,225,
52.47,295,346,473,598,3989,495,16826,169577,4722,478,418,606,1519,11951,1121,13597,1753,1047,397,489,812,5958,8924,996,12786,1273,20601,359,622,1559,9056,1492,10143,4567,3278,9441,11133,1268,3205,13029,1760,7230,4271,3687,2347,3393,1338,5731,9444,1623,5017,1448,939,632,4278,1347,8307,4680,681,2623,2693,1315,360,752,6447,5758,1092,4912,1584,1421,1299,297,1286,8683,3447,1434,2968,1126,1484,1174,396,612,4153,1986,420,2031,1488,726,370755,4487,638,3095,1992,502,3048,1169,1015,5401,531,1368,3999,706,2921,1982,696,4670,540,637,2129,2279,347,2599,10861,1928,911,297,448,2287,795,389,3663,785,33408,7436,933,676,5576,1779,670,2245,416,1022,412,1016,744,2407,544,2832,900,637,4244,416,1140,876,1312,478,1474,540,704,831,264,8588,1409,921,468,4029,635,580,526,480,3163,803,603,363,448,1714,3772,957,522,565,3047,1719,674,380,461,442,247,339,471,636,596,339,731,625,332,308,767,1122,1427,3833,1605,1291,541,347,307,356,437,377,230,16371,3886,367,316,8369,1474,952,465,239,129713,5761,1908,361,358,387,402,452,248,326,1138,912,430,1094,764,4414,275,352,388,380,619,331,564,427,398,268,334,477,424,1381,820,619,576,410,333,664,480,295,9964,4125,2641,520,324,226,338,295,470,301,444,1633,704,367,226,323,378,287,173,397,676,371,347,484,325,359,253,336,391,285,470,261,783,300,279,729,673,335,363,519,325,264,467,358,1038,324,233,318,2284,1305,919,406,274,244,262,324,331,236,573,349,304,591,438,386,265,361,279,362,708,239,259,301,266,287,230,377,295,326,765,337,536,256,361,287,387,341,661,618,604,541,285,371,315,443,873,9099,4210,4684,544,387,399,410,421,711,668,354,457,361,283,681,378,4562,10530,62643,28806,8166,459,845,554,1595,841,823,322,306,324,450,3768,1470,6808,6490,3859,997,2852,1229,566,686,604,1033,563,2558,775,489,273,439,1029,592,1195,261,291,996,753,349,412,1001,11499,5860,6658,15250,6780,23760,3097,770,363,313,332,400,366,1629,438,1876,881,274,355,1161,2190,664,656,2022,36857,15797,3012,1744,612,1295,539,322,365,1091,2196,1679,757,3775,3796,2233,899,836,6716,38914,18127,4011,1215,1965,1033,3664,1771,9697,3875,1711,662,870,2512,1903,19116,9429,43524,13872,4791,817,1693,4163,4328,2196,1506,4339,2240,1042,632,3963,3452,11183,4746,37618,15853,7168,1481,455,1230,1962,1920,798,957,453,1633,419,1167,6241,5695,5551,3274,4145,1180,2489,427,1210,597,2729,2231,1291,356,769,523,400,2376,3098,3984,3328,1640,392,362,483,312,549,262,528,779,516,233,700,400,346,586,432,386,269,355,271,342,262,372,281,405,329,309,297,341,263,182,2595,471,409,252,287,251,305,253,438,408,297,231,395,303,222,362,186,340,1840,1231,455,292,291,294,254,270,238,193,260,323,308,352,310,288,494,538,361,367,248,183,300,346,268,299,242,242,384,217,196,199,276,335,315,295,347,370,336,227,298,272,244,274,275,253,334,318,182,261,878,329,464,330,216,380,294,185,273,437,225,378,316,310,557,322,173,811,2886,2308,413,503,294,205,223,252,205,352,290,265,265,353,307,244,272,272,323,261,218,259,235,255,189,208,277,396,364,253,273,201,390,257,333,242,348,224,220,271,244,247,284,264,238,341,320,286,254,227,214,323,300,200,390,237,242,211,233,239,184,362,370,334,240,300,196,269,277,228,201,254,267,445,246,336,286,206,214,279,207,275,383,298,418,248,306,392,301,241,368,308,364,371,244,235,272,355,316,295,330,313,285,223,307,167,416,246,293,176,407,343,289,316,209,272,164,277,195,232,224,324,330,359,283,310,191,240,254,314,298,1224,701,416,242,279,197,435,263,414,311,321,219,703,1700,439,337,573,397,397,513,498,393,394,620,8838,3113,486,7741,2047,854,682,640,902,576,839,851,902,1284,1440,1434,1418,1198,718,1697,1379,1038,1889,2249,1553,1319,1487,2006,1262,1094,1069,1033,1655,1354,1604,1847,3742,4589,1514,5130,4585,1939,12194,12113,2528,2389,2235,2224,1591,1340,1250,1782,1923,2347,1947,1688,2069,1725,1521,1159,1331,1355,1823,2059,1867,1881,1902,1779,1294,1395,1148,1519,1818,1947,1764,1553,1855,1580,1668,1076,1260,1157,1496,1396,1462,1643,1553,1515,1154,1398,1138,1505,5673,5920,2551,53115,50919,8989,5244,1327,1590,1373,1329,1413,1388,1699,1396,1480,1175,1692,1280,1362,5201,2129,13459,5570,2195,1247,1405,1412,1708,1619,1622,1204,1482,1249,1236,2588,1626,2431,7303,5712,1573,14960,7182,3730,3153,1667,1364,2898,2454,1345,1587,1268,2085,2420,2195,2198,8632,9305,2674,1827,1930,3560,2254,2770,4961,4065,1963,1423,1231,895,2401,1803,6271,4232,18439,14675,8039,6182,4961,1863,801,1247,973,1106,1005,1306,1299,1243,2204,1536,1538,3187,1991,8340,9160,8246,3446,1953,1168,938,929,1137,932,1024,895,3113,3096,1549,3806,3303,3069,8195,6164,4939,2087,1265,840,572,601,2251,4737,4719,3839,5810,6714,5188,2785,1313,1195,1717,1415,3061,4414,5864,3720,2970,1361,2291,2930,3179,2456,1824,1127,1070,969,728,1781,1117,1231,2504,3154,3068,1742,946,478,393,328,459,654,731,969,853,838,832,446,393,280,351,291,361,443,557,594,458,295,353,390,334,314,333,637,567,294,262,323,227,284,279,215,293,405,218,210,
52.29,294,253,469,526,5308,379,17896,169253,5189,527,432,314,1677,10327,1054,13544,1360,1419,479,354,1040,4423,9031,517,13059,757,19773,256,590,1541,10843,856,8021,4249,3163,8330,12690,836,2322,10400,1471,8443,3885,3695,1095,3012,1755,4652,9200,1186,2691,859,780,579,4731,1565,5879,5217,829,1762,1644,961,483,571,6758,4810,1233,4220,1582,1755,975,425,696,7450,2196,741,3532,884,1185,747,277,330,4031,1601,304,2104,1206,746,314939,2927,1224,3179,1580,346,1621,1013,1595,3026,589,1267,3382,602,2209,1869,564,4146,726,639,1490,1783,587,1988,9230,1289,659,276,567,1572,625,177,3508,637,31582,6477,633,568,5213,1049,285,2495,521,745,462,543,582,2931,453,1666,692,634,3798,286,716,447,1049,514,1405,669,333,512,258,8014,973,594,250,3106,552,456,644,430,2723,613,574,243,345,2172,4838,798,915,702,2609,736,366,402,300,361,249,343,299,530,442,256,503,374,335,218,414,837,918,4157,1336,1177,848,392,352,452,392,427,267,19003,3295,681,207,6598,1342,1161,609,306,108029,5580,2051,696,434,373,406,234,226,357,692,629,342,579,486,3215,332,290,304,298,193,241,466,255,422,267,543,296,251,1319,440,473,366,357,261,342,332,260,9187,4182,2365,518,234,321,345,541,384,156,405,1716,407,180,396,339,457,322,220,359,394,463,297,604,217,373,264,256,327,347,384,256,474,512,275,725,389,392,339,439,275,382,285,290,941,416,238,257,1707,753,523,375,255,207,197,167,289,246,460,346,302,455,272,220,305,236,202,259,387,385,304,525,333,262,265,570,317,569,423,268,519,177,234,318,294,407,296,281,360,369,271,162,160,261,764,10786,4932,4499,376,261,271,178,444,548,276,293,399,313,220,280,261,4570,9431,52411,23451,6720,427,553,235,872,711,720,326,248,349,707,1831,1660,5157,4824,1984,832,1693,848,302,253,372,622,292,2365,1370,520,127,422,459,441,379,194,310,1135,503,228,330,897,6027,3084,3358,11646,7954,29821,2738,678,250,262,212,389,497,1899,594,2292,941,326,262,1688,1833,874,383,2483,37375,16341,3274,2119,370,633,282,387,292,771,1642,1063,679,4026,2699,1390,503,680,5575,32868,13039,3495,997,2307,956,3630,1570,8577,2720,1670,502,773,1877,1331,11001,6688,26589,7035,2601,457,786,3719,2747,1677,1514,2790,1179,733,453,3178,3042,7130,3385,25028,9080,4501,802,730,778,1064,1373,609,375,348,1231,356,1004,3705,4368,3969,3483,3051,1064,2031,482,1411,383,2018,2920,1619,343,449,710,362,1759,2231,2910,3623,2019,402,319,435,242,436,410,675,345,337,463,287,316,253,732,270,303,268,399,214,289,236,303,302,276,192,406,271,358,162,202,2890,340,332,200,259,317,259,335,227,475,315,256,192,445,276,382,325,216,1192,901,284,158,335,312,385,248,210,182,177,236,201,206,273,247,287,245,253,230,185,321,244,346,267,250,186,206,192,278,226,166,311,317,360,154,206,184,372,167,159,308,241,205,145,271,227,177,183,219,959,347,237,199,234,239,194,197,197,298,258,277,257,224,799,360,189,432,1243,1262,233,246,341,261,227,181,170,166,308,184,222,227,214,202,257,331,242,180,216,303,185,318,186,209,273,346,225,196,346,294,215,192,326,538,195,190,355,308,190,296,229,182,214,238,206,244,465,419,290,292,244,186,185,236,266,220,202,213,217,230,158,198,213,301,229,357,232,212,190,191,295,287,311,248,202,244,229,227,282,206,398,369,240,129,216,176,206,218,238,335,353,277,207,182,250,203,182,322,262,255,270,233,214,301,237,171,203,269,272,251,313,308,259,176,167,207,277,348,312,240,333,151,188,190,266,282,227,189,291,774,723,339,199,199,370,168,185,382,301,308,363,1174,3366,877,423,565,296,336,484,636,469,426,547,13441,3696,888,8677,2816,1026,735,479,668,609,914,1052,623,891,1615,1875,1200,1252,757,1076,1317,913,1946,2534,1225,1880,1622,1389,1272,1475,855,918,1561,1496,1613,2135,2270,2094,1957,2618,1737,1600,8916,8317,1804,2094,2429,4049,1330,1819,1243,1275,1606,2043,1805,1762,2165,1625,1348,1090,1111,1316,1414,1687,1454,1680,1397,1487,1353,1321,1118,1175,1214,1637,1683,1731,1719,1222,1656,1498,1199,1136,987,1353,1428,1512,1346,1759,1385,1142,925,1250,6223,5011,2849,45678,41432,7344,4872,1295,1204,1450,1294,1187,1307,1362,1260,1313,1367,1382,1271,1259,6128,2925,10328,3244,1987,1262,1473,1211,1333,1182,1187,1091,1189,1094,1108,1870,1448,2154,5987,4330,1484,8933,4191,2307,1893,1234,1001,1881,1372,949,1502,1191,1508,1798,1690,1978,4543,3988,1738,1552,1029,1406,1546,1477,2033,2255,1144,838,1086,748,2645,1513,3244,3380,9340,8088,4669,3831,3372,1330,621,911,778,949,1139,1413,1173,1062,1551,1137,1165,2426,1913,8336,9251,9068,3684,1768,901,649,732,863,972,728,742,1370,1731,1489,2221,2193,4110,8102,6048,5924,2350,1491,949,524,570,1224,3022,2359,3909,5006,6135,4353,3068,983,933,1342,872,1958,3003,3657,2396,1920,1109,2064,2593,3287,2239,1329,1029,629,879,1104,1703,729,946,1401,1858,1946,1106,725,494,400,369,395,522,435,732,449,677,829,513,288,222,285,183,349,423,423,573,368,242,224,236,184,277,345,343,403,387,207,263,180,162,186,289,284,394,326,361,
52.11,293,439,425,533,4569,740,17764,177864,4154,637,324,473,2081,12335,1148,14299,2472,1484,428,448,1292,5130,9438,1174,11930,1009,25494,347,552,1962,10190,1144,9744,4869,2630,10877,11291,1227,3068,11017,1440,6701,4635,4777,2389,3051,1873,5545,11531,1250,3735,1645,1428,685,6118,1422,7207,3852,1086,2257,2111,809,404,793,5740,4769,1006,4868,1627,2658,921,466,1022,6724,2746,914,2279,1479,1508,1203,326,791,3590,1551,627,1681,1810,739,304553,3394,1041,2729,1873,473,1727,1270,1087,3430,481,1125,2741,559,1777,2364,756,4702,734,810,1667,1570,400,1477,9867,2086,696,361,480,1769,972,299,3444,969,30108,5809,828,787,3866,1202,484,1988,516,703,351,614,833,2193,469,2367,998,745,3173,396,930,648,640,468,1629,364,672,781,299,7931,1216,801,522,2726,416,692,829,564,4064,1169,465,350,715,1854,4946,1186,630,628,2341,1064,479,342,431,678,437,546,517,403,442,492,625,550,418,319,567,1184,2132,6059,2874,1164,464,503,390,475,403,266,205,18285,3822,606,391,6185,1464,1075,506,503,93857,6225,2566,637,340,445,538,355,283,422,943,1038,296,1099,536,3555,232,391,331,423,420,337,767,335,362,245,377,890,688,1497,1091,483,385,506,271,291,620,436,10658,4020,3285,511,276,380,383,450,384,301,642,2183,727,287,305,376,253,260,225,242,418,498,296,855,338,416,485,248,255,849,377,351,803,383,291,414,410,528,440,463,301,410,366,317,1169,396,286,320,2119,1239,1046,598,646,314,341,318,283,502,630,402,557,1181,363,334,296,348,275,328,416,393,324,332,494,327,376,486,394,518,834,513,455,349,308,247,290,413,391,350,528,848,511,373,214,497,886,14821,5599,4539,515,431,977,375,534,742,422,496,284,349,423,454,374,4031,8893,42513,18571,5382,519,653,574,1081,519,621,316,480,284,1949,1915,1161,3611,4223,1671,1008,1555,896,281,351,992,755,470,8149,3127,688,362,327,358,514,556,350,253,873,454,316,704,1142,4921,2761,2764,13596,5659,28113,3464,810,288,236,552,395,358,2332,500,2124,924,494,369,2056,2308,666,450,2887,39371,16338,2695,1537,621,622,449,434,367,1424,1965,1074,370,3877,3040,1447,497,518,6881,29197,11960,2907,1324,2231,577,3716,1682,8601,2867,1163,723,903,1934,1473,9162,4916,20629,5730,2323,447,641,3403,3541,1305,1404,1898,1386,688,396,2382,2803,5167,2643,20364,8240,3038,883,487,645,1145,1567,693,696,592,1347,497,1032,3387,3744,4703,2674,2945,1243,2082,281,904,475,2491,3270,1137,349,861,470,381,1784,2322,3468,5091,2938,530,375,445,384,379,404,632,663,553,376,583,272,254,556,366,337,315,281,276,469,314,313,382,321,385,398,238,307,307,331,3142,748,456,264,366,279,444,294,310,553,348,234,331,335,195,276,361,240,1504,511,246,443,232,366,288,278,391,242,268,316,361,199,403,312,414,497,212,241,258,347,255,239,318,314,356,186,290,194,282,281,242,294,393,290,263,248,225,221,177,375,298,334,381,281,219,513,229,324,1655,606,283,278,364,215,329,180,245,287,349,306,336,286,1625,620,245,443,1501,642,246,278,271,300,198,290,398,238,333,230,280,282,306,257,188,299,337,371,278,281,391,313,329,458,420,355,221,280,268,266,350,325,259,170,364,256,272,220,325,258,312,288,244,244,320,404,447,294,282,290,352,279,285,397,371,244,319,267,186,291,298,325,340,275,309,281,249,325,275,313,240,308,433,395,191,229,311,233,252,338,232,444,290,250,279,222,278,306,236,305,262,328,261,293,302,248,339,345,312,375,296,258,229,219,217,219,320,242,368,327,266,383,269,309,275,325,297,296,210,352,235,259,322,331,311,295,307,354,286,1191,782,649,346,292,393,391,273,353,297,528,689,2499,6388,1942,468,506,475,661,871,1189,661,806,771,23761,7771,1383,8814,2695,1055,958,718,980,1153,1893,1841,1024,844,1352,1892,2041,1991,1277,1226,2992,2359,2096,1997,1700,2085,2336,2440,1690,1344,1437,1247,1603,1473,2170,2696,2516,1969,1900,2101,1531,1365,5460,7212,2352,2168,2303,5126,1677,1635,1353,1469,1494,2210,1794,2092,2252,1853,1787,1334,1245,1623,1553,1877,1865,2101,1965,1704,1334,1320,1408,1506,1216,1438,2019,1650,1575,1408,1555,1465,1480,1371,1438,1322,1459,1680,1447,1566,1603,1374,1401,1376,6828,6811,2734,36527,33939,6245,4564,1697,1561,1269,1419,1519,1464,1485,1180,1559,1420,1589,1461,1429,7770,3071,7796,3484,1942,1322,1349,1519,1737,1286,1480,1424,1118,1295,1200,1572,1701,1901,3912,2789,1456,7798,2913,1983,1667,1155,1069,1722,1242,1302,1070,1110,1189,1274,1705,1917,3788,2899,1353,1299,1144,1336,1386,1592,2179,1363,1233,1109,1093,701,2390,3285,5019,5060,10333,6143,3915,3072,3039,980,802,979,753,1810,2636,3339,2050,1437,1286,1212,1277,2102,1440,7635,9226,8440,4541,1496,1253,783,613,935,1368,1415,1193,1990,1552,1477,2243,1764,4193,8617,7804,5486,3008,1812,789,625,812,1263,2303,1773,3591,5126,6045,5188,3070,1567,1087,1346,1213,2020,2455,2764,1750,1489,1068,1387,2515,2501,1654,886,718,1160,805,802,2010,1652,1199,1681,1938,1333,1032,764,331,483,329,455,481,349,558,687,796,722,741,332,271,259,309,383,412,524,317,308,228,253,349,310,352,259,507,461,368,287,286,190,285,321,379,539,366,309,270,
51.93,292,286,370,586,2950,394,17373,181011,5641,544,349,352,1758,11416,947,11900,1850,1677,308,711,1044,3947,8409,910,11692,1017,26521,298,496,928,11104,1077,7438,7161,3479,9730,14325,1032,2510,9619,1255,6218,2865,3184,3498,4000,857,3825,9446,1379,4024,1850,580,582,4598,1628,4639,3408,794,2565,1257,1331,321,531,4163,3864,1559,4899,1366,1654,1345,166,848,4569,1545,566,2761,1057,1704,743,292,633,2692,1803,358,1775,1534,651,265133,2272,350,2626,1781,552,1189,862,1695,2228,405,1119,2441,661,1877,2174,506,3213,643,505,1431,1211,269,1171,10375,1646,737,346,388,969,662,274,2581,618,32122,7130,794,713,2339,1106,206,1570,364,899,437,481,900,1088,570,1680,861,468,3320,362,1483,837,636,245,941,396,403,395,355,8491,927,572,207,1487,680,342,375,463,3531,697,537,249,300,1743,4784,1435,667,601,2611,851,427,334,468,334,333,350,473,415,393,288,658,425,366,276,512,907,833,5139,1232,905,610,223,405,495,367,450,334,18075,3667,491,310,3724,1344,1273,472,309,61535,5071,2027,582,522,394,363,470,206,244,948,813,375,886,534,2382,173,260,430,412,369,133,458,287,447,269,347,461,295,1572,738,380,493,262,174,408,258,325,8841,3394,4050,386,227,334,344,300,314,227,332,2255,813,280,280,255,330,416,269,568,520,600,324,321,361,491,252,370,166,319,372,363,381,394,322,415,358,276,245,516,313,346,453,286,1144,349,275,381,1811,926,576,280,913,384,248,403,341,206,939,272,369,645,487,213,306,405,220,326,476,454,313,212,257,253,670,359,439,397,908,248,404,356,190,439,233,369,362,425,356,1091,315,253,166,214,934,15023,6258,4313,514,337,713,249,461,538,322,431,427,326,219,221,204,3050,9239,23553,10894,2344,640,494,359,862,445,367,302,515,304,5360,1343,599,2130,2760,1350,706,874,421,349,753,611,484,292,11478,4252,908,394,234,215,379,480,206,274,1068,456,283,801,1159,2157,1202,2083,10427,4797,23885,1867,307,194,319,278,236,404,1574,553,1019,421,229,425,1934,2675,418,361,4185,34394,15722,3685,1379,590,639,370,382,302,1188,1492,771,329,2299,1680,280,626,220,6370,15588,6399,1238,562,1479,663,1575,1038,7257,2338,711,558,582,1064,1163,6507,3380,11223,3402,1682,327,495,2488,1893,1351,1079,1141,925,500,443,2191,2156,3452,1468,13231,5252,1971,475,469,633,1371,1405,304,632,379,988,611,751,3443,2837,4733,1466,2065,1248,2612,412,820,406,2230,3262,1524,465,560,505,260,1386,2168,3231,4699,2439,403,411,476,325,325,282,602,411,303,380,384,389,463,483,402,354,405,278,288,369,239,402,307,238,271,243,233,286,239,290,2943,381,425,336,242,207,357,265,324,414,517,243,232,213,226,208,241,226,778,273,202,238,175,279,266,263,313,210,179,190,167,197,236,277,233,354,223,242,209,395,168,256,247,439,248,178,329,193,261,194,249,291,260,137,261,263,307,149,170,346,296,264,365,458,253,245,240,208,1173,402,270,163,279,310,234,165,195,216,235,225,375,194,1475,743,252,237,726,641,271,338,328,292,269,183,184,267,249,266,307,194,199,231,184,264,317,362,174,248,185,223,251,281,274,191,291,244,287,194,244,271,150,245,385,386,302,283,210,317,207,139,234,233,228,276,257,205,239,236,307,199,319,346,377,285,218,178,302,247,221,225,255,477,245,315,186,278,275,441,235,273,246,242,282,298,207,180,213,207,429,282,493,303,255,215,190,177,245,242,201,375,280,300,199,166,230,195,220,258,199,192,166,201,324,160,204,291,420,189,219,200,285,222,156,179,340,327,304,314,278,428,233,241,283,338,290,254,392,1455,815,448,386,340,487,395,269,254,503,445,397,3775,8980,2634,463,595,384,755,1328,974,878,641,789,29347,9254,1731,8382,2596,1175,1454,1251,1416,1105,2462,2117,744,994,1781,2109,2010,1751,1199,1428,3979,2361,1790,1501,1829,2604,2376,2016,1495,1472,1241,1096,1265,1413,1554,2364,2362,2208,1790,1689,1070,1347,3319,3037,2266,2343,2097,6101,2370,1688,1366,1216,1286,1239,2096,1904,1900,1445,1620,1337,1410,1337,1252,1743,1588,1510,1632,1485,1307,1563,1478,1150,1384,1247,1431,1290,1573,1393,1442,1201,1569,1276,1124,1271,1287,1370,1534,1457,1373,1453,1349,1481,5059,4196,2037,24682,22770,4799,3676,1252,1475,1380,1499,1073,1095,1554,1370,1520,982,1620,1275,1263,7118,3175,5176,1898,1220,1163,1239,1361,1312,1181,1404,1047,1079,1347,1208,1521,1037,1665,2508,2302,1273,4196,1678,1307,1360,1186,1015,906,970,855,948,944,1028,950,1375,1615,2118,1432,1047,1198,762,1033,677,955,1339,1333,1153,1106,865,681,2292,3396,6035,5980,6602,4067,2434,1960,1813,820,539,700,885,2295,3675,4921,2913,1971,1139,1344,967,1899,1328,7752,9436,7388,3841,1397,891,728,680,1552,2150,2403,1416,1405,1117,928,1141,1584,3391,8363,7516,5152,2222,1149,561,633,648,541,1032,814,2912,5013,5917,3558,2648,935,975,1338,838,1305,1269,1638,946,626,441,934,1211,1455,1176,823,562,724,932,883,1679,809,815,733,720,803,496,348,329,305,290,362,516,334,689,465,613,739,544,340,426,272,212,301,429,426,314,395,247,276,211,257,177,295,350,367,378,251,227,308,144,204,199,230,295,267,251,
51.75,291,369,496,407,3013,391,21700,179563,5158,940,566,476,2367,12566,795,16062,1662,1949,455,681,969,4317,9246,865,12676,1057,25917,622,489,1395,9342,1191,10043,5678,4397,11146,11132,1118,2539,11038,1405,7374,4992,4073,2111,3191,1617,5862,9773,1190,3694,1980,1445,756,5493,2641,5437,5242,717,1915,2649,857,389,801,4824,4281,1177,5004,1222,2157,895,390,905,5763,2514,875,2095,1410,1322,792,292,957,2085,1632,587,2527,1675,930,250461,2710,1003,2229,1564,451,1501,950,1279,3812,627,1033,1708,682,1183,2737,1120,2343,721,630,1233,880,354,1152,10739,1856,723,474,652,1130,698,371,1787,705,41108,8630,662,560,2537,772,357,741,513,958,472,828,1010,2144,403,1892,709,816,2328,305,1646,823,1287,254,703,402,604,831,276,9265,1121,791,384,1824,562,430,572,572,2919,652,446,386,567,1951,4506,1025,552,958,4006,1246,407,518,338,576,316,546,532,621,336,317,662,346,359,244,1243,991,1743,7630,1801,1457,778,413,343,506,359,409,292,20966,3720,796,266,3537,1545,1123,605,299,47338,6468,2586,493,454,332,396,370,301,322,944,651,309,652,362,1603,221,398,411,492,499,306,491,296,297,274,338,352,570,1799,929,683,515,643,303,291,277,456,10027,4808,3364,807,317,378,357,351,624,252,623,2292,892,291,438,336,468,727,410,333,769,456,280,477,412,279,340,434,432,449,365,374,799,340,321,414,423,383,299,502,386,357,486,230,1808,730,330,452,2711,1142,731,323,2748,692,340,490,366,213,1530,632,357,332,332,292,269,455,232,359,531,522,329,234,212,269,326,966,517,372,661,384,378,296,386,365,299,363,495,482,224,3385,574,290,356,348,348,18913,6068,3939,458,488,352,267,238,630,458,409,354,356,419,416,260,3196,5667,18822,7235,1724,456,389,598,526,523,505,470,293,332,15735,4949,411,2266,1812,1059,929,712,421,271,1487,1996,780,453,15257,6661,858,452,435,360,231,512,253,448,821,504,415,834,716,1127,749,1366,7659,4349,20727,1968,575,333,527,306,374,582,1748,582,1212,671,356,398,3807,2569,695,427,3375,29779,11999,3207,1580,630,590,220,395,314,1025,1304,741,384,2128,1209,820,496,358,5072,11965,5322,1281,456,1095,499,1410,849,5647,1736,811,666,491,1519,942,6619,2043,8196,2067,1228,444,687,1968,1941,1033,958,1210,827,504,373,2147,2720,3474,1046,10449,3372,2319,707,453,905,1620,1088,598,969,502,1326,422,1120,3164,2756,3202,2261,2909,1355,2659,314,1051,575,1889,2552,1498,411,812,628,614,1315,1727,3277,4280,2134,413,495,536,328,522,332,699,764,390,307,516,439,490,827,412,332,263,269,275,237,226,369,331,358,237,299,331,261,434,375,1947,414,534,392,285,218,359,455,408,619,288,290,460,307,263,432,259,271,995,416,306,327,331,356,364,359,296,284,193,219,228,216,385,284,402,393,217,201,311,246,235,252,286,276,293,243,257,261,414,252,362,309,403,578,345,319,253,280,356,267,440,296,292,341,292,236,314,382,1845,565,564,310,261,253,235,245,311,240,260,267,326,289,1831,1033,280,356,675,475,312,315,279,282,325,257,266,241,350,353,215,249,292,294,211,208,337,283,310,306,362,291,253,314,238,225,231,350,467,306,268,353,314,249,345,201,303,393,333,324,467,250,216,246,222,314,259,309,203,252,341,287,353,279,225,323,228,286,379,275,318,196,292,297,250,373,258,273,274,249,257,354,257,229,258,303,237,227,250,268,366,385,267,350,239,278,297,234,210,341,324,256,215,405,234,191,330,350,251,372,311,325,265,293,288,236,230,296,382,392,358,386,292,298,372,242,248,412,336,338,536,361,351,408,366,323,464,374,413,1975,1241,1024,556,417,507,515,348,466,556,722,703,5189,13078,3320,546,623,675,930,1429,1171,1343,1180,1323,40881,11593,2103,7735,2270,1657,1753,1522,1866,1107,3044,3070,1336,1094,1884,2272,2625,3143,1462,1670,7299,4870,1808,1911,1999,2513,2446,2412,1959,1657,1589,1138,1308,1431,2240,2342,2650,1912,2377,1671,1847,1337,2432,2133,1541,2156,1787,7369,3062,1854,1624,1353,1565,1413,1619,1690,1983,1602,2085,1496,1529,1272,1664,1738,1750,1550,1609,1843,1575,1532,1592,1447,1396,1096,1387,1520,1886,1681,1656,1729,1481,1495,1276,1578,1094,1578,1458,1653,1536,1699,1427,1590,4778,4303,2408,20978,17372,4240,3619,1500,1478,1290,1315,1369,1345,1520,1369,1737,1394,1669,1547,1544,6510,3540,4018,2392,1421,1327,1457,1486,1746,1128,1192,1071,1184,1324,1022,1474,1433,1524,2033,1511,872,3073,1828,1416,1279,1190,1425,1054,1061,934,1034,850,977,976,1195,1483,1767,1371,992,1009,834,836,950,707,1263,1045,916,1038,703,667,1993,3922,7116,7410,7043,4543,2272,1874,1806,843,636,831,608,3354,6344,7765,5036,3312,1249,1703,2273,3543,2107,6921,8239,7221,2672,1483,1047,533,739,2350,3664,3132,2849,2123,1280,1066,1331,1604,3202,6824,6216,5497,2898,1195,610,560,592,436,919,914,3064,3541,4898,3510,2817,1067,854,1507,1319,1210,871,999,738,538,619,685,943,1143,782,739,749,1097,1009,910,2393,1271,1339,1224,952,535,402,293,273,451,338,474,523,463,517,501,877,757,524,300,336,265,277,273,338,495,390,410,233,354,305,298,370,554,542,660,528,393,264,262,228,213,330,263,367,294,522,
51.58,290,378,555,455,4975,383,17082,182906,4443,1054,642,420,1244,12224,795,13595,2267,1659,191,342,483,5523,9353,532,10831,804,26943,309,827,2032,10442,1308,8589,5212,2885,9613,11762,1106,2453,9868,1338,5901,5317,2804,2285,4341,1192,3692,8278,1762,3485,1664,986,531,5305,1664,3063,3360,766,2146,2569,1104,267,412,3123,3103,940,3579,1604,1827,806,283,385,3881,2548,689,1735,775,935,1130,297,1009,1464,1423,345,1566,1229,852,204724,3040,498,1648,1813,370,1326,1049,1280,2142,480,430,1346,651,1628,3471,548,2125,223,879,994,1453,324,738,11128,1795,640,309,499,601,799,264,1758,513,43119,9276,823,640,1037,651,289,1002,595,701,284,723,460,588,356,438,498,464,2016,407,1007,567,1044,303,745,309,550,658,375,10115,1945,770,365,1235,239,593,736,496,3801,1062,351,217,555,985,4653,1082,746,307,3510,1333,236,254,477,307,267,431,368,386,648,274,505,296,364,180,1518,1774,630,5904,2348,1090,576,279,342,378,579,298,165,22274,4287,822,305,3467,1451,1122,348,246,25674,5940,1548,425,311,378,264,197,332,380,1325,622,225,709,741,1180,279,278,358,534,499,204,386,401,288,241,533,293,375,1532,959,756,439,346,396,317,388,327,10351,4211,3419,386,211,424,362,256,270,183,337,2181,1002,213,264,241,364,326,207,293,732,389,221,264,440,274,240,343,365,402,435,317,434,311,237,304,286,394,318,461,305,249,379,212,1816,777,320,457,1942,953,772,263,3972,1564,292,355,450,201,2021,540,285,317,303,237,298,311,324,602,202,326,218,263,210,257,230,602,360,378,681,310,505,287,265,215,302,191,377,557,357,6372,628,355,129,248,572,18991,7953,2864,307,672,625,300,249,288,355,371,257,255,218,304,187,1623,4010,8162,4027,648,396,362,408,221,302,253,323,398,328,21935,6663,485,1157,1248,807,491,441,252,242,2173,1669,1208,274,15661,5405,1168,616,202,298,203,237,300,336,840,801,248,874,651,620,308,521,3912,1741,11376,1680,285,206,163,284,360,383,1163,354,659,784,171,344,3493,2238,643,315,4050,19489,7406,2985,959,345,425,252,262,187,808,787,658,446,1721,938,372,396,299,2876,5563,3200,625,457,538,270,1114,458,3787,951,430,371,506,982,829,3512,2223,4569,1779,688,323,433,1189,1214,869,635,545,493,355,251,1934,2059,2286,1254,5514,2028,1144,542,348,978,645,944,529,520,492,1100,430,1035,2519,2775,2469,1407,2469,859,2456,311,636,358,1344,3600,1610,287,836,272,256,1207,1820,2347,4499,2034,298,318,335,375,352,240,552,611,466,234,525,276,365,604,433,257,310,326,241,341,466,377,231,256,264,479,254,250,319,139,1316,225,329,375,267,348,333,290,201,437,231,367,310,578,259,329,318,227,473,354,259,231,189,342,231,198,272,299,360,295,331,206,205,281,271,299,290,270,184,252,132,250,323,159,191,287,228,168,198,180,335,181,251,311,274,236,232,207,152,221,308,292,189,175,252,274,190,154,1681,313,260,194,203,267,236,207,260,268,224,273,282,287,1709,904,244,250,627,393,285,307,202,234,214,190,205,240,207,245,372,301,320,211,172,247,357,224,179,275,186,311,211,268,369,239,303,271,354,288,197,204,265,228,202,183,328,217,273,474,265,247,240,259,260,279,314,198,264,251,174,408,225,152,411,253,274,152,249,291,226,172,332,355,341,235,173,260,244,156,223,240,200,247,204,278,271,178,189,167,203,240,350,250,173,246,170,265,251,349,426,514,251,230,248,292,189,222,159,218,428,390,135,201,250,182,202,411,309,204,338,298,204,226,289,306,274,379,267,331,283,300,242,266,284,255,346,235,381,2462,1745,986,579,398,589,551,384,485,571,800,668,5441,14935,3726,490,784,687,766,960,1491,1270,1422,1514,42332,11448,1912,5494,1460,1629,1675,1623,1928,1567,3108,3501,1520,1083,2283,2693,2530,2751,1960,2159,9089,6443,2198,1479,1833,2803,2551,2330,2019,1772,1616,1013,1084,1098,2035,1670,2285,2016,1987,1877,1706,1295,1391,1452,1370,1869,1600,6599,2305,1743,1611,963,1535,1569,1383,1599,1829,1671,1948,1835,1678,1409,1185,1208,1431,1432,1771,1658,1496,1654,1189,1471,1280,1291,1586,1813,1485,1418,1813,1223,1206,994,1091,1267,1106,1407,1545,1370,1467,1375,1405,1346,2550,2885,1387,12869,12395,3046,2475,1442,1204,1115,1267,1308,1392,1451,1452,1516,1249,1498,1252,1298,5083,1785,3053,1730,1313,1043,1210,1357,1225,991,1070,879,985,961,1063,1200,1047,1046,1155,1072,997,1659,1337,947,1157,1567,1712,1494,913,681,723,608,765,837,857,1166,1070,1147,753,824,850,715,741,952,910,1059,1016,750,684,770,1440,5041,8397,7413,6406,3285,2102,1685,1023,879,487,628,693,3580,7001,8895,5336,3925,1360,2101,2926,4381,2378,4102,5075,4579,2312,997,903,504,366,2392,4448,3729,2412,1766,1044,1063,763,1111,2323,5576,4341,3328,1649,865,561,544,459,383,346,482,1633,2318,2734,2114,1333,848,611,1365,1529,1006,409,527,341,395,468,352,439,514,494,433,454,685,1005,797,2383,1415,1049,995,672,433,501,404,325,358,303,327,372,307,678,573,754,887,482,281,136,215,229,177,250,228,272,297,375,426,415,293,236,340,278,561,261,317,308,322,232,186,135,249,163,275,412,
51.4,289,335,380,399,3974,692,19471,199713,4142,859,1044,829,1737,10598,736,13986,2383,2970,276,761,1035,5503,8817,730,10013,1087,28741,468,649,1684,9169,1031,8765,5876,4486,9693,12649,1236,2379,12238,2051,5948,3582,3335,2824,4127,1917,3935,10809,1541,2831,1857,976,616,5951,1501,4081,4333,932,2144,2638,1124,518,1052,2433,3131,1049,5030,1975,1936,843,462,1035,3702,2823,542,1847,1264,1747,642,468,554,1136,1891,476,1433,1329,1093,181031,2095,530,1269,1856,347,1463,1217,1246,2238,556,594,1259,408,891,3127,838,1148,366,696,864,734,415,1030,12330,1889,721,573,675,656,517,309,955,684,46120,10369,915,765,1238,502,398,816,554,770,494,820,820,743,595,632,721,947,1955,394,1261,772,1679,523,697,435,698,821,427,9753,2224,908,383,882,472,458,581,690,3880,1333,491,354,607,1036,2444,809,782,468,3630,1098,377,336,389,579,245,549,688,959,475,386,696,409,473,318,3143,822,745,6844,2293,1557,723,404,576,493,410,466,329,23093,5308,847,266,3195,903,674,845,354,18722,4878,2100,591,436,375,399,395,205,384,918,376,234,618,550,868,357,326,548,608,519,257,500,434,384,212,474,392,303,1523,1286,722,778,440,288,313,514,422,11958,4566,3455,578,320,345,243,498,381,212,482,2116,573,280,355,428,1324,524,314,374,517,640,444,391,313,362,362,357,292,567,530,451,467,267,276,383,398,305,382,618,289,394,417,298,2523,398,492,347,2070,1191,1078,439,7483,2415,664,289,346,214,1774,435,360,837,350,308,308,441,169,364,476,305,266,340,301,322,333,414,501,376,777,315,471,342,347,332,216,255,332,441,280,11058,1107,357,272,268,687,20774,7886,3087,364,1000,544,379,519,411,249,226,219,247,265,273,321,2118,2740,4657,2639,1297,412,323,349,397,391,332,233,297,333,32952,12853,560,657,1316,739,559,476,313,363,4734,2316,1085,391,17490,6170,1029,666,363,242,283,382,521,273,1105,946,303,954,686,562,348,833,2707,1145,10450,1478,430,206,324,288,347,637,631,407,1234,498,302,363,4665,3071,890,333,4564,16637,8079,2142,989,404,439,255,381,316,1302,664,648,483,1735,1131,436,412,325,2570,5037,2085,471,293,537,506,1109,667,3581,1005,743,453,586,1388,652,4007,1177,3635,1088,889,288,478,1795,1316,1088,669,600,457,554,527,2266,2301,2298,1486,5307,1820,1629,637,511,519,860,1283,398,936,363,1544,375,1531,2406,2501,2827,1876,2786,1349,2171,462,766,633,2792,3582,1756,424,816,679,427,1483,2644,3401,4846,2740,372,282,486,293,560,453,997,635,521,346,727,471,504,875,462,331,245,396,368,391,382,441,569,312,261,343,368,360,460,292,1356,362,400,210,257,197,434,361,450,738,323,289,273,263,233,320,484,252,349,321,393,300,304,372,487,401,288,261,283,206,410,205,389,347,282,219,315,179,297,363,261,396,300,281,220,294,281,192,264,489,237,411,426,209,365,365,282,228,269,413,353,230,256,297,419,310,219,287,2173,314,454,414,367,212,382,164,371,239,365,258,259,321,1798,1036,337,438,532,419,253,252,280,195,284,368,362,295,281,362,315,265,233,286,182,264,248,394,250,444,323,282,252,344,189,410,286,382,305,307,346,273,370,253,275,279,261,242,439,205,278,262,188,396,250,405,448,281,217,381,301,327,322,361,363,262,337,313,258,247,260,315,246,368,234,300,281,276,213,228,287,365,333,359,290,274,230,205,356,234,314,392,269,287,425,277,239,325,222,570,386,308,294,344,239,274,211,350,301,356,295,357,287,384,422,283,224,362,443,455,502,325,381,421,301,391,387,395,329,370,486,599,507,553,474,423,474,605,535,3041,2473,1664,888,737,820,809,557,713,692,1154,1089,6075,15237,4617,734,923,940,920,1462,1848,1669,2098,1801,39980,13578,2270,4371,1455,1958,1972,1809,2309,1818,3927,2908,1563,1056,1865,2726,2159,2560,2108,2590,8713,6777,2571,2224,1766,2222,2166,2042,2530,1819,1955,1267,1544,1243,1540,2133,1859,2522,2067,2092,1519,1577,1602,1386,1632,1616,1621,5955,1988,1795,1828,1651,1760,1588,1390,1348,1920,1656,1967,2533,1915,1710,1698,1707,1903,1614,1820,1865,1683,1684,2124,1819,1418,1284,1410,1935,1813,1909,1742,1526,1687,1500,1426,1640,1358,1487,1467,1524,1485,1537,1316,1469,2684,1708,1656,11269,10845,2648,1938,1415,1441,1447,1423,1319,1092,1350,1586,1596,1671,1243,1405,1270,3638,2071,3371,1705,1385,1570,1246,1364,1500,1179,996,1237,971,1132,1066,1020,1034,1127,1200,1046,932,1833,1047,1102,1178,3853,4446,3432,1872,1086,1075,1002,953,1041,968,1239,1047,1040,982,787,991,1096,892,2038,2136,1358,1165,787,850,797,1214,4939,8213,9381,6338,3545,2392,1884,1346,698,743,700,559,4627,9150,9930,7090,4821,2009,3517,4460,5893,3847,3914,4410,3297,1545,1081,833,524,573,2648,4521,4138,2997,2128,1123,699,1321,997,1680,3800,3331,2543,1263,723,701,483,510,386,447,654,1413,2023,2384,2052,1452,848,993,1628,1307,996,614,420,323,377,686,726,528,452,743,533,621,1101,1370,790,3363,1796,1297,1368,884,433,363,262,421,391,284,488,398,337,755,573,1002,813,522,280,314,302,293,270,325,364,310,661,520,767,290,449,392,300,483,573,497,414,420,368,286,491,244,243,358,340,457,
51.22,288,307,338,569,3117,754,19863,181933,4788,758,661,600,1725,11825,991,11772,2005,2684,351,693,926,5093,9033,1084,9312,644,27108,314,447,1700,7729,997,7509,5433,3844,11555,11383,1090,2783,11092,868,5685,4360,2237,1659,4042,613,4751,9538,1311,2765,1364,615,658,3821,717,1877,3992,684,2217,2299,1039,296,532,2426,3420,1167,4850,1241,2016,569,283,666,2486,2159,578,1761,635,1366,469,317,347,1460,2010,364,1004,1222,766,132159,1720,339,948,932,255,1484,832,1198,1657,406,507,925,322,723,2263,1203,877,338,470,791,492,412,958,11738,1910,733,334,566,491,565,334,914,565,36579,9549,511,385,969,466,271,738,415,976,321,621,1138,559,375,814,299,369,1440,212,1217,662,1151,440,400,427,781,1301,223,7095,1351,554,271,429,306,382,453,272,2779,865,351,364,631,701,2215,339,459,585,2326,822,175,315,206,363,282,388,265,508,535,235,226,302,311,240,3572,643,665,4026,1508,1408,489,252,439,445,576,367,287,14988,4408,399,289,1847,1398,1142,407,357,10139,4356,1529,375,478,264,320,362,213,454,547,387,201,431,301,422,214,252,359,387,299,255,504,307,485,243,360,248,580,1823,676,733,603,218,240,305,314,383,9506,4186,2298,376,198,283,242,353,387,279,422,1590,616,243,454,369,1205,585,264,392,386,440,346,241,193,372,272,488,249,372,531,219,414,279,234,241,303,268,265,436,366,554,282,368,1978,753,308,400,1542,927,524,360,10214,3287,869,365,231,190,2571,1016,272,524,358,315,401,351,178,302,347,264,242,223,296,288,223,585,402,511,391,350,568,284,309,368,252,201,258,447,202,13929,719,353,194,454,1019,18509,7873,2315,311,1997,867,274,241,202,447,401,213,423,324,348,227,804,2078,2824,917,699,554,344,240,198,350,334,361,343,333,37578,13927,683,521,1108,439,312,450,415,223,7792,3378,1496,449,16628,5682,875,561,383,268,294,290,320,238,1687,1559,325,479,723,232,248,412,1277,511,7445,1061,506,238,243,270,434,908,561,175,785,291,164,337,3550,2872,338,331,3295,10605,4075,1538,782,321,376,291,296,194,1092,510,423,287,955,605,372,348,178,1868,1981,1158,373,402,567,298,961,372,2028,698,351,474,411,838,831,2818,1137,2491,725,454,489,447,974,1147,611,710,265,553,718,234,2053,1573,1681,594,3005,1912,1418,553,322,817,1240,1008,535,635,406,1655,419,1652,2193,2728,2673,1424,2686,1544,1835,386,932,403,2787,3360,1718,264,739,545,436,1642,1732,3909,5787,2500,354,301,327,307,591,292,525,550,292,252,474,202,272,1532,582,343,239,256,240,206,328,575,376,353,376,316,334,219,218,268,916,207,299,255,305,238,279,404,218,376,214,306,231,204,191,239,388,184,248,179,203,198,297,332,305,206,200,344,242,151,232,212,272,322,279,310,223,204,203,257,291,290,450,299,281,232,171,201,284,227,295,384,336,241,225,250,232,221,249,238,508,279,194,318,294,243,182,273,1486,490,355,249,260,171,215,165,229,319,272,242,234,227,1023,629,187,267,298,389,337,293,235,284,269,527,323,222,270,352,296,266,248,209,235,241,195,431,420,276,238,200,265,294,392,322,216,319,271,195,245,272,371,195,232,211,206,278,219,343,302,327,270,256,291,307,191,215,286,254,261,245,211,237,387,206,252,221,242,244,223,296,364,315,282,251,236,180,282,294,303,234,301,337,271,219,255,291,266,263,330,368,320,274,266,286,180,303,339,419,388,339,392,266,277,179,196,395,347,324,357,300,363,434,282,213,273,229,272,275,303,368,391,341,335,348,241,427,344,474,493,908,528,570,609,612,500,292,795,3311,2640,1740,1115,793,700,753,550,689,673,1353,1299,5897,13838,4314,884,1006,883,924,1546,1948,2388,2218,1979,33804,10996,1601,1914,1227,1494,1813,2111,2304,2287,2800,2242,1452,1336,1350,1878,2031,2229,1975,2816,7535,5919,2335,1668,1559,1665,2185,1982,2170,1557,1653,1651,1677,1153,1351,1598,1501,1859,2010,1845,1691,2039,1336,1308,1484,1620,1299,4270,1947,1699,1716,1698,1496,1720,1862,939,1526,1281,1863,2061,1507,1520,1732,1688,1576,1419,1608,1861,1730,1925,1802,1347,1517,1328,1460,1637,1751,1456,1403,1442,1788,1712,1278,1374,1461,1255,1056,1738,1397,1416,1116,1281,1716,1329,1339,7874,7180,2195,1537,1367,1585,1836,1592,984,1051,1240,1338,1470,1205,1211,1271,1404,2871,1449,2665,1966,1131,874,1129,1233,1283,1019,1172,882,911,840,941,1015,1052,997,965,814,683,1490,1406,813,708,5690,6273,4747,2635,1376,826,647,763,820,843,1035,716,854,635,650,642,710,1606,2796,2796,2128,1098,650,556,567,1132,4965,6071,6524,4616,3729,2932,2167,1331,850,419,787,374,5101,7216,9935,6493,4290,1737,3552,4672,6852,4380,2940,2018,2086,847,524,551,444,401,2295,4250,3202,2448,903,843,576,846,871,1002,1859,1775,1587,1010,512,521,499,448,299,429,348,729,987,1121,914,915,855,686,1684,1379,1164,386,331,334,302,503,290,431,297,515,478,591,782,1113,883,5247,2439,1627,1565,949,289,399,204,385,280,213,513,419,362,779,813,1151,1240,654,253,247,317,195,448,277,366,223,866,777,632,397,441,214,269,383,674,746,508,343,273,277,243,282,311,314,235,732,
51.04,287,379,414,396,3110,557,18523,187014,4922,1166,1067,749,1636,10033,1387,12265,1756,1773,424,551,771,3335,9765,1088,11335,976,27542,696,632,2031,9269,1002,9674,7106,3527,12146,12204,809,3284,12334,1126,6377,6495,4024,2118,4990,1555,4008,9724,1305,2914,1719,748,544,6193,1687,1764,4372,622,2012,2559,1425,388,520,3059,2539,1361,5484,1761,1917,1277,342,854,1768,2728,725,2313,987,1264,833,335,491,1027,1337,576,1867,1629,726,112552,1812,508,952,1374,286,1618,1793,2463,1422,778,806,1192,644,948,2630,906,1296,490,772,1150,487,343,819,11842,2622,843,396,472,372,577,265,742,804,45688,8837,1094,1367,753,419,395,698,543,861,459,584,902,595,567,710,1009,840,2102,325,1242,785,2713,604,478,582,747,1827,423,11073,2299,974,322,387,389,482,733,448,4028,1162,529,313,483,446,2252,543,709,712,3258,1184,307,371,420,490,194,712,737,557,596,340,790,340,472,375,8028,731,787,6374,2215,1261,685,452,591,459,465,543,381,21561,5332,678,317,1398,1594,1153,422,421,9590,5843,2244,399,456,360,385,386,282,800,1002,953,293,332,609,493,352,331,362,270,511,348,423,432,354,362,548,525,796,1846,838,813,510,339,288,379,423,463,10662,3741,3090,648,343,370,378,706,640,397,420,1499,691,494,671,396,1500,437,385,494,576,501,316,387,322,567,404,318,359,401,599,365,396,287,297,386,450,427,406,408,463,550,421,337,2525,392,504,441,2168,828,846,365,19903,5305,1110,344,425,235,2009,777,477,444,466,490,253,406,298,321,372,465,293,298,318,282,396,835,378,619,329,240,1157,248,307,293,372,315,348,388,235,20957,1504,294,302,319,1147,18928,8416,2232,378,3009,996,287,370,303,313,463,292,344,250,282,290,810,1177,1816,796,1060,511,451,379,371,413,405,291,267,343,52099,19542,1190,479,834,404,364,291,338,357,12012,4338,2062,616,13536,4676,862,734,573,287,323,284,463,459,2686,2760,449,769,326,284,480,414,1004,593,5482,1130,409,258,271,385,609,1082,521,315,800,494,226,257,3128,2019,633,653,2547,8630,3993,1680,778,335,592,377,394,402,1658,483,548,360,1160,888,417,430,333,1808,1195,578,512,368,453,313,712,451,1768,583,385,301,447,1278,844,2602,1778,2796,607,504,280,693,1393,1560,806,571,498,518,622,468,2268,1736,2043,745,3265,2228,1621,623,504,673,1487,1416,624,772,418,1071,612,1433,2238,2693,2177,2002,2668,1846,2097,420,1177,532,2497,3066,2025,433,767,786,477,1574,2305,3786,5692,2383,429,456,497,377,407,449,762,741,555,391,582,357,417,954,402,341,328,327,310,398,362,581,452,389,305,365,299,471,277,505,672,356,282,325,443,302,348,577,345,496,432,366,396,390,334,335,240,373,327,312,316,252,324,389,485,318,258,279,240,251,347,230,322,347,378,268,256,298,205,277,238,354,424,428,220,326,242,217,247,165,239,433,432,355,281,275,275,241,271,343,357,385,218,350,355,312,356,216,784,402,424,374,370,286,244,294,275,295,294,258,293,326,1011,727,209,339,391,294,306,300,278,302,387,293,270,359,414,255,296,277,367,246,251,293,298,487,220,506,278,311,413,238,279,262,331,326,441,271,429,352,267,271,259,319,326,322,352,300,335,265,364,371,345,390,353,419,279,404,312,320,328,400,277,266,300,261,272,330,230,281,326,328,243,287,347,298,197,307,437,254,390,346,265,242,268,223,331,202,273,371,338,248,390,226,266,327,220,364,363,373,276,409,264,369,304,347,338,374,300,294,332,299,455,382,460,337,445,333,400,434,357,718,638,637,459,476,421,488,545,725,1066,754,740,1002,778,574,716,3078,2889,2397,1331,1031,1303,1065,840,1085,808,1722,1658,5714,13273,3878,1412,1830,1643,1132,1518,1686,2007,2598,2645,32849,10695,1811,2020,1234,1835,1805,2078,2700,2909,3040,2143,1673,1468,1660,1901,1962,2560,2615,2969,7372,5942,1928,1862,1672,1964,2137,2067,2252,2122,1932,1783,1599,1705,1393,1520,1890,2029,1839,2185,1627,1717,1798,1603,1308,1716,1442,4398,1959,1542,2138,1541,2018,1582,1615,1349,1623,1810,1777,2453,1624,2308,1770,1696,1630,1332,1831,1618,1639,1944,1908,1841,1779,1607,1560,1407,1717,1603,1676,1420,1458,1696,1270,1517,1294,1826,1432,1437,1352,1526,1536,1281,1847,1413,1444,6474,6842,2154,1577,1399,1373,1100,1545,1182,1128,1345,1499,1462,1249,1475,1309,1426,2264,984,2206,1204,1227,1167,1594,1618,1285,941,1003,894,898,904,884,951,1216,1021,1086,1428,736,1464,884,1007,950,8599,9906,8718,3988,2116,835,926,859,953,863,856,760,941,875,720,800,815,2400,5759,6171,4183,2376,1105,555,616,932,3778,4682,5736,3791,4282,4212,2812,2402,1032,634,498,692,4345,7923,8792,5826,4270,1573,4159,5782,6685,4880,3140,1874,1314,710,497,608,590,375,1998,3558,3313,2773,1588,868,712,1005,931,835,1407,1284,1544,823,626,425,386,492,402,403,549,586,783,888,606,1282,761,575,2426,1849,1010,363,349,338,527,498,627,422,458,579,491,677,1511,1558,970,7737,4405,2148,1771,1110,474,376,522,396,449,329,458,604,426,1088,1069,1890,1382,902,333,351,357,422,374,445,342,475,1001,1058,1163,688,567,388,335,543,959,889,601,567,460,299,387,414,285,388,452,684,
50.87,286,390,331,489,4369,449,18460,209656,6805,687,1446,976,1867,13378,1177,11681,2001,2335,592,353,1105,3507,9119,1039,10118,650,27840,401,420,1065,7911,766,7135,5637,3076,9384,14071,990,2012,10138,898,4503,4927,3485,1851,3372,1706,2676,11203,1370,2606,1766,758,340,6446,925,1970,3180,977,2298,2357,460,285,408,3307,1707,917,4154,2147,2709,771,363,695,1296,2239,534,1749,878,1951,815,267,385,1497,1110,388,1111,1361,779,91729,2367,678,643,1121,219,947,1401,2470,1260,336,324,757,473,1005,2802,836,2054,392,437,800,546,354,484,14442,2029,767,295,554,414,360,381,609,736,42563,8094,638,1050,1166,385,246,488,497,834,357,591,1245,286,387,328,463,516,998,345,1223,367,4036,1158,293,330,525,2733,413,11433,1215,730,335,537,399,521,391,285,3833,702,530,256,743,345,1431,336,419,392,2248,746,261,431,312,333,169,409,542,666,358,311,554,663,375,349,8724,523,513,6424,2219,1106,498,423,257,417,381,330,287,19593,4651,724,286,1347,323,356,592,215,4751,4926,1268,371,334,280,362,345,262,472,458,326,271,357,269,349,198,303,300,445,345,262,921,368,323,284,366,420,494,2005,271,576,531,422,244,349,485,396,10854,4760,3233,467,258,325,252,290,503,202,416,1916,755,379,434,242,1527,409,286,298,816,366,269,271,298,255,254,405,437,354,433,384,541,456,322,212,300,431,394,635,341,251,465,337,1699,570,259,294,1680,500,518,315,14619,4279,843,247,459,204,1453,280,257,284,290,262,346,291,203,295,390,682,172,328,253,301,438,356,430,232,347,248,492,219,338,414,363,338,394,478,334,18903,1760,258,245,280,1175,13499,5272,1483,495,4029,1062,179,356,351,331,575,288,147,236,252,290,424,378,1050,679,344,280,446,261,235,298,318,372,291,229,53835,22897,703,561,693,437,296,300,293,310,12885,4929,1539,992,9214,3067,874,613,353,235,187,380,249,350,3125,2991,502,415,558,300,330,326,535,255,3830,1300,366,381,224,229,251,1147,672,301,478,510,234,311,2100,1253,751,320,1640,4024,1709,1087,697,285,513,157,344,204,882,381,296,238,1148,453,448,377,193,1013,579,319,301,311,394,390,668,412,1045,482,413,166,517,1130,754,2376,1258,1353,671,760,233,585,922,1138,431,339,514,534,582,520,2729,1955,1625,575,2931,1981,1496,437,377,729,931,1284,721,845,345,1129,534,917,2311,1880,2439,1873,2970,2179,2086,531,1155,603,2460,4311,1583,260,799,420,360,1582,1615,4294,5274,2271,357,423,330,214,498,529,765,566,662,300,507,325,349,1348,560,240,370,311,374,282,373,437,272,252,207,340,331,341,336,247,708,201,177,190,269,239,275,471,356,842,341,307,279,298,155,266,286,264,201,242,231,213,223,201,279,245,295,230,244,240,211,220,265,367,263,238,386,156,174,276,304,323,321,257,273,209,229,168,195,172,367,198,260,296,379,392,264,192,179,313,189,240,246,249,312,250,181,186,1335,441,351,315,289,230,256,206,224,302,298,368,270,348,889,315,237,329,194,363,378,335,241,182,194,296,240,251,297,176,319,356,287,301,176,184,253,257,235,365,209,308,214,293,272,268,242,367,340,199,336,300,348,336,355,468,328,343,486,183,311,184,335,354,283,447,207,287,232,210,219,292,237,254,355,214,199,184,236,243,353,176,250,282,212,345,166,290,180,215,163,320,279,204,278,289,230,205,175,309,383,270,311,244,371,308,176,241,293,367,249,354,267,293,185,324,339,233,264,280,242,185,306,339,371,490,362,343,447,276,454,378,555,782,617,561,533,511,378,579,1004,1132,1531,1183,1001,936,775,434,763,2949,3158,2438,1783,1464,1440,1204,760,1055,1444,1212,1833,3899,9977,2397,2043,1647,1241,1176,1553,1545,2170,2489,2408,20502,7344,1452,1291,1277,1257,1546,2197,2607,2615,2516,1759,1613,1657,1468,1687,1404,2179,2174,2756,3812,3609,2014,1603,1674,1455,1545,1767,2279,1836,1793,1418,1854,1461,1380,1476,1609,1626,1861,1862,1816,1672,2132,1444,1128,1499,1572,2169,1933,1874,1606,1625,1953,1575,1850,1590,1349,1518,1522,1802,2191,1921,1816,1734,1192,1742,1487,1452,1478,1566,1271,1690,1394,1681,1189,1017,1354,1282,1709,1733,1848,1469,1500,1285,896,1269,1198,1330,1092,1436,1433,1274,1546,1334,1186,4897,5391,1993,1449,1262,1495,1160,1207,1161,836,954,994,1158,1021,1149,1153,1245,1276,859,1680,1200,1014,1275,1094,1264,1402,918,807,821,752,826,957,1038,1028,1092,1018,794,763,1090,959,821,858,10645,11387,8821,4267,2405,754,624,883,818,760,740,594,584,622,769,529,648,3422,8296,8092,6277,2470,1184,721,446,726,2183,3332,4018,3718,4822,5104,3690,1902,874,665,565,481,3030,5572,7538,6058,3734,1062,4045,5602,5854,4239,2605,972,740,595,457,305,458,330,1616,2782,1846,1386,1002,509,494,703,638,708,1052,1384,1137,583,397,506,372,330,371,393,662,660,477,455,592,831,901,605,2741,1939,1013,474,430,272,456,526,469,428,383,403,419,488,1737,1649,1085,8653,5566,2468,2191,1393,359,411,349,366,571,413,453,538,544,1459,1399,1734,1888,1112,365,175,268,383,259,420,250,311,1113,1341,1321,875,520,367,206,506,694,858,796,475,445,382,369,317,295,375,247,926,
50.69,285,386,514,651,4179,761,20932,210628,5104,675,1175,627,2090,13980,1038,14832,2143,2107,513,498,1333,3574,9270,1033,11323,853,29537,670,663,2036,8943,1621,9675,5919,3684,11326,13487,1359,2911,12933,1717,7462,5094,3536,2920,3389,1880,4223,10845,1696,3182,1682,918,392,6408,1220,2538,5942,1072,2411,1966,1261,494,882,2581,3443,1150,4819,2173,2856,972,531,881,1417,2297,659,2333,921,1720,954,271,608,981,1899,552,1893,1709,909,74421,2257,510,971,1255,535,1320,2407,1938,1170,544,663,879,979,1126,3129,950,1383,422,835,1440,642,506,1090,13441,1799,939,542,534,679,579,465,779,910,37300,6749,855,1547,848,534,298,600,609,804,345,1022,1110,507,338,263,508,657,1051,293,1580,1054,4386,897,335,383,658,2752,363,9356,1685,982,308,413,416,668,625,562,3898,1029,344,451,686,290,1909,349,567,545,1982,1270,388,406,360,666,299,353,470,620,421,337,977,279,472,351,8165,565,518,5501,2162,1408,634,425,606,474,548,487,327,21658,4402,632,343,864,846,525,594,315,2987,4650,1670,395,381,523,364,387,276,352,1242,743,389,391,482,758,294,417,414,424,322,316,749,443,364,276,482,354,423,1714,857,697,517,464,371,418,513,398,10651,4314,2896,613,356,319,326,358,437,308,413,2172,763,453,489,481,1263,525,361,378,528,401,290,398,445,382,386,244,388,465,600,350,630,356,294,258,414,339,594,493,466,567,556,418,1230,427,416,404,2323,942,696,345,15595,4820,914,421,483,218,1028,388,304,235,226,499,291,286,232,600,432,511,306,293,263,305,420,369,309,447,482,371,407,365,294,225,292,321,388,539,278,19168,1245,658,269,339,1130,10940,4603,1053,390,4312,1793,254,333,309,368,449,255,322,311,264,317,466,652,828,1124,794,363,497,295,380,387,544,316,303,463,54572,22322,1105,521,641,360,496,391,361,412,14693,6600,1577,1801,5729,2244,750,605,325,424,372,386,382,314,3032,3275,560,500,347,299,340,410,470,344,3564,1499,904,235,314,347,364,977,490,370,1069,396,190,383,2468,1552,846,373,1444,3129,1234,386,416,269,549,360,392,393,1293,411,344,356,944,1155,339,349,262,932,735,453,280,323,377,357,715,476,802,573,414,316,448,1493,553,2370,1181,1599,757,552,281,567,1478,1789,754,568,371,504,622,346,2175,2154,2228,1112,2444,2180,1538,943,769,506,1060,1315,812,650,503,1543,496,1667,2611,1942,2517,2159,3457,1937,2354,418,996,474,3444,3932,2141,310,885,628,472,1857,2633,4024,5807,3876,550,381,455,347,526,595,1142,1009,812,329,419,244,514,1056,532,383,461,384,326,493,311,724,394,428,337,400,281,351,376,217,444,201,288,371,301,329,341,547,458,590,338,383,276,286,301,339,344,257,216,322,251,230,393,455,428,282,338,335,209,242,331,254,397,335,424,329,268,235,305,380,227,348,401,328,244,287,315,214,312,302,297,372,317,286,287,297,228,260,359,377,437,390,423,352,509,249,260,356,812,355,376,452,409,231,309,265,235,409,357,414,393,402,487,286,276,367,275,397,283,430,359,280,229,232,258,231,338,324,391,347,288,301,332,244,394,367,263,299,248,376,289,277,365,376,424,387,374,283,221,446,283,252,281,339,515,306,277,328,303,281,305,437,344,398,362,292,351,217,290,269,268,283,309,325,311,249,343,424,257,396,340,379,499,363,323,282,291,268,427,361,360,380,294,274,287,197,351,266,411,621,380,299,323,312,335,341,335,412,391,373,297,446,299,311,387,360,371,471,414,341,423,518,593,657,504,570,528,436,676,774,615,1244,882,1225,819,882,783,891,1172,1561,1884,1388,1605,1232,1226,716,1014,2732,2525,2514,1600,1712,2515,1913,1334,1459,1544,1708,2234,2808,6549,3531,2251,2125,2010,1107,1604,1556,2798,2762,3058,14773,4144,1981,1908,1610,1544,1916,2254,2485,2660,2797,2259,1805,2044,1689,1834,1734,1874,1964,2634,3542,2384,2327,2241,1880,1777,1862,1470,2137,1940,1915,2046,1818,1911,1616,1574,1679,1828,2136,2057,1872,1908,1886,1745,1710,1723,1540,1766,1950,1831,1787,1880,1896,1619,1588,1513,1634,1815,1712,1989,1803,1862,1876,1936,1444,1559,1454,1981,1712,1702,2064,1921,1787,1882,1291,1333,1425,1532,1611,1811,2045,1667,1464,1541,1347,1300,1001,1354,1405,1627,1755,1343,1396,1239,1161,4684,4638,1898,1359,1337,1345,1417,1475,1102,1091,1003,1059,1149,974,1272,1394,1212,937,925,1981,2068,2214,2810,2721,2097,1446,1111,947,916,646,827,886,897,1843,1707,1582,879,792,1066,1000,734,801,11589,13541,11010,5319,3041,943,745,919,927,934,703,783,742,701,842,860,682,5209,9105,8939,7572,3573,1812,751,490,785,1830,2640,2487,3708,5889,6906,4132,3077,1107,973,504,431,2724,5102,5095,4469,2747,1174,3232,4122,5105,2869,2012,982,1057,621,469,645,415,448,1344,2150,1945,1667,1130,864,665,816,677,789,1118,1551,1487,691,744,450,424,407,392,486,423,594,706,653,740,1044,1243,1254,4801,3326,1544,412,423,483,556,873,589,511,449,416,627,832,2277,2553,1460,11934,6826,2838,2784,1726,464,451,465,515,604,638,494,774,572,2206,1704,2997,2132,1256,453,392,226,357,379,519,540,474,1412,2137,1689,1580,679,394,392,440,987,1133,987,629,493,462,324,424,322,389,299,1112,
50.51,284,308,435,549,3679,711,18690,225014,6397,358,969,501,1322,14061,713,14159,2328,1826,465,292,855,3394,8254,605,10100,804,31630,484,473,1453,10869,1962,9069,6609,4105,11959,12882,944,2431,11939,1217,4445,5410,3817,2267,4397,1016,4419,9941,1337,2337,1807,737,518,5169,914,1861,4028,1225,2124,1971,1126,287,712,2864,2035,1005,4515,2056,1833,1024,361,948,1333,2735,426,2584,1001,1844,804,262,367,766,2055,463,1399,1211,895,44511,1755,484,793,1032,441,1577,1303,1483,603,654,579,639,714,634,3125,1057,1177,391,912,1033,515,285,603,10621,2047,768,215,531,652,465,316,303,670,35326,7472,886,928,1219,252,339,976,603,940,396,943,1011,340,403,195,392,441,926,316,1463,668,2914,922,320,370,607,2317,620,9176,1226,370,309,417,429,457,417,690,3048,873,578,416,555,281,840,361,490,310,4518,902,244,308,292,462,352,587,393,728,476,167,859,270,492,202,7936,517,599,6469,1952,1163,580,260,440,383,322,584,356,19576,5006,422,304,858,573,314,388,337,1622,5364,1995,295,358,432,313,351,319,431,478,492,218,380,408,385,149,368,362,513,545,269,951,426,300,224,204,263,391,1272,1055,468,605,379,265,222,289,363,10221,3892,2658,540,311,259,282,195,339,324,380,2129,960,192,317,242,2260,372,208,289,628,374,268,384,267,330,243,369,292,354,374,252,252,329,296,208,458,245,372,557,414,479,523,279,632,515,329,296,1807,940,764,290,13010,3044,851,303,371,144,765,451,275,407,245,240,264,359,192,240,340,683,195,245,241,255,223,523,502,353,308,401,361,235,266,216,493,278,446,228,167,16717,1068,384,279,346,824,6065,2011,460,409,2840,915,197,439,302,274,191,255,320,542,250,262,407,426,742,539,323,365,388,239,270,155,332,279,214,482,47821,18893,646,563,378,443,372,554,203,260,10446,4370,1314,2248,3539,1086,373,358,265,233,244,261,357,349,3086,3628,446,217,526,269,200,431,326,226,1136,1447,373,245,312,240,363,951,653,268,648,356,333,538,977,748,454,213,776,1724,1112,255,454,333,341,181,428,253,497,451,189,236,1181,747,318,212,284,969,314,250,295,287,438,274,397,269,738,536,453,249,457,1234,939,2371,1368,1128,795,333,214,487,923,1555,1059,461,624,492,625,299,2340,1422,1487,919,1715,2424,1612,505,319,684,818,1631,575,834,473,1211,522,785,3076,2773,2513,1643,3617,2182,1825,485,1066,450,2334,4633,2098,533,872,539,303,1540,2413,4606,4948,2300,337,475,979,374,526,317,701,942,619,352,564,263,315,754,389,422,249,363,452,233,269,218,412,374,289,382,410,336,251,207,401,173,276,199,265,338,270,517,320,608,406,361,183,287,251,338,323,448,172,176,200,306,312,249,410,379,469,316,279,215,261,197,265,314,357,193,218,251,200,211,236,375,416,332,184,157,219,254,208,172,473,385,374,192,230,342,243,284,265,290,289,245,197,254,316,246,274,318,754,304,405,440,250,302,213,329,254,202,365,264,288,307,346,218,211,194,335,251,299,310,313,266,264,286,268,264,352,210,325,266,225,196,242,229,306,308,334,327,285,218,205,407,316,367,259,318,200,293,276,282,240,352,296,204,330,426,312,238,313,252,264,279,169,433,296,302,168,306,247,260,281,265,277,267,247,299,309,320,222,429,316,373,388,309,239,216,250,236,259,267,228,277,236,171,219,240,267,288,318,367,395,227,264,230,376,237,324,380,439,335,340,546,263,438,459,425,366,491,384,542,489,540,925,809,553,548,745,532,609,830,849,1380,1541,1143,1378,819,481,897,870,1379,1602,1615,1537,1694,1011,897,1294,1745,2075,1759,2012,2037,2338,2081,1215,1575,965,1585,1838,2492,3766,3114,2223,2491,1916,1271,1466,1318,2885,2027,2145,8296,2601,1948,1650,1415,1024,1446,1765,2897,1982,2163,1987,2289,1967,1768,1584,1134,1560,1728,2180,1965,2216,2229,2352,1760,1515,1694,1525,1963,1690,2267,2189,2447,2254,1681,1363,1497,1575,1670,2044,1783,1871,1724,1676,1670,1471,1456,1536,1935,1498,2080,2124,1865,1547,1543,1570,1443,1418,1378,1908,1455,1625,1693,1999,1419,1526,1606,1555,1625,1717,1904,1607,1412,1430,1564,1039,1162,1222,1382,1733,1747,1794,1347,1247,1154,1090,1032,1054,1133,1747,1432,1010,1168,1135,1059,4218,3876,1519,1441,999,1140,956,882,932,920,754,864,1000,900,893,1299,987,865,941,1758,2456,3773,4422,2922,2486,1392,1164,649,849,492,726,516,1071,2876,2648,2266,1367,596,1301,666,817,602,11363,12459,9982,4089,2714,913,490,692,836,1901,1546,910,613,583,555,384,516,3546,11953,9527,7813,3387,1717,755,464,600,963,1085,1483,4287,5145,6270,4097,2692,1253,1325,590,324,1360,2722,3127,2659,1931,796,2007,3166,3228,2101,1676,897,536,378,345,402,454,303,759,1085,1061,873,478,587,512,645,1156,931,971,1880,1794,680,394,379,333,359,405,491,465,553,530,518,654,1662,1485,760,5879,4196,2584,339,534,564,812,752,595,535,644,507,503,598,2558,2278,1510,11993,5745,2742,2322,1272,388,561,378,402,712,509,749,606,597,2943,2105,2808,2751,1441,552,269,358,335,252,395,394,596,2392,2161,1802,1287,1092,435,371,665,954,1477,1056,626,399,482,320,344,701,530,345,1048,
50.33,283,449,527,580,5322,807,20006,223504,5917,895,727,548,1858,14930,1171,14672,2366,2530,520,815,772,4528,8897,1589,10628,822,28695,656,542,1823,9746,1707,9076,5940,4139,13361,11941,999,3127,11343,1188,7414,5571,3561,2097,4407,1454,3296,12321,1387,3113,1920,883,582,6406,922,2063,5202,1002,2778,2298,792,259,1172,2907,2192,1325,5433,2328,1924,1202,320,1013,1404,3100,537,2816,1387,1006,1430,340,479,1152,1300,526,2054,1338,1016,35240,2367,812,1057,1636,485,1714,1383,1807,484,537,691,612,956,1197,2513,1384,1706,589,777,1121,662,350,766,13744,2280,807,454,618,519,726,330,1179,1259,42547,8231,1151,1575,524,526,229,639,745,730,590,1013,1110,410,294,436,560,671,802,382,1311,523,3078,906,407,645,600,2561,537,10249,2179,690,250,331,453,518,952,434,3589,836,457,409,420,447,1370,308,497,955,3610,924,331,585,521,554,373,549,543,843,577,327,990,496,478,300,5971,620,388,6352,1939,1336,964,383,499,408,690,496,270,22792,4712,560,307,673,420,353,510,264,1395,5802,1782,520,380,329,382,441,292,556,754,573,323,515,425,590,394,368,465,458,677,381,628,455,587,387,426,345,560,2324,1026,577,589,404,304,587,524,359,12150,4416,3011,671,422,267,385,474,336,314,551,1870,998,417,398,473,1212,445,254,490,531,610,244,393,541,325,409,248,375,426,395,245,510,329,352,284,405,514,520,481,470,410,302,253,735,296,236,473,2075,1584,851,380,10940,3672,887,424,481,308,624,336,456,666,393,392,251,456,277,422,509,381,404,276,304,249,331,462,477,449,424,260,577,299,468,421,498,392,360,360,350,13252,958,389,300,313,945,2861,1552,583,607,3308,1060,304,474,452,345,350,393,397,238,256,272,408,545,1188,519,537,578,397,317,329,474,562,495,373,457,41341,15429,508,496,418,566,418,402,214,309,9894,3930,1472,3742,2350,619,628,413,318,302,230,523,527,362,3187,3530,737,360,351,294,404,274,385,294,1167,1246,816,332,241,287,379,838,453,322,411,381,331,365,1072,717,327,370,868,1923,534,346,392,250,472,431,298,312,450,398,407,308,1462,773,449,351,340,1353,693,583,475,298,262,344,668,422,640,712,376,539,439,1279,783,2120,1120,1253,1049,598,321,722,1127,1169,705,641,415,438,464,353,2425,1867,1858,1128,2390,2277,2101,875,517,718,957,1439,619,1002,645,1415,729,1602,2800,2722,1970,2254,4589,2653,2435,415,1183,552,3044,4418,2038,686,1332,487,375,2497,2156,5744,6897,3437,525,415,554,365,564,302,968,858,518,462,743,315,462,1169,687,277,353,293,381,613,436,520,490,465,355,530,223,529,361,367,427,309,267,321,318,405,380,407,439,614,351,382,384,423,260,520,339,290,351,357,312,343,350,325,479,322,396,309,273,225,444,212,334,339,291,287,212,389,247,291,202,488,332,380,325,352,297,278,419,274,360,430,412,206,331,310,282,363,376,392,393,313,246,338,271,343,228,296,715,386,357,501,378,280,198,278,415,375,392,366,376,418,276,288,315,346,343,399,252,370,315,295,295,221,263,301,367,319,322,440,300,299,280,338,389,378,380,355,514,301,460,374,235,354,298,310,234,378,570,258,394,278,672,331,304,434,377,245,405,498,332,515,330,416,380,313,412,320,469,339,273,386,393,253,223,262,303,269,252,266,294,341,342,323,327,316,235,455,325,444,438,266,336,315,383,311,319,331,536,428,443,254,513,500,424,329,460,563,456,466,349,690,724,834,1088,834,605,531,559,687,772,1043,1335,1402,893,777,1019,678,962,1130,1360,1667,1868,1921,1232,1370,875,1232,1217,1754,2122,2519,2206,1965,2032,1545,1650,1953,1813,2214,2034,2794,2763,2604,2232,1843,1524,1630,1738,2148,2711,2975,3047,2710,2469,1604,1466,1284,2193,1921,2513,4362,2763,2614,1828,1665,1343,1539,1767,1617,2021,2248,2715,2286,2219,2034,1800,1717,1608,2053,2432,2327,2143,2419,2002,2483,1685,1771,1664,2139,1720,1998,2270,2325,2025,1835,1791,1485,1839,1757,1974,2194,1956,1767,1985,1626,1925,1883,1670,2037,1817,2117,1883,2123,1478,1751,1726,1423,1655,1839,1963,1659,2246,1755,1974,1602,1471,1327,1597,1493,1701,1989,1780,1798,1471,1429,1249,1269,1238,1407,1815,2187,1541,1345,1358,1027,1064,1404,1020,1219,1398,1271,1189,1234,1152,1161,3872,3611,1233,1284,989,991,963,839,992,903,1038,893,1216,938,1142,1188,1010,881,907,1385,3992,5994,6303,4560,3567,1479,1155,759,893,842,748,760,953,5447,5934,4587,2172,887,963,1028,1382,1006,9908,10855,9115,4478,3179,1161,726,717,1996,3118,2940,1559,646,532,573,464,533,3847,10342,10283,7741,3667,2231,745,449,690,660,1199,898,3563,4521,5601,3547,2473,1253,830,478,432,1081,1683,2383,1888,913,708,1965,2189,2504,1901,1115,964,672,598,399,375,383,447,536,675,1043,755,1026,667,533,907,1002,991,905,2770,2662,786,495,550,334,428,362,448,508,708,833,521,877,1864,1774,1342,6510,4676,2607,668,530,688,1226,1257,1336,751,596,565,627,1134,3070,4232,1757,12042,6472,2801,2336,1095,550,425,517,699,873,588,833,831,712,2845,2990,4695,3153,2109,822,618,498,493,587,428,524,739,2394,2489,2378,1787,1146,531,414,856,1331,1340,912,1038,580,518,569,531,478,508,399,765,
50.15,282,375,399,576,3240,687,22836,231385,5666,1039,636,350,1646,13542,1047,15768,2142,1865,442,501,599,5147,9176,869,11327,1583,24245,447,483,734,9494,692,8382,5885,4090,11751,12311,1172,2509,11872,1444,6097,4637,3592,3277,4316,932,4216,10541,1556,3546,1790,741,431,6049,893,2094,4063,885,2491,2710,1011,592,469,2613,1938,1018,4541,1941,1637,787,402,1557,1250,2459,375,2637,1185,1807,837,252,339,825,1453,537,1624,1330,868,34464,2166,384,867,1780,544,1949,1380,1240,584,493,425,520,841,573,3131,793,1355,467,733,1086,433,294,836,14314,2208,687,358,408,401,620,345,682,598,47377,9442,611,801,770,513,236,468,508,644,666,1023,1158,330,372,277,404,454,802,407,1245,771,2826,555,265,589,447,1334,211,12872,1793,683,559,341,498,527,583,375,3709,1032,454,242,423,381,887,279,512,637,3391,1041,221,275,319,417,307,582,354,401,561,410,745,364,557,179,4254,677,388,6649,2677,1158,1115,431,557,368,385,487,328,25387,4708,448,271,474,382,582,574,366,1690,5857,1701,339,334,562,425,378,284,523,599,506,240,431,392,464,364,445,323,432,532,262,444,248,338,276,415,362,400,2188,1011,711,600,289,236,370,850,320,12364,3642,3584,914,562,243,292,358,467,167,428,2082,1223,442,325,219,750,372,236,353,440,478,297,281,247,370,339,285,271,593,458,501,355,164,377,283,287,443,296,630,310,341,1077,264,314,508,216,290,2139,1360,1077,259,9165,2209,798,579,429,403,510,312,462,344,276,302,221,239,270,193,281,592,201,234,275,374,300,386,418,315,471,266,293,277,316,220,276,254,357,509,283,7207,847,260,231,260,320,1339,529,606,391,2170,1081,274,339,394,374,355,266,195,241,136,324,290,397,647,412,359,473,492,228,213,281,427,432,287,394,26742,9833,438,222,305,262,279,352,287,315,6719,2395,775,3565,1502,509,882,291,324,474,185,458,290,235,2843,2875,241,416,364,232,396,233,360,268,375,874,473,210,312,385,445,643,384,413,356,305,222,388,1176,804,374,360,704,1275,531,218,241,248,527,311,363,243,306,600,337,316,754,514,264,276,329,585,364,315,326,348,270,399,643,371,758,660,409,352,323,1086,493,2048,1837,1439,1160,466,215,551,787,1819,792,697,564,509,603,349,3397,2140,2296,961,2842,2101,1669,697,663,495,663,1288,555,924,691,1486,482,1511,2464,2524,2781,2285,4489,1529,2142,313,1044,470,3035,3651,1792,320,884,632,378,2145,2353,5646,7188,2885,393,213,396,191,571,287,688,397,527,338,489,377,434,1093,663,225,281,393,319,279,388,487,264,331,378,443,236,398,392,213,410,343,271,279,246,295,468,370,413,398,422,241,229,300,160,411,162,362,266,225,242,308,239,453,436,393,278,275,203,236,172,223,310,469,289,235,233,278,166,210,330,312,391,246,209,288,345,218,318,334,265,360,366,304,310,346,179,353,273,344,525,323,244,320,521,313,218,313,705,412,272,510,358,296,332,258,285,200,437,253,298,306,193,305,293,480,457,417,262,305,301,277,236,215,247,424,326,242,402,329,340,322,342,371,237,271,364,250,308,382,289,205,277,377,377,435,369,241,267,314,351,202,350,185,302,306,218,259,462,303,196,390,328,335,238,292,194,267,308,249,338,312,426,253,310,283,343,185,299,355,187,320,283,338,369,286,206,255,328,344,387,336,235,289,255,287,280,299,408,325,444,411,369,262,450,437,363,454,643,513,493,447,575,1310,779,1188,835,716,636,586,720,1309,1797,1254,1124,925,776,595,1116,1007,1526,2304,1914,1854,1614,1271,989,1152,1177,1698,1770,2912,2818,2346,1865,1300,1321,1161,1555,1828,2311,2543,2718,2687,1745,1880,1477,1440,1330,1885,1769,2345,3027,2421,2253,1548,1612,1457,1623,1545,1875,1835,2667,2096,1925,1545,1545,1425,1491,1871,1995,2719,1958,1982,1492,1882,1801,1577,1659,1675,1985,1909,2384,2007,1941,2068,1888,2069,1525,1780,2014,2160,1957,2486,1887,1831,1556,1795,1598,1832,1913,2026,1980,1660,1882,1758,1614,1771,1437,1891,1566,1567,1583,1809,1799,1625,1782,1571,1777,1477,1491,1465,1906,1615,1517,1296,1418,1434,1471,1370,1683,2029,1626,1457,1332,1119,1089,1232,1242,922,1359,1539,1499,996,1046,1081,1317,1101,945,1032,1455,1285,918,902,1084,1100,4303,2531,828,982,996,920,884,802,754,661,703,638,928,962,806,804,684,712,742,1375,5308,6174,7882,4931,4089,1236,737,610,626,646,698,671,942,7055,8507,6818,2753,1019,1181,1840,1440,853,6600,8305,6640,2954,2056,1030,418,667,2561,4654,3716,2759,788,568,422,310,543,3707,8512,7647,5765,2661,1708,540,328,489,485,587,615,2502,4354,4607,2826,2073,1032,764,310,404,723,925,1130,626,709,483,802,989,1354,1206,598,766,694,546,254,344,443,311,463,518,690,619,1004,734,646,1028,1036,888,1345,3041,2959,1003,404,465,479,473,323,308,362,823,888,753,722,2375,2208,1336,7596,4951,1972,519,512,1167,1500,1576,1078,765,436,652,606,874,3493,3407,1936,9735,5618,2146,1914,741,587,538,450,577,775,863,889,719,606,3451,3161,4296,3601,2627,677,490,314,496,558,559,423,573,2085,2764,2978,1986,935,365,433,799,1103,1438,1100,708,389,495,350,415,395,433,379,1011,
49.98,281,337,536,493,5652,785,22472,230208,7300,828,543,372,1778,15512,1061,16265,2851,1919,430,621,957,4852,8999,1027,12662,1463,31073,797,813,1501,9419,1259,10050,7310,4059,12142,12941,924,3005,13279,1803,6987,5323,3835,2467,4129,1589,4032,12769,1373,3466,1813,891,781,7262,1314,2275,4692,1388,2674,2458,1222,432,852,3316,2788,1406,5036,2148,2645,1178,417,925,1406,3513,713,2276,1495,1341,888,398,640,1004,1626,477,2212,2013,1149,29367,2330,553,1172,1931,564,1624,2059,2053,600,610,692,669,953,1547,4012,1088,1660,525,814,764,371,500,1042,17599,3189,885,303,809,511,939,329,705,810,59063,12291,834,557,461,542,425,705,859,789,390,758,1574,417,500,380,483,618,650,500,1543,816,1871,691,290,533,885,1681,461,13689,2650,1885,280,417,378,448,832,491,3634,1316,515,373,529,383,504,332,534,559,5910,1765,522,307,413,600,404,605,523,1029,726,291,913,413,429,342,4461,486,449,10256,2238,1954,1036,350,466,483,735,476,380,29270,5455,701,402,717,564,465,523,283,1558,5753,1867,459,461,531,391,647,292,399,913,631,346,673,284,638,354,375,396,372,585,425,611,457,486,351,486,252,535,3332,948,747,700,347,444,373,423,508,13649,6402,3210,716,370,350,381,420,449,362,437,2092,761,325,449,417,594,447,304,501,574,444,308,347,314,367,330,306,562,455,712,430,520,437,464,295,433,549,336,743,516,546,556,443,585,390,551,426,2645,1259,853,419,5337,1595,298,394,516,337,547,522,380,521,281,310,376,676,265,416,535,557,412,284,350,273,468,576,486,516,435,401,568,309,339,448,337,362,549,594,346,5774,547,310,247,476,391,1384,509,494,653,1731,536,223,333,493,543,360,278,246,437,207,264,384,343,975,665,455,503,452,306,355,373,736,721,438,517,22237,6455,546,306,613,519,526,512,406,350,5386,1385,618,3833,2191,447,399,462,349,260,315,717,361,447,1585,1645,304,330,463,345,354,383,302,375,417,849,419,322,265,298,371,1030,361,354,598,431,217,329,705,1150,373,331,746,1407,677,240,293,390,613,361,313,264,318,447,365,330,1411,786,364,352,423,958,512,370,319,389,359,355,714,358,853,438,457,419,355,1308,635,2785,1210,1559,892,587,448,458,1233,1474,763,541,903,610,634,554,3277,2767,1929,1631,2408,1791,2241,684,553,741,1013,1359,597,834,503,1635,617,1472,2482,2548,3857,2602,4209,2131,2102,418,1152,739,3182,5367,2393,481,1144,703,348,2202,3165,4952,7308,3278,608,400,809,396,591,490,1020,974,544,563,690,403,473,1238,565,420,449,337,495,362,353,685,438,405,471,345,288,404,309,324,297,351,295,227,366,290,468,382,719,483,486,361,339,404,281,353,286,299,229,308,397,499,384,335,362,334,388,394,336,307,307,340,432,348,332,403,217,195,228,281,279,315,399,421,339,408,494,242,458,270,378,307,481,300,362,350,239,267,304,470,280,359,312,352,383,347,233,341,778,320,564,669,577,327,373,394,261,418,402,291,528,466,382,331,258,429,510,404,380,394,511,269,219,318,323,409,305,287,349,315,268,369,250,340,287,495,341,340,403,374,526,368,368,284,326,450,425,259,311,537,339,277,465,277,275,353,284,216,322,278,249,502,249,477,347,419,266,330,291,377,440,319,365,400,414,284,316,353,297,301,349,368,271,355,333,344,288,396,460,380,483,546,328,300,404,370,487,349,475,507,545,357,577,530,741,656,710,865,696,460,421,1055,897,1486,1261,1175,1100,910,1022,804,988,1941,2148,1737,1582,1278,1784,1251,1073,1163,1761,2925,2491,2765,2131,2056,1312,1496,1129,1580,2719,2474,3166,2429,2503,2014,2078,1579,1596,1551,2793,2928,3150,3145,2292,2319,2010,1789,1433,1681,2059,2253,2754,2984,2682,2297,1810,1527,1678,1852,2324,1957,2634,2585,2426,2059,1637,1687,1558,2036,2379,2205,2562,2227,2222,1924,2144,1723,1606,1585,2024,1969,2143,2467,2685,2781,2082,2205,1625,2121,2253,1828,2124,2345,2250,1976,1935,2048,1790,2244,1946,1839,2122,1852,2033,1450,2065,1875,1450,1580,1612,1832,1722,1745,1772,1774,1833,1459,1471,1571,1890,1708,1634,1935,1989,1634,1811,1698,1409,1380,1497,1561,2114,1784,1603,1401,1156,1134,1123,1347,1529,1555,1602,1267,1011,866,1204,940,1352,1112,1886,2262,1827,1075,875,1195,3199,3305,1081,1165,794,1130,862,735,762,1013,841,628,1633,1198,1195,1033,752,845,770,1211,6940,10010,9234,6408,4884,1639,894,636,736,872,704,602,994,11401,11435,9802,5120,1500,2315,3353,3740,2930,6013,7290,5485,2162,1934,1142,557,681,4261,6709,5274,3986,1265,544,487,463,538,3228,6544,6684,5106,2712,1499,645,463,551,568,635,444,2331,3422,3721,2157,1675,984,956,517,396,508,668,761,955,917,585,679,670,950,874,587,840,756,549,411,377,424,435,356,424,484,457,698,878,523,1060,1894,1462,1353,3373,3923,1138,553,465,447,518,403,525,407,937,1074,1305,1033,2402,2387,1863,6371,4007,2744,611,544,1505,2526,2704,1674,1306,525,792,721,1117,4279,3827,1922,7752,4325,1940,1416,910,733,632,655,976,1101,901,1242,1087,1235,3635,4063,5307,4031,2045,875,513,437,447,525,563,574,816,2620,3657,2832,1796,1425,629,584,747,1277,1216,1097,1135,442,590,594,581,455,540,518,1124,
49.8,280,433,657,636,4484,558,19214,234651,4546,552,502,332,2426,13787,704,17056,3039,1764,419,357,866,4801,10877,1273,10888,710,32709,423,892,1041,9004,954,9235,5896,3040,12830,11659,1106,2755,12955,1432,7737,4051,3953,2390,2542,1138,3144,9517,1248,3475,2236,910,434,5524,1973,1687,4538,692,1798,2080,1668,550,424,3575,2380,714,4934,1574,1503,1265,292,1311,1646,2511,560,2525,965,2045,1197,488,281,575,1806,506,2063,1082,1387,29966,1589,590,487,1192,605,1483,1078,1681,350,403,486,616,405,1361,4105,1008,1820,436,850,413,431,296,514,19196,2411,969,352,653,588,836,309,532,728,57801,12179,1095,794,518,462,201,493,641,847,231,737,1260,305,534,233,418,717,690,442,1349,943,1418,278,355,470,418,827,314,14366,1965,576,241,350,342,424,392,588,5398,1154,452,285,365,409,415,394,547,565,3975,1125,363,220,357,586,250,772,281,591,505,301,653,426,588,211,2096,613,411,8584,2536,3029,441,344,408,464,331,502,214,28430,4928,677,276,665,606,403,490,262,2472,5769,1906,866,455,563,394,549,314,397,663,585,227,346,379,479,226,295,897,612,621,438,619,383,246,242,372,298,548,2499,1364,1101,728,307,369,346,469,464,12880,5360,3967,588,428,378,449,309,452,248,463,1906,692,284,320,239,251,297,323,331,341,527,312,403,271,380,466,286,406,493,586,254,441,449,278,283,342,321,247,1163,513,362,388,240,652,312,327,378,1722,1598,786,453,3503,783,300,401,266,303,485,366,369,471,468,358,263,367,254,360,478,330,271,176,164,283,322,405,506,239,355,267,351,415,263,307,310,434,245,597,443,2766,407,316,184,227,344,437,584,278,321,899,256,310,344,725,450,204,278,311,270,381,293,361,446,814,616,363,339,462,224,232,210,967,728,310,305,8716,2874,299,482,639,324,430,263,368,411,2788,990,494,3574,1227,266,460,458,300,299,351,290,269,305,1151,1356,190,292,416,226,263,258,291,236,380,523,258,263,286,280,237,605,302,393,325,408,234,424,485,1152,399,263,461,889,404,317,235,318,762,284,281,486,224,470,415,335,1025,826,297,273,177,1106,401,495,321,336,322,327,290,362,861,369,419,382,331,1228,592,2667,1570,1016,695,520,324,556,1153,1086,744,449,578,500,520,375,2937,1575,1777,693,2111,1975,2038,775,445,525,821,1839,459,873,397,1444,838,1663,2763,2815,2321,2127,3781,1491,1641,479,1124,463,3145,4140,1695,738,936,674,301,2444,2647,4858,6651,4137,397,421,575,294,569,487,871,958,572,271,567,557,299,1107,422,389,474,384,351,633,243,344,373,323,259,358,280,398,257,314,537,332,303,464,378,257,447,470,332,375,555,146,222,320,325,429,382,180,281,346,246,414,197,306,291,333,284,191,188,215,251,228,271,316,295,247,287,233,333,266,246,342,420,442,234,212,450,177,267,183,307,365,309,269,369,385,273,466,428,532,274,300,297,314,282,234,291,281,776,393,434,632,394,522,331,256,260,466,446,425,374,402,365,254,288,338,324,258,241,270,342,331,251,305,241,284,396,348,389,291,278,230,258,272,296,369,317,339,335,355,269,284,308,411,247,436,259,331,313,280,432,341,336,267,295,299,301,453,369,382,258,274,254,266,369,408,260,317,462,434,300,236,306,373,433,269,310,211,317,369,309,391,432,346,290,295,280,265,340,389,527,385,287,322,534,482,585,278,702,439,394,399,452,639,847,722,591,689,491,671,553,902,1370,1786,1559,1571,1054,865,1043,799,1363,1820,2553,1414,1456,1660,1350,1208,1291,1441,1871,2664,2820,2812,2533,1804,1752,1525,1253,1520,2096,2201,2991,2650,2094,2031,1939,1688,1617,1444,2211,2589,2679,2365,1972,2330,1782,1706,1610,1646,1991,2459,2813,2123,2397,1885,2041,1544,1597,1630,1546,1629,2159,2607,2118,2520,2005,1731,1572,1783,1510,2003,2320,2328,2671,2069,1979,1818,1966,1475,1984,1528,1897,2382,2881,2331,1992,2053,1691,1661,1840,1715,2082,1835,2188,1875,1903,1584,1518,1355,1793,1431,1479,1660,1607,1897,1536,1726,1443,1614,1654,1963,1305,1613,1561,1588,1670,1164,1341,1287,1457,1501,1636,1567,1962,1197,1439,1040,1138,1069,961,1473,1310,1611,1191,1380,1107,926,1038,1198,1252,1291,1227,1320,1074,992,850,852,862,789,2966,2977,3046,1148,759,1066,3498,2864,964,885,751,892,898,817,802,644,899,890,1233,1278,1232,813,659,741,901,1122,6121,8431,9034,6817,3762,2000,726,643,738,474,545,379,878,12018,11879,10283,4672,1188,3599,4556,5433,3299,3610,4282,3444,1738,1223,706,520,401,4178,6418,5212,3478,1446,848,435,492,406,1284,4000,3339,2883,1549,578,323,246,542,255,633,339,1581,1544,1931,1173,842,435,404,404,280,413,657,625,692,615,564,428,349,685,1000,492,846,676,640,452,395,277,337,433,327,658,480,1068,769,443,1062,1867,1931,1515,3409,2915,1392,735,533,364,547,365,423,449,1633,1350,1224,1257,2828,2866,1783,5850,3268,2308,524,791,1918,3295,3833,1663,1317,563,617,838,1601,3766,3773,1791,5559,3486,1304,1034,511,710,566,674,1037,1134,725,1355,1409,1277,3116,4934,5930,4242,1989,795,582,394,358,408,296,544,683,2004,2628,2543,1776,957,534,649,725,1083,1607,1050,640,521,437,381,525,511,321,294,565,
49.62,279,468,1250,761,6736,754,22019,229386,7310,1471,405,489,2921,14946,1425,15865,2276,2133,458,482,1283,5323,10425,1217,12546,918,29208,615,808,1595,10404,1440,10671,5954,3404,12680,14302,1438,3402,12061,1636,8117,4582,5488,2833,4154,1253,4446,12404,1401,3366,2168,793,469,7206,1563,2124,4695,1038,2477,2156,1677,601,552,5083,3179,1279,5054,2179,2113,957,493,1213,1245,4053,875,2889,1009,2112,775,578,571,927,1903,613,1680,1682,1084,30675,2478,485,1739,2735,526,1355,2191,2582,796,666,579,977,849,835,4970,1317,1756,430,688,786,550,384,851,20294,3220,712,427,709,391,559,226,459,729,60170,11964,1609,805,477,583,234,520,700,1030,627,903,770,389,544,403,397,490,998,475,1593,1082,1401,447,434,557,439,627,483,15483,2649,1255,339,571,603,642,685,442,4721,1226,541,454,603,459,611,403,731,576,4435,1633,441,379,407,501,272,552,574,372,643,301,1056,444,625,323,1306,496,516,8855,3051,2249,1058,386,811,569,562,517,316,28529,6076,850,362,533,492,486,608,317,2054,5372,2141,834,591,543,408,435,259,353,1324,633,468,736,404,548,269,428,321,532,766,353,640,374,515,415,546,341,405,3326,1138,815,627,428,324,481,509,529,14368,6217,3747,631,385,393,397,436,455,270,600,1673,713,375,343,288,407,512,307,494,588,495,268,309,362,308,393,428,460,654,751,482,688,348,403,351,413,392,335,787,441,721,507,446,670,400,349,454,2973,1073,1418,327,1791,515,293,600,405,307,648,562,457,739,557,290,372,351,294,287,345,513,302,481,302,356,422,442,429,339,470,370,355,304,305,335,262,349,344,558,260,2364,432,368,243,280,352,487,464,334,298,815,493,263,475,687,515,293,339,375,324,366,226,369,472,917,494,456,352,681,353,285,368,661,945,558,461,4841,1472,286,366,505,441,442,365,262,327,1609,593,586,3085,1401,283,303,456,392,299,266,420,423,403,692,770,276,249,469,296,288,368,362,387,496,354,300,267,307,480,370,712,490,393,579,392,312,428,638,958,462,428,528,1635,980,193,336,352,337,413,424,256,354,426,277,505,1617,640,576,414,332,1143,416,462,351,418,332,326,671,324,717,569,538,490,380,1516,524,2423,1168,1466,847,687,207,604,853,1294,866,942,450,649,787,407,2530,2041,1924,797,1861,2155,2357,727,702,854,1558,2005,467,1077,564,929,746,1538,3014,3373,3297,3100,3285,1906,1405,629,1424,608,2957,4331,1986,379,1212,901,393,2333,2901,4776,6307,3200,480,453,716,529,538,495,883,980,652,478,903,378,375,1433,810,374,416,306,466,436,320,585,440,354,316,401,460,395,412,267,348,410,321,336,547,354,532,487,341,712,502,332,371,300,308,295,318,315,329,259,306,352,292,358,442,355,382,291,310,235,294,281,314,357,520,375,270,239,362,284,356,449,510,453,210,428,311,232,245,193,385,482,350,248,414,415,505,273,459,526,331,405,295,376,324,299,395,253,732,401,436,493,456,373,290,193,281,258,392,383,469,296,264,318,255,272,572,639,334,420,364,360,347,253,394,276,464,334,293,308,337,259,302,379,338,382,412,363,270,222,421,372,259,464,326,303,383,398,273,393,484,461,326,285,319,375,414,354,385,407,261,526,256,508,438,306,397,240,320,413,453,389,464,397,586,399,327,307,390,322,390,365,352,328,355,526,496,587,470,442,463,439,487,587,1279,1119,748,594,644,799,679,630,713,789,1173,1122,955,1044,690,932,837,1279,2593,2301,2311,1877,1789,1472,1432,886,1615,2433,2958,2352,1915,1638,2336,1548,1325,1438,2322,2509,2918,3201,2394,2338,2278,2137,1488,1603,2043,2719,2724,2995,2788,2433,2523,1905,1581,2012,1893,2557,2411,2471,2330,2790,2706,2120,1560,1536,1685,2397,2693,2883,2530,2307,2351,1988,1924,1725,1873,2105,2140,2628,2982,2491,2220,2249,1928,1639,1887,2101,2202,2331,2456,2448,2261,1795,1875,1527,1830,1975,1914,2469,2723,2677,2145,2316,1974,1956,2049,1995,1811,2223,2587,2023,2029,1606,1995,1446,1797,1611,1789,2001,1795,1808,1828,1725,1403,1585,1507,1804,1677,1532,1451,1618,1631,1541,1329,1065,1202,1215,1845,1550,1628,1465,1140,1036,1448,1228,945,1746,1387,1569,1355,1381,828,967,856,1052,1322,1556,1319,1162,1079,1096,1073,913,990,967,6709,7210,6930,2191,1494,856,3928,2783,1032,934,846,744,946,865,933,687,801,1823,3208,4166,1893,1042,659,774,701,1411,6071,8922,9299,5559,3841,2960,1620,1158,616,565,712,520,1084,10993,13079,10762,5076,2212,4676,6566,7696,4915,3217,2692,1835,879,1192,768,524,559,4008,6307,5329,3963,1408,1040,496,281,429,1208,2682,2594,1920,1062,774,332,322,504,465,578,586,1107,1327,1343,959,798,509,445,380,333,448,466,561,715,550,650,698,568,975,665,571,1397,1403,799,480,457,569,666,645,406,704,538,1472,748,1171,1749,2375,2031,2993,3553,4024,1863,977,1144,739,674,564,874,823,1924,2243,1980,1833,3217,2859,2456,5113,4146,1683,687,798,2568,5580,5310,3853,2303,1197,1140,1497,2423,4392,4015,2280,5115,3137,1390,1120,652,1441,700,776,944,1070,1536,1490,1575,1658,3866,4787,5412,4144,3047,1163,741,384,531,464,603,736,770,2410,3054,2544,1428,978,390,425,929,1012,1136,1039,800,404,379,539,400,382,450,250,391,
49.44,278,451,1561,553,4776,755,26262,227030,7700,861,480,300,2352,15611,884,16850,2171,1409,445,818,1362,5211,10812,972,13934,1084,27625,545,620,1287,9173,851,9619,7495,4023,12959,13908,1216,3099,14731,1080,5329,4396,4382,2206,3625,1697,4075,12912,1404,3460,1455,1148,336,5730,1113,2327,5153,1191,2794,2706,1256,329,604,4096,2687,1409,6466,2501,1456,1090,202,956,783,2918,730,1891,1250,1790,822,402,742,653,1493,354,1594,1270,930,28657,2087,624,622,1652,546,1019,1224,2343,353,428,615,1407,495,912,3306,1108,1791,336,481,685,360,268,670,18659,2733,827,295,655,438,550,322,502,823,52237,11777,579,423,214,467,246,511,519,729,502,700,1673,411,363,255,443,493,685,266,1686,650,1261,350,297,310,412,794,398,15463,1344,726,263,302,310,513,739,422,4668,702,502,270,728,425,645,354,367,559,3569,1207,322,299,390,424,308,471,359,463,520,286,970,295,327,276,789,503,365,7110,2788,2465,872,269,459,433,609,601,405,27476,5828,456,263,710,382,344,341,289,2076,4533,1638,885,424,352,359,505,331,588,593,397,231,566,306,357,222,205,403,850,500,523,499,270,322,260,574,303,664,3437,877,567,659,548,278,262,768,316,13396,4609,2584,383,293,226,550,297,360,236,366,1329,597,199,281,321,381,581,235,344,430,344,221,344,385,220,381,467,291,378,709,407,429,201,272,236,317,278,420,844,384,413,385,253,733,294,356,394,2043,1035,934,360,714,307,262,443,318,220,616,282,361,279,281,294,263,199,271,283,284,537,317,253,390,320,398,423,415,299,499,451,227,294,307,337,259,231,221,240,371,427,360,258,280,558,403,588,310,688,221,638,274,264,320,444,283,283,573,301,453,192,166,348,336,904,555,715,371,444,220,228,290,677,783,343,326,1536,462,193,668,268,398,248,237,269,296,847,337,382,1932,682,261,268,361,220,264,232,300,292,360,399,436,276,352,357,324,180,323,368,272,212,424,264,353,253,187,292,590,667,185,257,292,141,311,389,1096,542,510,718,1051,704,173,294,405,748,337,370,265,287,452,303,391,1261,516,257,278,243,962,584,356,298,398,258,362,499,394,426,694,610,508,236,1206,668,2299,845,1063,905,499,185,745,838,1354,729,436,593,550,623,479,2640,2113,2184,1418,3268,1747,2232,701,424,389,1184,1248,686,641,785,1146,474,1652,3041,2180,4093,2691,3069,1645,1322,510,1387,1036,3807,4718,2089,360,986,916,438,2966,3119,5154,6308,2621,569,406,371,438,553,330,784,722,625,337,517,352,615,1466,627,316,383,268,404,442,303,607,314,320,331,361,302,443,464,322,589,286,247,231,339,353,394,351,261,620,279,275,345,344,201,340,422,214,287,248,283,376,306,289,467,231,411,273,334,307,308,184,700,376,459,325,258,257,321,297,236,407,257,304,183,307,259,162,232,344,346,293,347,326,490,310,230,378,241,433,300,312,215,302,194,282,396,187,512,425,337,311,368,285,253,185,155,344,279,251,222,284,422,314,342,334,587,391,435,519,585,235,275,297,393,561,308,239,282,304,313,303,250,274,259,242,299,408,272,266,281,342,399,469,296,340,270,349,327,292,338,212,271,422,430,603,363,247,252,381,258,233,289,433,291,451,204,229,275,330,377,277,640,644,600,326,408,306,517,270,412,319,444,505,436,595,459,522,618,382,409,545,396,488,1086,1093,826,749,568,744,882,667,850,1231,1226,1466,1591,1325,880,948,780,1394,1839,2223,2270,1841,1535,1700,1235,1434,1398,1615,2707,2048,2642,1824,2284,1747,1797,1603,1768,2564,3033,2713,2591,2804,2450,1759,1654,1573,2196,2072,2716,2270,2814,2566,2315,1909,1678,1929,1690,2109,2247,1961,2152,2422,2133,1947,1467,1551,1688,1941,2307,2558,2305,2641,1969,1840,1586,1306,1919,1979,2018,2152,2259,2494,2173,2322,1726,1473,1598,1720,2491,2348,2275,2589,2685,1892,1873,1508,1767,1619,2171,2386,2847,2596,1974,1827,1772,1666,1547,1438,1887,2494,2195,1591,1650,1295,1466,1351,1726,1708,1633,1668,1451,1359,1510,1333,1478,1376,1378,1383,1358,1694,1418,1507,1474,1220,1052,1014,1223,913,1587,1393,1658,1377,1345,1151,1091,1190,916,1253,1543,1054,1118,1103,925,766,791,897,1309,1342,1211,1061,885,771,881,1040,885,875,9356,10279,7835,3530,1698,736,2455,2068,758,699,933,738,728,551,729,488,669,2564,3506,5054,2795,1612,822,754,607,796,4905,6168,7111,3960,3411,3599,2059,1239,534,450,801,383,644,9667,12059,9786,4701,2116,4684,6385,7254,4424,2966,1370,1036,643,614,443,466,420,3451,4584,4160,3076,1184,637,442,437,434,686,826,711,861,615,644,367,309,438,401,386,396,704,679,884,705,392,406,381,253,407,462,310,484,1029,719,912,678,558,1068,1049,562,1507,1564,1253,467,699,476,494,404,525,852,686,1387,1209,890,1937,2198,2291,3654,3484,2092,1468,947,1110,640,792,359,562,1094,2493,3143,2250,2508,2613,2563,2314,3348,2073,978,838,632,2631,5639,6777,5760,2562,1066,1228,1267,2188,2928,3048,2672,2358,1499,680,1071,479,1578,907,815,1084,1352,1388,1226,1728,1383,3800,4757,5330,3450,2621,851,703,252,401,341,387,781,467,1638,2211,1493,1061,756,477,603,376,819,865,560,565,255,359,341,333,372,406,280,371,
49.26,277,713,1633,521,5418,743,24014,234122,5077,879,382,507,1745,16107,1405,14947,2533,2375,475,503,1076,5665,8867,1463,11650,1037,30735,493,677,1416,9816,1295,9607,6036,3948,13928,14278,1172,3194,13827,1354,6638,5037,4438,3141,4861,1840,4892,12889,1624,3517,1739,1144,358,8134,1666,2255,5313,1159,2604,2361,1567,546,1221,4788,2666,1607,5935,1922,2350,773,352,860,1519,2706,574,2500,1118,2253,1045,545,655,772,1825,524,1398,1228,968,25780,2673,777,1293,1863,502,1477,1622,2380,616,530,682,603,764,1018,4361,1221,1789,535,600,326,551,485,899,16488,3001,776,405,828,418,587,379,639,1010,46425,9347,1172,693,552,575,290,766,735,953,392,806,1068,314,568,295,443,457,689,476,1482,906,1531,290,373,523,612,499,485,12421,2520,797,327,398,330,420,679,447,3655,1401,577,358,732,339,601,232,838,669,2773,1159,235,330,422,419,344,525,344,784,507,455,1065,385,545,281,402,537,441,6870,2905,1461,964,442,485,683,662,403,369,23786,6357,673,417,986,597,428,696,320,1907,4676,1321,407,370,411,411,675,297,339,1129,601,383,411,649,515,322,286,411,587,609,568,731,811,545,229,366,419,733,2280,1129,507,642,333,439,330,470,465,11506,5047,3167,503,463,308,349,441,415,284,566,1913,557,325,359,417,301,441,268,593,419,430,294,354,408,307,353,342,497,605,678,365,620,348,374,385,265,267,527,727,443,626,618,340,747,407,472,356,1922,1079,929,571,393,259,424,270,415,445,933,507,339,1007,577,365,392,751,342,403,529,609,344,236,315,333,646,728,439,453,471,409,416,432,352,305,292,497,334,649,308,586,457,414,272,398,339,484,290,593,639,472,269,305,358,491,577,337,948,291,374,294,303,500,455,1460,552,595,516,646,476,308,443,637,1435,457,508,789,482,324,468,423,833,365,481,515,343,1056,334,454,1260,1379,544,376,372,259,459,223,408,316,368,281,449,411,382,453,306,257,428,507,330,298,390,366,380,282,420,412,949,921,378,426,518,192,383,756,1237,450,382,829,1118,924,243,403,364,1000,392,356,486,384,468,499,297,1251,917,430,477,392,1378,495,590,370,378,453,265,1020,704,678,435,427,445,471,1450,834,2402,1394,1373,673,691,343,742,1199,2263,703,498,754,717,601,402,3504,2079,2588,1156,3078,2564,2240,701,893,527,1280,2093,681,1151,506,1413,775,1976,3125,3680,4202,4053,3128,1258,1549,459,1779,825,4226,4364,1879,366,1632,1127,563,3314,4963,5319,6643,3444,602,517,737,605,808,496,1197,848,704,459,796,743,802,1699,1224,434,332,380,449,566,349,852,424,415,393,422,333,536,432,296,418,349,304,343,420,468,343,452,317,463,342,341,298,413,298,436,277,279,286,494,361,410,286,361,434,403,281,296,362,324,343,242,299,436,339,358,247,335,436,391,290,495,747,350,395,311,373,173,377,284,356,451,568,356,411,306,379,290,373,480,419,481,318,438,307,345,316,308,761,417,501,494,447,343,293,257,326,367,470,346,613,414,449,285,297,470,711,729,320,500,431,267,308,268,310,367,315,294,334,403,461,295,389,437,289,441,341,304,308,313,214,422,352,425,471,305,436,397,251,489,611,310,342,394,420,474,407,491,388,524,461,371,322,371,400,497,426,392,396,347,407,519,797,659,685,414,622,553,416,358,490,438,679,763,807,1080,863,837,718,588,752,579,736,677,1459,1547,1586,838,1236,1023,1010,849,1435,1659,1904,2350,1959,1631,1358,1214,1042,1442,1964,2713,2635,2736,2299,1911,1786,1202,1405,2308,2474,2076,2968,2552,2700,2233,2011,1833,1710,2083,2204,3027,3001,3427,2727,2475,1984,2071,1866,1962,2221,2283,3098,3178,3108,2164,2136,2477,2159,2000,2152,2796,2980,3037,2516,2239,1737,1767,1919,1866,2273,2201,2881,2732,2737,2241,2186,1913,2036,2411,1995,2140,2590,2402,2253,2232,1962,1968,1948,2336,1964,2052,2769,2253,2319,2323,2043,1773,2041,1778,1789,2341,2609,2749,1964,1920,1516,1439,1430,1848,2082,2234,2670,1933,1778,1707,1480,1627,1700,1395,1943,2388,1822,1632,1397,1525,1390,1524,1515,1444,1216,1558,1459,1471,1380,1119,1047,1074,1042,894,1497,1786,1578,1191,1163,911,936,1353,954,1019,1431,1301,1138,1079,851,1049,988,913,1534,1380,1331,961,929,1027,1051,826,878,1053,13878,16277,13096,5719,3101,996,2200,1823,965,762,796,843,663,560,792,547,637,4227,7400,9782,5943,2099,1412,642,484,842,3596,4606,4546,3278,5808,5649,2914,2150,760,498,496,398,718,8848,11239,7317,4220,1949,5827,6772,6846,4086,3069,1284,784,558,500,503,363,510,3486,4879,4042,2975,861,550,344,331,394,317,687,658,697,557,441,430,293,586,605,729,530,896,816,677,861,739,496,381,497,356,588,761,691,911,780,826,765,731,1332,1345,827,2641,2523,1852,1142,1198,678,844,695,663,1015,954,2095,1785,1538,2920,3253,2136,7121,3600,3249,2809,1636,1360,820,863,577,766,1412,3968,4050,3677,4184,3296,2730,2356,3237,1857,894,947,1160,3391,6794,8787,6108,3931,1693,1567,1572,3740,2922,3391,3681,2053,1709,927,939,912,1924,923,1150,887,1402,1524,1693,2046,2018,4042,4103,5346,3550,2294,1135,672,417,567,389,444,648,543,2140,1815,1628,1077,845,457,453,763,781,780,667,500,348,347,478,580,308,487,259,295,
49.09,276,789,1281,650,4580,516,19229,205917,5214,823,464,389,1286,13314,923,14193,2193,1646,710,505,588,4381,9868,1823,15120,685,26624,343,747,1898,8515,957,8790,4329,2808,10781,15863,1284,2378,8932,1377,6153,3297,3594,2500,4335,1214,3673,10952,1166,3138,1478,888,310,6266,796,2003,4629,728,1813,1458,1304,406,833,3718,1764,1086,3772,1633,1923,659,418,764,838,1956,547,1448,743,1256,621,331,788,975,1340,425,1808,1770,1060,28553,1585,863,1863,1979,506,1717,1893,1694,430,526,559,415,604,1050,3680,858,1706,407,557,432,781,459,706,16071,3101,655,291,474,428,426,245,1240,517,38993,7405,805,474,275,504,434,558,455,695,564,563,1505,488,277,229,574,517,764,358,1749,576,1221,358,331,583,515,755,535,14496,2561,860,311,367,520,513,598,429,3727,1165,453,441,473,334,454,343,486,709,3048,866,268,518,445,375,204,427,421,532,352,322,629,420,336,216,550,604,519,9025,3517,1720,1102,416,436,420,441,488,200,25306,5015,907,260,687,309,1031,527,348,1040,4890,1974,435,345,439,366,359,450,544,1035,396,264,364,378,606,183,407,363,390,783,316,635,507,395,188,287,322,354,1943,937,1260,751,484,262,307,462,337,12653,4736,2457,538,307,228,326,552,452,223,403,1141,667,274,370,467,288,450,262,390,581,425,447,384,304,698,466,585,450,726,655,292,494,243,256,290,254,305,365,714,367,473,570,233,770,435,412,496,1503,1072,970,466,319,257,310,327,413,147,712,333,286,697,264,386,368,403,247,557,604,680,273,268,255,307,317,907,606,349,459,415,480,289,289,243,301,320,233,519,243,262,372,287,306,407,437,654,222,428,422,464,230,311,279,396,327,369,792,285,304,256,202,545,482,1457,473,631,695,614,329,208,489,969,863,622,261,354,435,282,692,489,497,459,406,178,274,432,267,299,1439,501,458,314,450,317,227,332,366,271,326,280,342,294,192,277,381,278,342,374,273,272,241,307,168,269,321,301,1360,497,325,950,520,286,202,391,791,898,377,709,1419,489,269,375,355,688,235,290,261,243,577,411,409,1760,715,526,317,333,798,394,399,269,296,244,355,1058,755,625,502,668,492,376,1479,672,2772,1287,1453,819,505,324,646,932,2213,1107,413,519,576,844,537,3533,2460,2566,977,2779,2978,1815,1382,1459,835,1489,1422,877,750,566,1204,798,2380,4266,3041,4519,3647,3489,1085,1547,447,1572,985,3183,3841,2061,297,1767,968,713,3030,4217,5829,5729,2466,677,641,696,346,646,535,732,707,508,501,785,660,862,1808,605,350,462,361,308,360,290,377,683,378,487,460,303,501,283,314,341,284,302,366,428,355,396,435,314,604,381,266,319,426,243,383,324,271,237,303,309,335,285,347,442,288,273,229,359,363,234,290,479,304,390,266,232,263,337,287,240,363,579,394,304,380,203,313,184,286,732,596,373,277,297,245,222,216,354,446,345,313,291,455,258,367,242,388,604,495,428,409,503,321,327,291,195,378,363,401,584,397,371,310,358,380,1126,957,341,489,240,272,238,221,387,336,460,214,484,316,320,309,342,349,252,299,284,360,200,281,264,286,341,297,347,345,349,356,247,333,550,242,322,453,320,345,450,635,494,439,345,493,251,372,250,376,432,458,332,366,299,537,499,419,620,390,853,522,523,571,544,480,552,810,831,1259,1023,853,579,799,816,536,558,1021,1740,1589,1416,825,1102,1227,1002,887,1060,1693,2522,2623,2596,2137,1281,1405,1143,1140,2046,2380,2905,3454,2132,2483,1841,1343,1245,1516,2086,2365,2887,2863,2819,2512,1944,1673,1379,1735,1770,2450,2526,2857,3055,2267,1805,1677,1495,1718,1834,2125,2826,3189,3163,2384,1984,2611,2295,2005,1676,2332,2805,2801,2675,2619,2059,2113,2179,1568,2630,2324,2866,2927,2480,1920,2306,1930,2262,1977,1806,2137,2181,2162,2061,2323,1472,1743,1865,2182,1898,2308,2521,2181,2136,1753,1897,1865,1673,1311,1846,2305,2622,1939,1541,1667,1793,1371,1450,1509,1903,2228,2135,2014,1926,1163,1493,1548,1319,1527,1712,1395,1311,1464,1202,1499,1071,1293,1038,1309,1046,1021,1109,1164,1418,975,1092,744,1138,737,1317,1261,1177,1042,1090,820,1171,1864,1857,1450,998,1045,1007,964,983,959,899,963,976,1358,1350,1015,888,1068,918,712,748,912,16031,17659,13557,5990,3413,851,1737,1637,983,818,937,508,722,525,738,409,622,5084,8455,10847,6884,2831,1624,532,419,819,1896,2647,2332,2969,5256,6322,3471,2374,595,518,373,430,625,6891,5947,4936,2394,1345,3469,4557,5514,3192,2149,1082,627,276,469,414,285,405,1740,2744,2449,1474,606,439,387,352,325,299,450,486,367,377,414,399,639,547,435,620,431,722,704,1157,774,664,475,341,247,423,476,498,768,809,673,884,814,770,1550,1248,686,2796,2489,2002,1146,1521,981,713,794,704,1156,1559,2875,2738,1547,3881,3818,2320,9349,3481,2668,2745,1767,1269,897,1053,557,866,1487,4556,4894,4706,5183,4246,3070,1760,1497,1248,987,793,1224,3260,7214,9560,6603,4740,1745,1562,1604,2931,2222,2648,2426,1921,1095,917,863,789,1985,1309,841,781,1005,1232,1056,1486,1218,2438,3674,4251,3082,1422,918,468,366,386,540,262,554,806,1542,1144,1143,777,547,522,358,318,506,702,349,444,370,186,358,447,406,189,195,262,
48.91,275,995,1403,611,6084,721,22925,241061,6274,1388,395,615,2639,14583,1314,17490,2718,2296,597,821,1066,5039,11443,1455,13918,944,32934,357,591,1924,11493,1519,9707,6170,5169,14354,17537,1168,3999,14132,1910,7979,5970,4477,2132,4733,1006,5624,13046,1704,3268,2449,1010,464,6671,1851,2784,6387,814,3113,2159,1305,340,603,5574,3057,1178,5035,2639,1998,887,376,983,2184,2256,562,2628,1404,2259,784,413,566,931,1633,486,2016,1979,1107,32501,2683,717,602,1963,581,1868,1717,2201,533,572,746,1168,1143,939,3761,1156,1468,550,530,651,879,467,747,15578,3227,821,484,438,616,420,409,900,965,39824,8353,898,763,450,393,335,568,995,1098,524,523,1177,454,524,581,605,679,817,348,1640,1042,999,426,546,556,722,709,353,13721,2328,938,342,383,582,587,669,420,4170,1003,501,448,509,685,687,477,540,648,3086,1044,347,317,488,667,381,491,554,476,876,287,1235,548,546,447,602,542,504,9012,3243,1771,830,418,551,478,629,312,282,26382,6122,955,273,1190,428,624,717,378,1045,5091,2207,496,409,339,539,538,512,808,1174,736,320,710,476,716,327,590,628,812,573,432,858,498,914,413,479,485,561,2700,1061,1054,593,478,352,398,659,477,11622,4508,3584,765,436,397,456,541,522,329,426,1370,781,399,298,432,473,628,293,458,617,738,302,365,314,433,402,575,725,347,736,513,634,634,440,222,348,420,430,593,584,631,385,340,857,562,593,305,2195,990,782,577,438,258,323,304,408,341,1059,461,474,650,533,379,427,473,270,688,506,720,383,264,281,403,358,795,876,372,535,495,552,434,481,440,389,427,347,737,450,448,454,566,303,324,503,781,430,811,355,483,339,488,370,563,535,648,1442,532,409,416,396,614,688,1411,585,578,999,607,428,293,445,609,1342,425,351,524,518,309,387,678,506,315,482,470,322,530,490,426,782,537,267,340,395,426,324,263,526,383,346,355,472,290,317,398,348,343,450,439,279,338,672,335,307,404,401,403,1256,490,320,528,831,398,452,278,1155,610,479,562,1198,509,274,305,377,760,459,326,346,262,1011,449,294,2088,837,523,473,352,1255,553,405,317,360,322,467,1085,531,888,780,565,603,510,1899,571,3376,1623,2103,1063,784,409,793,1432,1910,1080,820,788,761,731,525,4285,2232,2972,2157,3704,4744,2673,702,582,662,1831,1994,943,813,608,1645,956,2049,5352,5378,5113,3320,5179,1278,1414,809,1801,924,4136,4477,2563,512,1686,1319,717,3747,5398,4535,6924,3843,525,434,863,535,687,664,1194,919,558,438,1218,895,1116,2498,1478,456,396,312,458,605,647,698,450,596,385,400,407,454,321,298,532,326,340,317,336,523,301,736,423,592,364,396,417,355,316,378,435,322,249,387,352,310,384,589,507,339,282,386,305,347,457,300,550,452,449,311,406,221,352,295,309,462,559,321,350,324,288,200,279,274,445,381,567,309,409,306,284,211,271,454,321,481,329,375,424,421,312,305,978,381,363,370,597,547,232,241,272,354,458,297,555,584,400,373,291,675,1012,759,427,483,641,453,385,312,393,320,497,325,414,292,388,309,288,326,331,420,500,389,414,439,429,523,308,376,342,407,422,322,483,325,616,366,586,456,799,744,550,736,460,738,658,437,376,452,463,496,468,789,584,763,483,569,943,590,842,622,881,868,800,701,779,657,824,1226,801,2090,1136,1454,1175,1382,944,1121,730,1151,2549,2195,1975,2051,2031,1506,1314,982,1686,2226,2918,2947,3510,2797,1943,1827,1204,1347,1761,2799,3226,3543,2498,2617,2197,1564,2109,1447,2057,3101,2994,2890,3312,2818,2301,2018,1793,1658,1829,2657,3204,3232,3259,3225,2922,1876,1915,1726,2232,2126,2993,2948,3415,2560,2726,3239,2392,2432,2211,2695,2786,3116,2373,2573,2410,2296,2055,2150,2557,2413,2570,2930,2850,2269,2453,2250,1831,2030,1906,2017,2267,2605,1964,2357,1936,2168,2185,2034,1822,2212,2237,2422,2290,1880,2192,1666,1955,1663,2093,2403,2373,2316,1874,1723,1295,1689,1516,1487,1914,2581,2023,2100,1826,1619,1334,1270,1307,1347,1601,1438,1394,1456,1444,1148,1140,1223,1161,1343,1240,1132,1182,1216,1277,989,960,1027,1147,774,1121,1235,1026,965,784,1146,2915,4198,4162,3563,2119,1235,987,956,843,858,877,930,1384,3319,3458,2138,1084,800,869,818,772,991,15282,17576,16317,5044,3753,1006,1289,1457,1047,1627,1324,997,530,621,698,545,580,6179,10878,12685,9960,3530,1724,727,539,791,1275,1675,1700,4152,6836,7659,4007,2852,1416,749,509,407,710,4667,4516,4169,2442,1162,2817,3466,4080,2545,1472,814,597,507,451,512,304,596,1792,2023,1352,1497,594,556,487,482,551,314,391,334,425,456,402,364,322,713,776,690,814,936,859,1222,2071,2234,672,412,493,403,989,715,780,919,1053,1029,1491,1433,2109,1955,890,2705,3393,3207,2546,1918,1096,902,1088,1630,2364,1805,6140,5208,3074,7530,5764,3047,13627,6571,3488,3696,2121,2028,1410,1039,655,1451,2102,6161,6947,5516,5853,4647,3251,2335,1772,1004,991,1048,1823,3417,6360,9693,6270,5836,2291,2022,1783,3222,2096,3221,2848,1742,794,755,829,1026,2015,1139,899,879,1024,1275,1386,1531,1476,2824,2864,3685,2622,2062,629,548,401,407,326,420,520,603,1096,885,671,627,432,363,467,478,524,503,418,226,268,257,390,323,287,524,395,255,
48.73,274,766,951,374,4088,701,25266,244415,6574,732,430,448,1869,16855,1427,15972,2078,2689,330,661,840,4392,13137,900,14856,918,31081,337,399,1125,10749,753,10062,6729,4743,12475,16939,1143,3491,14410,1193,5976,5183,2743,2105,4159,1205,4707,12291,1475,3403,1842,646,353,7047,1341,2198,6179,986,1690,2063,1576,510,763,3561,3100,1238,5892,1819,1986,720,315,733,1636,2480,430,2701,979,2044,643,263,543,853,2426,504,2117,2243,1081,33824,2763,580,502,2272,517,1593,1391,1452,372,427,865,535,1153,923,4375,1211,1521,302,415,378,858,399,759,16585,2113,918,291,487,443,547,236,816,1001,43867,9731,1093,621,343,309,306,633,750,745,329,988,1260,370,336,477,658,711,776,351,2032,951,1049,319,342,559,628,357,275,13428,2343,1113,405,386,339,490,591,364,3295,974,387,365,645,358,327,395,580,578,3736,1061,312,394,378,488,294,479,531,576,846,342,761,542,493,416,487,556,400,7725,3083,1684,457,588,515,592,781,380,295,25294,5694,670,494,484,611,496,558,372,1151,4554,1428,396,466,424,474,416,478,388,901,560,328,295,308,496,295,349,324,748,665,485,1058,457,573,183,283,431,771,2398,886,572,589,354,454,346,268,325,13252,5219,2879,560,249,325,279,246,242,272,516,1591,545,289,455,316,157,363,265,337,383,413,273,306,282,372,240,431,298,330,719,315,429,309,285,317,543,369,345,562,420,454,426,320,866,186,382,282,2091,1129,581,468,405,233,289,280,388,191,734,537,347,790,346,343,346,274,358,375,588,555,440,287,301,319,461,650,531,412,307,329,326,203,243,248,358,359,395,471,300,350,280,402,271,457,435,294,395,414,430,294,304,219,262,365,432,403,1505,356,263,265,214,615,678,1269,977,590,1309,633,348,276,320,622,923,474,224,451,253,330,523,557,334,252,307,328,243,516,273,356,601,311,276,450,295,360,348,252,265,352,287,322,277,379,256,427,256,238,352,270,349,330,328,283,348,347,224,473,412,309,487,394,814,231,520,256,722,556,438,438,929,266,220,244,269,728,315,364,168,349,358,261,425,1932,949,346,379,297,972,428,639,445,223,351,446,1023,488,1150,764,697,649,639,1347,903,3376,1507,1924,1435,804,469,702,1273,2764,955,696,728,636,784,513,3723,2759,3124,1380,4424,6162,2925,1531,902,723,1332,1888,966,842,829,1757,430,2562,5215,5799,5363,3758,5741,1183,1526,413,1650,752,3847,4252,2378,471,1348,1005,556,3710,6690,4250,6179,2732,405,556,606,567,550,351,1120,645,622,326,1438,982,1420,2898,857,456,544,337,487,440,304,565,446,488,326,294,314,419,423,297,336,247,310,362,375,297,415,470,286,543,397,287,233,384,444,498,314,273,254,207,192,312,382,397,478,418,190,256,213,354,303,216,418,613,405,362,227,225,224,243,208,369,484,379,315,195,257,253,360,268,594,362,302,456,337,302,176,212,265,331,408,417,253,506,243,247,209,311,1239,437,314,364,322,326,222,214,265,278,321,321,397,547,330,326,264,514,1202,963,326,486,269,318,343,334,308,528,268,291,261,392,272,366,238,269,404,246,323,216,328,206,472,414,368,323,320,344,403,342,272,570,535,532,220,271,354,418,491,611,430,627,606,477,266,404,383,592,337,790,869,540,484,641,657,765,568,660,1305,1050,1027,473,755,1113,801,1037,1141,2311,1862,1883,1329,1479,1065,1015,989,1346,2722,2400,1658,2247,1847,1942,1311,848,1135,2146,2744,3116,4183,2694,2320,2004,1516,1396,1740,2068,2962,3055,2643,2397,1987,1769,1621,1662,1906,1764,2481,2397,2866,2515,2581,2182,1885,1482,1863,1813,2022,2659,2800,2587,2630,1962,1782,1612,1999,1512,2515,2872,3133,2983,2754,3062,2214,2198,2209,2031,2227,2532,2723,2602,2742,2555,2240,2151,2040,2004,2648,2217,2322,2334,2091,1811,2087,1975,1448,2241,2041,2025,1768,2134,2082,2034,1844,1714,1645,1525,1720,1867,1545,1851,1680,1740,2024,1438,1505,1936,2033,2480,1675,1774,1265,1570,1310,1355,2113,1727,1997,1775,1784,1271,1735,1079,1098,1408,1298,1114,1376,1292,1006,1265,1314,1045,813,1091,855,1199,1138,1217,910,879,830,916,794,832,834,981,1138,812,1097,910,4452,6024,7188,4111,2575,1093,857,1007,819,754,698,657,1342,4325,4113,3470,1623,760,696,727,700,653,13866,16788,15009,4958,2923,1214,1504,1384,1928,3093,1836,1298,637,525,374,492,407,4484,10458,12026,8750,3609,2005,516,377,344,549,413,752,2968,5883,6553,5095,2852,1304,828,327,373,543,1423,1814,2058,1072,685,1408,1827,2562,1671,1178,498,412,414,375,515,289,477,720,811,704,713,500,667,344,389,368,332,359,285,386,372,326,450,320,675,809,728,462,1232,1104,1298,2767,2956,1140,374,495,477,775,858,879,1270,1148,1917,2040,1886,2619,2050,917,2210,3860,3610,2642,2182,1279,1010,888,1405,2328,1903,7193,6923,3631,7491,6729,2904,13051,5727,2558,2959,2051,1884,2037,1407,623,1716,2419,7933,8361,5557,5931,3747,2500,1928,1362,1112,980,980,1163,3014,5503,7663,5194,3683,1501,2063,1641,2551,1508,2411,2002,1353,679,562,780,635,1798,1199,740,596,1079,703,1054,961,1043,1424,1668,2360,2388,1250,450,495,256,293,291,250,413,406,827,696,566,293,271,470,282,295,396,400,225,227,178,322,176,530,177,267,231,244,
48.55,273,884,603,448,6217,494,22857,267299,6790,1053,377,329,2120,14577,1175,18099,3375,2398,368,501,909,4421,9555,1132,12920,577,31671,418,358,1806,11077,964,9969,5528,3715,13757,18535,782,3746,13822,1782,7648,6555,5221,2594,3197,1941,3813,11759,1156,3406,2622,1294,652,8609,1254,2544,5847,806,2700,1589,1659,409,632,3880,1990,1412,7282,2497,1856,1162,342,832,1237,2783,439,2497,630,1601,1103,479,351,934,1374,521,1837,2106,802,30854,2006,746,1254,1750,672,1577,1611,2397,643,424,481,867,813,1138,3610,1037,2213,564,393,579,487,391,653,17437,2108,645,294,531,378,507,291,573,787,54014,12245,1184,312,542,778,313,379,830,1152,394,667,1872,260,439,357,325,492,669,417,1320,729,908,344,491,382,814,586,321,12602,2764,545,396,525,560,447,697,446,4507,831,660,416,553,478,646,415,558,588,4623,1254,447,243,374,564,326,497,531,506,395,334,897,265,365,304,441,359,634,9478,3384,2222,706,391,628,600,527,454,280,27159,4689,552,543,841,443,483,478,288,1131,6504,1527,276,526,386,463,439,366,527,756,422,290,495,569,329,177,377,704,710,1144,276,587,343,365,373,349,368,465,2215,865,1040,710,360,268,294,303,436,11792,5662,3519,357,346,218,280,262,395,124,493,1387,446,284,323,355,347,539,257,390,333,480,266,373,447,436,252,222,344,323,638,499,831,343,352,168,365,240,366,538,417,575,348,283,543,351,418,308,1602,785,1021,463,306,214,450,325,360,198,728,325,506,1227,446,269,368,397,305,313,489,549,606,445,243,383,205,849,682,371,341,331,368,172,400,414,440,366,306,410,309,420,458,328,270,323,440,773,285,297,430,333,407,301,383,393,691,414,1172,276,374,387,290,619,858,1158,551,475,921,775,482,323,410,432,658,441,382,241,418,285,470,902,346,278,259,432,247,621,377,471,472,318,324,234,238,224,247,363,309,439,271,284,270,275,302,386,194,636,379,301,314,296,409,395,362,328,489,362,758,385,324,358,1163,301,302,265,707,515,298,753,851,561,247,337,307,691,305,294,331,251,294,312,513,1415,697,828,562,321,952,437,930,403,371,273,521,812,526,783,1169,836,559,545,1637,689,3888,1727,2442,1416,984,311,834,1418,3133,699,784,626,1456,1017,345,3682,3874,3580,1754,4594,7219,3958,1291,767,741,1815,2030,834,897,566,1720,812,2151,5450,7224,6312,4002,6183,1106,1136,674,1781,822,3905,4641,1791,488,2170,1237,1019,3908,6830,5395,5762,2806,397,536,569,423,579,459,871,1134,621,377,1308,806,1566,2832,670,319,319,307,303,357,449,519,425,421,330,334,285,426,466,303,278,287,247,448,490,272,376,453,630,416,256,340,222,281,332,371,299,286,271,252,234,282,286,398,460,370,374,237,308,229,540,216,500,435,336,356,304,283,210,305,239,430,397,319,230,386,366,223,277,303,435,279,266,396,394,296,315,317,282,348,399,461,211,315,390,337,280,216,654,480,369,532,568,265,370,196,251,314,377,272,338,624,335,300,227,725,1319,1346,478,380,272,307,285,318,179,286,394,319,279,452,229,327,287,282,338,258,404,381,338,290,306,415,436,322,247,401,404,246,344,379,657,425,441,227,342,573,519,710,709,595,373,362,371,373,391,363,435,890,726,548,555,614,875,693,783,433,1077,1478,1071,852,906,850,869,1228,1217,2396,1870,1963,1923,1265,1062,1156,949,1296,2907,2621,1951,2066,2373,2251,1476,980,1734,2089,2863,2987,3579,3298,2621,2046,1528,1379,1356,2112,2843,2913,3135,3350,2415,2045,2040,1559,1821,2070,2364,2431,3103,2413,2807,2286,2110,1800,1363,2189,2378,2794,2890,2926,2949,2103,2146,1446,2031,1671,2291,2704,3187,3191,3273,3251,2479,1923,2117,2494,2316,3143,2516,3081,2262,2086,1670,1612,1968,1991,2066,2763,2557,2713,2384,2252,1877,1718,1849,2120,1780,2560,2058,2283,1805,1995,1631,1463,1903,1746,1826,1901,2015,1857,1586,1833,1649,1651,1452,2054,2307,2287,1205,1273,1396,1422,1116,1374,1954,2272,1722,1456,1359,1298,1112,1026,1085,990,1203,1232,1288,1267,1141,1073,815,926,786,934,981,1012,959,929,1057,854,993,784,1079,975,1007,1107,883,1056,994,797,6419,7572,8834,5772,3182,1221,693,1024,717,712,676,502,1345,6025,6929,4425,1825,1181,1280,1285,1456,966,12282,13948,10759,4659,2891,1272,1435,1047,2766,4105,2951,2221,786,393,401,397,504,4525,10325,11407,7944,3593,1679,454,401,508,330,511,388,2816,5157,6405,3674,2402,986,631,253,548,464,1098,1154,1157,591,307,1215,1105,1098,867,649,424,470,392,342,346,382,613,444,479,807,560,325,491,523,408,570,323,324,527,758,404,333,288,319,723,1119,878,591,1904,1527,1744,4709,4227,1036,378,703,491,846,1245,977,774,1555,2503,2366,2002,2873,2765,1015,1679,3088,4522,3668,2865,1506,1352,869,1746,3417,2949,9411,8230,4201,8913,8388,3607,12995,6037,2517,2724,2438,1830,1221,1249,669,1873,3104,7665,7471,6371,7250,4092,2638,1959,1250,1103,815,961,1002,2220,4552,5965,5068,3169,2550,1918,1552,2280,1495,1954,1656,1218,664,465,593,589,1288,970,733,510,550,1005,836,1106,869,1191,1553,1818,1450,846,415,283,485,288,236,450,458,296,565,411,301,370,316,366,340,326,318,287,333,298,204,237,324,325,281,215,267,169,
48.38,272,830,860,776,6447,951,24417,263456,6048,1098,401,678,1955,19944,1241,19099,3188,2237,689,577,1258,5910,14087,1379,13846,980,33343,790,668,2127,13793,1116,10065,6495,4448,15079,18426,1108,2761,14376,1174,7232,5622,4256,2522,4639,1251,4421,12744,1526,4486,2060,786,482,9044,1982,3340,4891,952,2534,3006,2387,375,655,4771,2788,1545,7764,3032,2710,835,387,922,2025,4453,835,3470,1635,2317,1063,311,513,1200,2197,485,2081,1903,857,34603,2244,1187,867,2025,665,1545,1757,2777,750,713,977,927,977,1716,4776,1582,2502,330,651,516,573,352,774,17392,3581,768,404,738,641,708,298,908,987,66042,14121,1396,491,402,512,248,584,709,1065,527,1282,1092,454,425,342,675,772,984,407,1829,1104,1847,356,576,531,639,659,261,14919,3096,928,506,511,501,765,944,626,5301,1256,685,316,643,402,526,490,987,994,4647,2211,395,390,345,775,500,787,669,616,836,387,1135,575,565,319,553,562,864,9701,3342,2028,1032,358,662,618,659,560,381,27587,6104,629,419,650,757,512,561,366,2063,6282,2260,338,619,467,605,367,280,473,1105,611,390,432,587,600,276,345,462,561,739,448,825,442,446,383,415,571,643,2315,1086,743,635,307,301,404,561,557,13002,4960,3215,695,489,383,334,715,635,324,418,1365,541,329,280,402,327,395,227,510,640,727,490,378,425,318,345,478,436,378,1064,557,741,402,325,324,393,354,576,767,496,584,558,305,839,539,456,347,2319,1274,977,466,388,451,328,367,520,350,1004,590,344,811,618,351,325,408,370,539,554,671,494,364,289,405,511,657,907,515,433,358,673,438,380,244,373,567,427,490,477,475,420,348,296,395,390,702,464,644,636,453,437,309,384,329,956,464,1197,383,580,269,344,782,624,1335,1259,802,1458,964,452,372,489,413,490,283,642,245,420,468,635,691,625,293,511,438,358,515,322,328,378,647,477,351,279,412,380,408,646,476,377,417,309,519,320,548,288,479,510,478,669,368,316,313,339,355,378,626,676,298,401,758,1481,409,639,327,1560,767,462,887,1125,512,224,381,377,867,719,519,282,303,754,454,722,2067,978,576,487,666,1347,366,622,460,419,362,451,1637,488,911,1231,757,636,661,2087,1016,3611,1768,2692,1778,954,397,834,1288,3196,1785,921,1141,1234,968,720,4259,4009,4939,2654,8043,10697,6265,2102,1195,1043,2659,2797,1442,811,658,1499,738,2558,8316,8043,6227,3531,6941,1896,1359,583,2112,1093,3942,4401,1871,655,2112,1112,1047,3436,8007,5435,5761,2595,758,684,778,429,928,604,913,1030,716,373,1616,841,1521,2212,1299,364,495,456,592,596,460,652,552,427,509,461,401,491,500,445,474,264,372,362,534,402,411,691,501,767,358,364,371,403,314,613,439,448,258,355,293,345,292,329,633,509,444,269,467,368,271,249,942,578,403,391,280,316,413,284,300,412,516,503,466,354,350,278,348,382,550,417,405,414,417,278,348,322,264,376,329,554,468,363,400,397,291,453,855,413,447,436,589,454,407,209,395,336,410,372,457,732,415,273,259,577,1363,1166,383,409,434,537,288,314,391,447,466,468,491,224,384,336,436,325,421,336,397,440,404,457,489,346,329,373,352,499,394,344,385,785,889,436,363,371,416,880,538,854,837,1037,721,586,365,679,608,570,553,1508,1644,1046,668,1059,908,1260,1113,1229,1712,2073,1915,1301,1548,1355,1169,1507,1616,2973,2513,2586,2588,2425,1990,1606,1102,1613,2860,2558,2380,2642,2784,2438,2294,1308,1496,2309,2623,3333,4432,3286,3845,2609,2014,1671,1577,2276,3192,2607,3064,3520,3074,2271,2254,2314,2049,2034,2129,2711,3259,3044,2780,2918,2127,2273,1773,2072,1965,2652,3035,3580,3303,2606,2413,1832,2160,2027,2299,2746,3275,3293,2936,3589,2531,2123,2110,2399,2538,2847,2858,3349,2295,2393,2162,2006,2009,1793,2700,2557,2218,2608,2605,2324,1838,1826,1721,1837,1674,1897,2231,2090,1991,2153,1960,1772,1740,1644,1847,1797,1789,1448,1924,1948,2029,1563,1408,2169,1978,2359,1560,1535,1353,1684,1139,1145,2033,2148,2609,1624,1389,918,1318,1089,1019,1330,1394,1162,1173,1022,946,966,896,962,1026,885,1090,1510,1210,1025,928,919,897,858,1090,1076,1123,1178,1255,911,946,995,7441,12929,12650,7579,4403,1234,869,945,740,819,581,652,1401,10886,11143,8951,4288,2129,1986,3476,4152,2602,11727,11697,9987,4209,2405,1217,1501,1266,3929,6624,4324,3525,1317,823,490,452,375,3277,8296,8814,7213,3396,1616,525,338,453,436,381,457,3354,4492,6463,2761,2393,1120,706,436,411,495,695,757,906,668,562,936,832,1268,753,739,531,410,374,462,743,536,628,678,766,804,652,694,1145,1054,630,728,391,376,718,1051,712,573,514,365,741,1224,998,1150,3427,3373,4167,8008,6433,1905,694,879,772,1420,1496,1262,1169,1749,3802,3571,2487,4380,3971,1158,1835,3555,4903,4633,3380,1408,1207,1009,2093,5248,4171,11747,9736,6113,9182,8760,3202,13254,5830,2487,2603,2089,2126,1416,1379,1024,2218,2701,7815,8331,5592,6327,3652,2339,1413,1239,1098,1067,965,1122,2167,3209,5306,4341,2930,2008,1427,1402,1674,1123,1406,1391,1173,620,521,689,648,1389,970,643,392,671,761,977,734,896,1069,1046,1594,1195,827,448,344,273,359,358,325,327,297,492,468,397,301,316,194,246,302,277,253,229,434,230,324,208,349,318,208,212,255,
48.2,271,711,553,425,5705,443,24790,268445,5710,935,428,395,2744,16736,1143,19370,4114,2352,446,710,899,4375,10401,785,13431,654,30131,292,344,1644,10589,1419,10002,8900,3314,14140,17914,1124,3158,15970,1507,8529,6359,2873,1830,3811,1302,5508,12478,1426,3119,1780,820,361,7086,1053,1954,5984,985,2153,2843,1601,392,478,5220,2346,1363,6278,2187,2317,862,380,1303,1233,3649,828,1716,1164,1466,1034,268,534,931,1298,388,1748,1595,889,34312,2385,684,1337,2102,604,1221,1746,2509,485,530,449,563,799,671,4535,1064,1378,393,802,305,773,433,846,20331,2773,885,292,710,392,380,251,865,599,70094,15385,1549,564,511,659,350,476,536,1164,488,1086,1614,248,343,418,542,480,674,285,1699,1155,1255,263,303,253,553,882,298,16720,2886,783,353,284,340,477,1108,372,3478,1092,563,483,324,310,1082,335,730,542,4327,1597,511,346,493,632,297,423,721,1292,400,289,962,327,474,355,478,571,343,11375,3347,2118,747,524,348,380,433,474,423,27693,6092,532,401,488,346,448,392,347,1875,5251,1330,406,457,348,507,411,266,521,679,447,322,518,371,499,292,334,303,485,931,308,835,452,460,271,368,393,548,2121,1141,977,733,340,254,384,202,541,14172,5881,3531,664,364,388,427,314,308,318,532,991,622,307,329,426,231,419,341,384,373,398,449,450,436,437,249,277,307,518,565,425,785,388,409,250,611,243,249,1128,360,323,406,595,1366,335,327,358,1690,1227,609,798,346,241,267,384,411,231,623,432,701,964,480,380,352,401,239,414,471,434,412,237,320,436,340,526,1277,572,613,336,572,331,269,317,345,448,271,303,471,711,482,252,313,380,316,713,380,537,397,367,246,305,413,332,780,431,538,393,335,468,309,328,850,1756,622,683,1094,993,492,371,324,363,301,315,234,354,366,432,730,730,616,345,338,309,283,533,213,493,474,585,445,308,209,268,302,318,510,399,403,291,253,311,376,465,469,325,424,393,310,434,359,224,339,219,281,408,429,632,328,674,538,222,384,389,1523,437,659,643,803,484,247,350,288,706,368,352,367,331,532,382,347,1779,786,442,474,368,1061,540,585,406,557,320,407,809,423,1107,1054,1000,543,466,1831,1053,4652,2158,3340,1549,927,504,1064,1816,3391,2248,1174,1063,936,1043,641,3907,4045,5526,2241,8483,13809,7193,1355,1147,876,2035,1838,1284,872,694,1927,933,2503,8605,8199,5659,3443,7858,1166,971,462,1907,648,3346,3648,2655,472,1735,1014,888,3694,6170,4353,5614,2955,572,439,837,438,592,303,1089,670,580,502,1667,1054,981,1825,720,339,363,443,416,480,431,555,501,598,292,377,396,384,327,290,509,329,308,301,392,342,411,429,281,664,398,261,345,554,290,322,422,391,387,270,317,244,331,414,556,403,266,338,270,255,252,172,626,332,551,390,262,293,209,252,151,454,477,486,272,313,329,268,504,196,472,536,396,268,470,176,224,357,339,673,278,390,340,311,387,356,223,372,946,480,396,440,458,236,376,218,277,329,590,354,465,502,269,273,230,598,1392,884,487,414,409,343,371,243,268,365,551,352,297,675,239,276,256,268,310,439,319,390,400,446,635,426,460,354,355,323,385,332,447,445,1066,538,585,427,407,618,540,556,1055,1262,723,526,462,537,490,782,788,2090,1520,1086,943,1296,750,1057,1145,827,2045,2046,2374,1951,1423,1092,1627,1384,1119,3044,2462,3208,3247,2376,1846,1609,1354,1606,2787,2293,2335,3008,3461,2335,2132,1736,1607,1685,2237,2459,3082,4051,3857,2875,2518,1965,2022,1637,1943,2552,3295,2859,2855,2534,2387,2796,1785,1529,2319,2197,3314,3167,2589,3361,2214,2467,2036,1781,1604,2215,2496,3916,3370,2442,2336,1962,1987,1740,2164,3044,2911,2992,2831,3352,2442,1983,1832,2128,2298,3093,2123,2615,2238,2316,2081,1866,1838,2258,2173,2307,1946,2843,2394,1719,1888,1675,1809,1523,1852,1571,1881,1849,1874,1531,1815,1401,1273,1552,1893,1513,1594,1391,1496,1257,1381,1164,1280,1745,1467,1867,1345,1461,987,1324,1095,934,1628,1884,1748,1043,1331,1101,1269,973,926,853,2097,2147,1700,1162,836,1335,662,947,609,791,1547,1497,1116,761,897,752,985,892,1062,946,843,1255,732,740,650,813,8511,11615,14421,6048,4327,1152,864,724,574,534,588,499,878,13549,13580,10911,4927,2748,4431,5733,5312,3883,7002,6287,5840,2303,1951,993,2222,1242,5127,7300,6218,4194,1109,807,327,405,456,2211,6070,6629,4762,2716,1279,396,418,565,314,474,443,1204,2894,3266,2077,1365,527,398,349,235,435,424,425,416,448,382,574,302,419,424,877,556,343,329,692,908,624,461,722,674,728,502,723,1501,1704,570,661,533,573,1042,1016,568,625,496,598,841,1110,1393,1672,5303,4148,4648,9286,8018,2520,1109,697,556,1331,1134,1397,1696,1728,3742,3459,3012,4532,4198,1270,1752,3234,3626,3769,3072,2053,1424,810,2436,4811,4207,10810,9339,5373,7772,7249,2387,7789,3867,1268,2121,1975,1726,1297,1210,732,1858,2623,6472,7092,4549,4680,2340,1587,861,1004,638,803,552,1061,1369,2176,3025,2618,2208,1135,1094,1030,1057,1114,1048,681,1122,712,427,398,460,726,631,453,310,601,588,432,568,455,640,512,833,1077,508,253,251,241,340,173,359,299,281,496,272,242,236,207,213,216,228,231,283,225,186,279,164,243,202,198,241,229,231,
48.02,270,588,573,605,5844,694,29397,252994,6835,1474,466,464,2519,17002,1484,18370,3486,2645,583,650,1306,6359,12982,2005,13296,935,38540,479,696,1563,13070,1069,11788,5822,5478,15159,20085,1116,3750,14517,2449,8556,5454,4402,2518,3633,1559,4607,14188,1452,4922,2896,1077,542,8944,2736,2878,5919,846,2607,3230,1362,329,991,5498,3483,1802,6134,2378,3098,1328,388,814,1822,3505,685,3134,1000,2176,854,535,932,1594,2754,704,2331,1534,1181,39835,2472,575,932,1639,681,1221,2052,3167,497,557,1127,1116,961,1153,5570,1575,2326,651,793,498,956,393,1222,23582,3485,1018,411,522,511,708,502,638,798,72150,16650,1532,575,489,501,331,638,906,1001,463,715,1647,622,556,443,593,1009,837,435,1567,1410,2465,319,568,440,882,861,371,17052,2265,1537,478,455,419,509,625,817,4243,1149,541,566,759,388,706,372,927,642,5630,1853,746,692,490,659,355,472,591,601,601,454,857,441,698,468,607,608,668,10514,4638,2262,931,498,511,478,570,635,320,30042,7152,927,399,744,418,539,526,453,2148,5814,1590,488,650,396,520,583,296,591,1129,868,431,322,410,497,276,498,573,406,875,494,1216,554,712,279,430,525,551,3281,1971,928,642,640,316,442,437,489,14756,5750,4721,683,489,335,416,466,519,340,592,1532,561,290,384,368,317,411,295,389,708,626,448,377,516,425,439,434,440,587,1013,531,660,539,439,381,576,504,328,1439,705,719,503,401,1160,473,345,552,2362,1110,1159,449,426,271,275,415,465,361,1218,627,668,801,494,382,529,461,444,384,497,749,490,401,358,302,368,867,582,516,666,344,647,373,393,360,535,472,314,637,308,402,447,399,281,326,643,894,606,1152,599,710,415,294,471,529,1055,420,484,495,352,453,423,622,1421,1308,678,912,589,855,544,340,408,449,458,308,404,366,503,345,593,926,425,378,449,262,370,467,238,383,532,345,424,537,303,393,441,304,492,413,423,409,342,365,476,344,484,290,487,429,519,469,448,444,319,285,343,554,935,526,244,833,679,525,305,548,1598,1015,397,1066,1972,423,539,366,458,566,652,487,303,338,685,526,575,2184,1216,590,519,460,1127,933,1028,711,448,378,439,1149,754,1116,1441,915,566,756,2200,850,3423,2050,4932,2786,1232,610,1051,2442,3416,2172,997,1662,1308,1022,645,5332,5326,6270,3120,11661,13515,6931,1290,1219,1161,2773,3001,1348,763,1261,2058,922,3656,9315,11019,6463,3282,6015,1368,1373,779,2000,920,3812,4566,2502,509,2128,1399,1085,3463,6865,4302,6557,3260,516,490,757,608,645,586,1252,1011,686,418,1672,1019,1305,1615,1129,482,543,336,519,704,396,725,448,499,545,439,495,411,533,448,274,355,378,479,576,347,401,603,560,504,549,314,451,623,467,622,414,338,282,350,399,298,347,417,580,328,409,352,342,285,291,382,547,527,601,495,312,464,406,393,299,640,800,621,454,295,429,214,372,309,441,439,467,442,364,378,427,275,383,514,560,588,510,481,701,564,329,292,1268,530,413,395,612,379,318,226,302,381,454,368,539,629,490,367,341,802,1472,827,512,576,666,787,397,346,549,483,466,331,516,488,343,329,453,364,495,392,528,421,369,435,492,717,510,641,410,377,554,492,509,947,1110,564,617,545,609,765,1044,1096,1671,1571,1125,1021,865,857,610,931,1031,2287,2181,1880,1415,1650,1223,1020,1484,1602,2749,2597,2893,2902,2365,1887,1709,1657,1687,2706,2199,3201,3637,3179,2243,2859,1746,1571,2682,2383,3192,3233,4150,2819,2825,2070,2163,1859,2035,2553,3692,4676,3699,3347,2541,2141,2048,1912,2129,2731,2748,3498,3236,3295,3083,2549,2912,2122,2527,2265,3840,3530,3308,2970,2624,2278,1914,2309,2186,2754,3455,3641,3326,2739,3157,1902,2222,2349,2352,3063,3082,3010,2702,3125,2521,2219,2070,2022,2615,3560,2296,2918,2248,2569,2305,2038,1892,2269,2452,2335,2355,2218,2317,2005,2162,1898,1617,1708,1887,1701,2224,2198,1922,1626,1541,1555,1473,1467,1594,1696,1633,1378,1633,1400,1350,1421,1135,1878,2192,1601,1218,1409,1201,1297,1121,1094,1963,1960,1816,1325,1545,989,1230,1098,1232,1188,4819,5410,4001,1903,930,964,1175,930,837,1371,1802,1255,1034,721,933,749,801,1149,2418,2408,1866,857,616,793,962,783,7772,11890,13724,7234,4238,1589,1150,637,661,431,657,674,1082,15359,15406,11854,5031,3189,6910,9348,10353,5518,5904,4450,3287,1981,1441,894,2201,2197,4581,7466,4955,4174,1234,721,410,393,406,1700,4097,5502,3857,2299,962,477,380,850,441,346,353,1441,2234,2094,1799,912,547,455,409,407,496,435,568,887,824,494,789,438,605,631,592,643,329,783,761,1117,1002,830,475,627,950,801,1060,2095,1855,868,1015,420,1301,1771,2297,1740,1049,598,787,947,1583,1555,2008,6587,7302,7671,12915,10756,2623,816,868,856,1496,1578,1482,1892,1738,3805,3846,3670,5132,4601,1168,1722,2747,4496,3873,3648,1761,1289,934,3063,4799,5042,10581,8178,4692,7413,6143,2467,6725,2767,1155,1860,1702,1843,1047,952,796,1933,2143,5475,5444,4363,3568,1799,1502,811,1015,780,558,682,485,1116,1975,2703,2423,1635,878,988,887,861,709,985,876,847,636,479,383,375,770,546,413,383,495,401,362,443,509,642,650,787,697,483,271,352,260,293,295,264,351,350,343,240,270,245,271,370,311,286,351,262,271,403,406,308,227,473,293,346,230,212,
47.84,269,461,629,796,5162,758,27869,257323,6630,719,437,442,2464,16953,1650,17716,3922,3707,555,438,1044,8205,12630,1306,14627,897,37570,343,380,1236,13595,1669,9362,5457,4484,14381,16690,1758,2256,15211,1438,7157,6039,4482,3822,3586,1500,5022,12209,1118,3857,1503,739,353,7671,1062,2105,5853,1082,2208,1308,1456,333,648,7510,2933,1542,4488,2124,2625,914,476,1103,1564,4140,734,2512,967,2467,1005,313,1520,1228,2455,663,2430,1877,1167,42488,3122,643,1002,1443,614,2406,1737,2809,419,549,588,774,848,1406,5274,1764,2642,256,651,437,528,306,828,21880,3498,1317,261,866,375,1113,250,960,669,68274,13575,1489,567,451,525,268,853,499,703,449,1051,1544,299,382,322,665,575,795,301,1606,602,1486,262,245,548,904,878,365,16710,3805,971,292,404,348,808,721,493,4116,1584,617,507,682,528,520,395,856,542,4766,1473,294,480,337,520,263,596,477,663,667,357,1145,335,426,359,327,504,351,10657,3762,2767,987,503,474,604,622,632,216,30416,6004,857,403,424,513,381,842,306,2024,5648,2112,315,662,315,562,494,237,418,1571,652,243,425,361,515,414,355,268,666,878,234,688,520,462,330,367,364,551,3513,2033,927,523,210,235,234,532,616,14056,5627,3601,883,344,237,382,501,513,186,628,1695,699,331,331,411,307,255,195,421,680,436,519,428,336,269,253,746,375,662,871,406,705,434,334,239,393,341,449,615,623,581,343,202,1138,562,356,255,2549,1402,880,728,341,235,306,243,471,297,767,506,471,1233,485,353,432,479,335,308,540,635,381,269,348,426,463,1098,920,452,508,230,475,331,442,254,458,510,247,679,237,336,363,328,281,385,660,1034,525,1036,478,359,399,196,485,364,857,325,324,530,292,463,266,733,609,1881,581,529,1050,653,885,419,306,317,475,332,313,511,443,292,585,523,647,522,561,462,387,322,258,366,278,375,318,350,268,384,427,365,453,272,345,426,384,271,218,568,257,364,814,511,596,303,304,433,249,245,320,396,442,377,268,848,447,259,262,418,986,431,272,475,1729,565,227,384,368,1019,448,529,239,355,876,506,527,1751,1122,497,411,613,1058,1097,900,560,634,494,434,1682,738,1053,1223,759,623,659,2435,529,3404,1469,5111,2912,1289,628,1014,2744,4212,2287,888,1388,1062,1241,580,5493,5638,5379,2664,12778,12435,7274,1470,1391,1726,1822,1935,919,701,502,1703,960,2793,9258,9282,6494,2672,5321,939,1185,542,1842,1160,3920,4485,2044,378,1490,1656,961,2856,5018,3785,5728,2154,445,412,467,394,489,352,769,946,463,509,1438,736,771,1466,682,306,409,417,365,317,273,554,233,557,338,338,244,599,567,254,281,274,301,373,332,464,420,439,320,563,377,321,409,408,426,478,308,308,363,272,262,311,293,309,455,401,333,250,256,303,327,225,659,472,493,426,318,268,217,277,223,550,589,703,441,286,304,239,323,277,465,461,373,312,255,418,247,343,256,332,497,515,444,365,619,653,314,262,1001,457,501,640,513,547,271,263,457,333,430,387,586,615,330,303,317,804,963,626,340,388,408,742,289,283,530,272,568,352,561,384,324,335,332,355,341,358,586,442,350,327,661,1059,366,749,350,411,681,547,813,1194,1152,844,750,467,584,513,998,1110,1845,1961,1720,998,769,1162,1021,1273,908,2428,2391,1744,1965,1352,1132,1141,1265,1118,2817,2801,2887,2713,2572,2056,1935,1417,1515,3025,2815,3161,3391,3241,1849,2516,1953,1671,1740,2078,2965,3023,3067,3318,3402,2079,1737,1961,1969,2237,2712,3866,2922,3469,2589,3148,2118,1892,2036,2167,3030,3138,3325,2806,3288,2208,2577,2157,2303,2635,2851,2985,2699,2764,2277,2774,2170,2242,1924,2491,2551,2819,2964,2408,2381,2716,2534,1733,2098,2398,2918,2689,2603,2573,1960,2114,1922,2221,2376,2327,2469,2003,2319,2027,2089,1966,1940,1995,2153,1709,1876,1970,2003,1945,1539,1575,1457,1420,1388,1293,1932,1564,1426,1355,1420,1381,1216,1077,1381,1146,1396,1361,1220,1039,1147,1473,880,2013,1204,1341,937,1001,1055,1387,1098,1251,1856,1994,1479,1384,1178,1239,813,777,1047,996,7956,9769,5729,2162,1225,702,597,885,912,969,1392,1120,709,817,682,521,686,2387,4113,4022,2416,1385,683,586,729,666,6595,9175,10242,6211,3590,1415,1642,847,617,651,500,417,741,15631,14530,12711,5246,3672,8845,10170,10758,6033,4946,2902,1988,1072,873,698,3180,2219,4900,6369,4598,3320,1184,429,425,360,358,503,1865,1762,1776,1117,459,310,281,866,358,381,394,472,934,761,687,438,312,380,328,309,446,498,710,1286,722,621,630,410,674,663,387,423,278,939,914,1738,939,688,338,700,740,668,981,2096,1815,891,734,430,1640,2262,2689,1560,1545,565,496,1143,1342,1438,1202,7085,8676,7473,11584,9710,3391,802,889,708,1362,1648,1500,1820,2632,4189,3819,2753,3734,3621,1361,1360,2884,4424,3108,2001,1452,956,726,2531,4069,4231,6828,6762,3766,3853,3897,1443,2392,1345,800,1339,1076,997,843,661,554,1431,1337,3120,3336,2817,1732,1295,723,552,681,388,584,378,405,591,1239,1059,706,847,511,593,564,543,480,788,527,702,432,265,339,328,507,312,339,282,298,437,399,476,333,602,326,630,377,349,231,249,402,281,252,507,276,159,161,306,310,247,166,151,257,143,176,234,333,228,133,198,220,245,186,185,189,248,
47.66,268,513,460,856,8086,641,30552,271393,8684,982,512,886,2780,19107,1895,17986,4873,2777,503,929,1419,7503,13815,1231,18162,1584,37474,569,773,2344,12015,1181,12421,6872,4632,15114,20208,1472,3728,17970,1460,8398,7064,5682,2140,5175,2094,5040,15566,1842,3337,1925,1104,528,8309,2101,3478,6777,1566,2646,1940,1864,523,812,6077,2870,2230,8755,2774,2837,1058,481,1331,1932,4044,712,2602,1518,1622,1613,407,1287,1566,2575,458,2701,2161,1045,41354,2509,934,1376,2702,471,1611,1630,2577,622,567,837,1053,694,1517,5330,1429,1920,482,529,594,660,471,827,22342,3534,1057,743,736,502,528,271,600,1131,56639,12418,1232,511,488,590,310,738,944,1045,505,1620,2061,380,732,493,650,908,1216,622,2749,1304,1697,443,390,823,953,850,637,18827,2661,1150,362,549,496,701,666,609,4042,1561,452,857,767,405,872,440,528,1139,4384,1668,375,574,532,767,405,597,939,652,685,282,1336,433,461,579,715,641,454,11244,3408,3404,1007,535,285,622,1103,576,429,30077,7280,904,447,1032,558,722,714,562,1685,5198,2258,497,575,912,402,643,253,776,1217,552,289,648,408,654,340,414,487,535,768,654,963,483,672,247,460,365,611,3414,1444,1002,699,368,327,462,667,851,14135,5744,3845,692,440,285,321,373,360,203,771,1463,607,333,520,474,346,483,364,432,733,591,319,322,299,418,405,942,530,451,1143,555,945,358,418,242,382,543,472,1079,700,625,520,399,1079,574,402,485,2344,1432,814,585,323,427,315,444,393,443,905,581,431,983,969,502,360,447,274,372,394,1061,489,380,372,311,610,1043,688,526,748,420,525,353,331,314,509,416,383,583,283,364,480,372,287,423,736,1345,450,1305,731,467,296,324,489,466,1027,597,422,456,394,562,356,458,1121,1793,739,947,946,969,526,464,400,408,382,375,322,501,624,645,660,1173,651,791,608,586,447,338,390,482,494,424,287,369,340,456,412,390,648,579,359,461,309,389,361,449,425,287,756,449,735,417,691,404,291,357,485,456,415,341,397,922,507,319,368,425,1332,807,460,849,1234,845,332,732,445,955,648,343,374,377,1173,570,650,2810,1187,914,616,580,1099,1114,887,555,368,418,412,1182,1027,1083,1157,1004,675,917,1948,1342,3638,1340,6383,2813,1189,737,1135,4476,3447,1732,1141,1351,1377,1521,1113,3757,5139,5106,2558,10867,10606,6008,1613,1478,1405,2039,2700,1139,858,438,1570,820,3436,9799,8964,5228,2275,4700,838,968,595,1397,1093,3467,4583,2213,499,1572,1338,1205,2429,5038,4269,5823,2724,592,574,501,462,673,380,920,765,700,457,926,616,813,1078,857,538,454,390,350,487,469,439,344,448,411,520,478,450,407,407,437,309,355,456,417,374,495,567,334,663,546,320,318,525,531,484,383,417,284,245,442,378,467,493,672,516,337,319,276,444,459,318,639,766,512,482,247,327,292,304,334,663,797,726,342,325,296,272,260,294,464,409,438,365,393,264,309,316,247,447,392,385,280,470,490,511,321,466,1323,557,459,624,626,263,464,343,336,419,438,388,815,847,471,464,280,1264,926,816,371,614,486,622,362,400,372,422,524,496,587,654,465,404,657,294,486,427,505,442,460,570,1079,1015,901,570,476,485,528,654,988,1435,1636,1346,1030,793,950,618,1243,1183,3075,2385,1830,1677,1046,1704,1271,1473,1530,3078,2869,2181,2496,1707,1542,1516,1294,1621,2692,2812,3267,4485,3340,2580,2081,1957,1318,2247,2547,3193,3989,3756,2956,3110,2237,1929,1918,1837,2425,3768,3556,3095,3026,2757,2794,2322,2177,2558,3672,4140,4903,3527,3160,3384,2682,2299,2507,2273,3147,2840,3674,2995,2993,2764,3003,2216,2134,2272,2506,2855,2872,2980,2664,2841,2278,2261,1988,2786,3435,2800,2853,2561,2662,2340,2554,2703,2181,2646,3001,3049,2304,2662,2801,2335,1792,2298,1897,3048,2379,2705,2080,2140,2148,1912,1768,2456,2266,2316,2013,1983,1637,1716,1717,1616,1520,1508,1424,1462,1325,1749,1489,1321,1447,1322,1804,1030,1305,1090,1514,1073,1205,990,1149,1381,1011,1834,1864,1507,1148,1014,1161,1048,1035,1409,1883,2130,1866,1273,1129,796,1207,933,1332,1228,14308,17872,12120,3865,2298,777,620,968,906,1003,1813,1047,903,696,724,638,683,4979,7810,8595,4988,3199,1060,718,815,831,5273,7505,7466,4307,4052,3941,3203,1141,571,488,512,484,794,14007,14432,10810,4916,3866,8926,13277,12173,7627,4654,1737,841,612,781,492,4204,3237,3601,5544,4114,3018,1409,630,411,394,399,461,1202,988,1214,783,571,360,367,1008,573,427,319,408,546,765,429,453,356,340,455,371,511,856,1614,2032,1929,986,1008,397,532,527,494,402,443,1212,1517,1887,1424,1291,691,1113,770,836,1419,2660,2308,1108,743,341,2229,4075,5006,2638,1982,725,741,1155,1361,1395,1740,8817,9662,8202,10610,9649,3081,1444,1106,846,1355,1575,1711,1966,2275,3927,3314,2448,4020,3368,1094,1262,2718,4129,3480,2627,1236,932,751,2261,4079,3997,5454,4739,3888,3632,4006,1308,2170,1468,666,1158,884,902,514,803,497,1156,1021,2265,2211,1994,1731,1069,841,424,826,668,451,320,344,435,721,833,678,704,670,661,410,500,729,645,593,739,358,400,352,296,543,362,393,223,263,426,251,486,373,393,425,446,608,593,351,340,257,364,286,246,328,233,200,295,343,254,227,353,345,241,378,273,236,195,288,297,219,305,290,176,278,490,
47.49,267,475,453,463,7024,580,30822,273142,7999,1053,362,355,1970,20379,1138,18610,3601,1857,439,477,1092,6106,13849,1635,14074,986,36643,317,605,1931,13015,1002,10517,7611,4097,17316,17268,1342,3850,19495,1563,7535,5250,3601,2682,5120,1530,4962,14808,1774,4766,2095,1410,419,9338,1213,3778,5747,961,2954,2869,1356,601,970,5465,2413,1116,6050,1968,2270,623,284,1063,2139,2629,541,2818,1249,2765,642,453,1329,820,3436,542,2004,2341,1069,44284,2748,826,1430,2681,303,1228,1731,2365,324,626,494,822,606,1772,5297,1453,2737,528,646,434,595,272,677,19648,2813,718,724,484,503,377,389,910,688,47740,10884,1378,384,353,331,287,618,942,1438,787,901,1229,607,372,461,363,923,1294,378,1693,789,1520,516,681,451,672,600,414,15946,2175,1013,205,505,369,494,760,347,3591,1205,457,970,564,346,567,393,968,880,3236,1538,248,284,518,749,668,493,705,611,654,259,779,323,431,242,590,634,468,11073,3212,1905,1174,328,369,374,589,460,303,30106,6003,525,346,807,550,649,580,336,1602,3798,2212,292,455,293,434,549,214,425,1067,476,288,416,338,305,326,330,428,649,859,559,465,584,342,249,653,365,369,2162,748,781,724,439,375,465,279,487,10445,5486,3758,589,315,379,380,363,274,222,433,1187,507,239,263,375,350,568,223,371,488,618,294,376,403,331,276,1002,354,387,943,426,810,392,209,262,565,343,372,619,367,510,446,250,491,390,527,401,1785,954,623,374,318,293,349,288,347,252,911,338,269,671,528,300,352,359,284,503,377,897,725,354,255,338,637,699,598,378,654,491,621,445,402,376,304,396,258,434,246,351,338,319,285,335,534,912,629,1168,614,726,367,324,374,402,647,523,409,328,628,431,353,711,680,2248,660,620,482,501,462,503,284,308,298,299,364,362,587,261,797,691,691,566,753,456,304,264,370,441,232,249,264,224,412,437,378,344,618,548,324,299,451,305,275,568,284,299,644,669,381,414,378,435,400,411,295,400,368,337,328,544,398,258,318,282,1232,462,478,524,1854,952,325,583,429,471,425,349,365,342,434,451,553,1879,995,546,559,644,1319,1055,819,425,476,326,374,1448,563,782,994,759,571,805,2207,912,2425,983,6379,2809,1413,340,1430,3895,2424,1408,1154,1409,1020,990,831,4268,5474,5302,2070,11171,7435,4455,1661,1702,945,1794,2068,794,460,441,1627,1117,2981,8307,6756,3348,1795,3811,727,862,654,1192,990,3346,3193,1850,410,1140,724,842,2279,3420,4233,5255,2093,660,343,425,247,412,335,797,617,588,425,551,551,468,1421,412,297,384,399,400,381,277,475,271,605,779,356,377,381,489,303,393,196,251,319,457,279,307,343,333,522,304,302,258,349,439,398,391,321,310,225,315,237,393,415,526,335,302,337,229,302,373,294,531,481,710,395,221,170,307,322,329,689,630,497,344,297,253,323,267,269,445,377,448,504,417,258,242,291,196,449,346,340,224,315,384,389,338,353,830,514,380,604,519,583,518,392,238,355,371,284,532,583,557,537,330,1339,1147,765,251,758,757,783,294,325,272,384,455,647,601,345,423,676,407,267,464,652,268,526,418,617,1145,1144,793,781,579,617,719,828,997,2016,2229,1198,1325,806,866,916,1725,1519,2925,2594,2200,2025,1334,1622,1429,1263,1435,3356,2504,2548,2524,2254,1792,1634,1702,1098,3509,2851,3493,3665,2992,2815,2348,1837,1242,1988,2129,2826,3875,3126,3090,3492,2802,2377,1718,1940,2532,3062,3509,3991,3313,2835,3109,2188,1768,1907,2689,3574,3442,3324,2977,3374,2366,2479,2361,1974,2169,2536,3340,2579,3376,3035,3074,2580,2271,2203,2281,2456,2538,2556,2511,2522,2391,2139,1785,2184,2361,2494,2710,2322,2322,2065,2402,1901,1988,2175,2324,2807,2167,2185,1953,2666,1501,1858,1555,2123,1740,1722,2203,1466,1433,1891,1895,1940,2472,1627,1574,1310,1409,1621,1350,1791,1069,1441,1018,1269,1235,1069,1064,1052,1007,997,963,896,1175,1004,816,990,962,1053,1141,1270,837,1148,1069,903,837,953,1017,951,1102,1241,1501,1703,1513,1140,957,832,673,628,1046,879,18580,20614,14358,5049,2983,761,737,729,942,1056,1091,1092,646,599,539,484,569,7069,9866,11546,8001,4763,1298,619,668,607,2897,4459,4660,2665,4101,5203,3933,1933,489,324,443,375,488,9307,10505,8603,3477,2366,6793,9288,11651,5788,5042,1219,772,359,568,376,4570,3535,2472,2924,2328,1563,471,322,303,350,366,378,948,699,907,540,466,411,274,951,567,350,329,540,388,441,360,378,316,457,273,345,421,571,3211,2950,2816,791,1474,660,615,501,401,421,554,1799,1765,2455,1468,1398,541,902,906,1243,1327,2158,1835,903,787,439,3021,4628,5239,3270,2394,748,697,1251,1188,1079,1297,7294,7290,6924,9920,6477,2979,1086,1058,788,935,1661,1794,1942,1789,2611,2839,2048,2939,2499,1015,786,1621,2924,2656,1672,1127,561,695,1695,3876,3252,3708,2764,1951,2469,2250,1072,1008,613,549,553,600,735,426,431,517,1112,788,1227,1505,1226,797,516,291,333,443,479,318,256,219,339,456,720,370,523,342,354,375,549,470,568,484,446,227,265,342,340,600,363,358,307,359,238,240,309,351,439,406,398,505,212,193,223,275,180,360,422,358,189,212,260,362,223,189,219,235,176,232,244,230,116,236,325,222,238,201,213,166,257,
47.31,266,536,569,676,5569,648,26121,287309,5740,1522,498,539,3117,21191,1503,18641,3679,2353,473,529,1702,7031,15810,1391,12976,1403,38509,842,770,2269,15110,1929,11722,7129,5876,15108,20345,1718,4188,15874,1503,7846,7094,3619,2084,5333,1856,5305,14207,2214,4193,1886,827,561,8880,2201,3407,7373,1359,2723,2528,1127,467,1015,5736,3236,1440,7171,2483,2633,914,384,1267,1811,2665,696,2762,1622,2550,1064,472,1072,1551,2092,689,2380,1850,1293,41506,2227,851,1123,2655,446,1544,2047,3613,403,494,735,928,1042,1437,4758,1575,2148,451,651,736,582,355,756,18346,2852,874,358,875,725,893,300,1187,909,39079,8163,1414,527,483,779,459,536,638,1353,573,1229,1561,371,411,627,812,721,1538,408,2847,1083,2102,502,327,439,1009,980,420,14668,2023,1094,326,626,421,869,861,613,3845,1091,581,913,598,619,583,342,912,747,2801,866,361,413,449,675,248,572,608,627,657,429,1228,408,538,419,585,635,689,9839,3599,1921,544,374,458,433,1193,484,329,26184,6349,1201,372,724,615,511,717,446,1633,3801,1699,420,440,493,481,529,472,496,1087,689,318,701,461,497,299,435,473,613,957,574,740,444,647,410,525,402,736,2399,1465,865,909,451,268,362,535,613,10048,3995,3303,720,461,542,393,626,499,246,463,1239,485,477,467,547,521,599,316,496,517,697,376,341,325,401,349,672,479,420,797,645,787,350,432,363,490,425,589,653,537,654,555,419,1550,640,509,416,1104,799,695,450,529,180,348,397,486,395,572,514,498,827,549,502,258,524,424,598,617,622,834,432,484,280,418,1022,1127,565,610,488,819,505,588,368,354,302,418,589,258,510,533,457,347,370,531,1287,406,1376,1111,491,494,207,520,343,665,377,325,469,619,503,351,637,1283,2256,755,1027,502,602,650,441,402,402,493,378,296,568,687,403,732,1029,818,987,746,427,257,301,521,468,345,464,341,356,421,349,571,390,956,592,578,347,334,262,424,529,331,343,1084,543,478,476,365,290,308,390,401,467,578,382,283,909,418,256,413,393,1821,619,516,1026,2664,1271,462,470,424,1037,716,440,391,593,877,716,577,2685,1829,746,596,599,1114,1604,1308,757,559,716,397,1405,836,2208,1222,583,688,724,2515,1303,2673,1634,7274,2769,1273,749,1538,4488,2740,1620,884,1532,1737,1284,949,5045,6126,3880,2898,12714,7636,2993,1365,1730,891,1605,1879,711,626,673,1589,966,3199,7836,6709,3896,2454,3398,725,1000,577,1667,793,3345,3484,2487,437,1150,1202,976,2228,3129,4900,6526,3013,560,415,441,354,682,559,1282,1054,728,352,631,414,592,1004,887,468,592,355,637,925,328,543,720,549,421,568,342,627,525,305,362,354,358,382,426,597,498,448,449,481,254,511,359,387,501,599,475,398,254,307,398,379,340,643,500,446,387,234,457,260,425,391,790,681,731,433,372,374,360,344,293,436,716,634,357,375,459,201,338,219,413,561,450,342,435,417,389,527,484,616,468,473,532,405,805,665,231,482,1562,580,460,706,779,426,409,234,436,405,427,516,750,534,550,477,273,1909,1381,787,322,690,707,622,462,458,438,637,437,846,1005,637,768,872,805,502,810,557,629,803,772,965,2499,1596,1328,1246,729,857,1196,1320,1715,2455,2845,2443,1981,1137,1443,1267,1439,1930,3083,3059,2732,3033,1689,2443,2039,2022,1541,3286,2817,3115,3207,3083,2638,2211,1902,1540,2329,2770,3248,3914,3738,3619,3054,2453,1761,1831,2471,2904,3762,3648,4460,3456,3036,2623,2505,1906,2724,3063,3676,3941,3803,3193,3581,2553,2158,2236,2975,3811,3655,3877,3736,3783,2943,2752,2336,2049,2922,2494,3412,3166,3192,3485,2908,2365,2353,2345,2402,2675,2344,2888,2781,3234,2492,2606,2137,1933,3138,2622,2441,2275,2619,2203,2308,1838,1955,2530,2844,2298,2256,2448,1906,2017,1898,1650,1902,2194,2080,2194,1900,1863,1531,1636,1379,1749,2050,1607,1653,1601,1401,1445,1649,1354,1494,1412,1124,1142,1381,1197,1192,1257,1114,1021,1147,953,1076,793,1073,885,1074,1060,2220,2477,2673,1895,1165,1029,1047,942,949,911,1097,1183,1738,1902,1653,1122,1101,900,808,679,862,1148,20571,22876,16761,6477,3976,964,656,742,1259,1536,1662,1035,615,744,571,635,441,8054,14347,16288,10974,7135,1992,672,834,601,2256,2468,2634,1721,6267,8289,6402,2331,955,665,449,500,448,8013,7747,6209,2725,2114,6334,8569,9421,4458,2780,982,580,734,537,449,5279,4138,1770,2300,1245,1227,366,561,699,629,426,473,774,361,1025,676,499,506,285,1572,556,865,791,1024,429,387,493,721,434,437,636,430,556,1207,6003,6795,4434,2508,1986,651,575,673,464,475,544,1707,2360,3136,1726,1227,769,1057,971,1344,1340,2684,1792,1020,759,464,3842,5972,7845,4356,2465,949,583,1188,979,1361,1395,6459,7308,6843,8697,6141,2177,1158,745,1021,1429,1296,1461,1669,1333,2590,2258,1526,1873,2222,888,594,1326,2848,2033,1871,1156,724,536,1321,2912,2611,2715,2273,1177,1959,1651,631,649,556,454,778,436,514,369,448,377,777,549,1195,1288,733,655,599,490,646,488,348,549,356,420,406,433,499,507,475,391,466,492,566,561,575,721,600,372,254,322,409,549,377,403,322,415,398,205,445,432,469,441,597,826,571,285,239,456,219,205,287,257,210,287,321,289,183,260,352,225,199,254,364,201,232,233,301,349,269,292,255,212,459,
47.13,265,353,446,364,5274,710,26289,284268,7137,1066,440,484,2363,17914,783,16430,3302,1470,516,364,2077,5182,11411,1168,12931,1237,35516,383,416,1849,13912,1587,10757,7062,4181,14058,20756,1195,3181,14784,1951,8507,6425,5276,2338,4183,1594,5296,13841,1660,3420,2287,512,346,8454,1314,2555,6044,915,2346,1789,1075,269,938,5611,2757,2051,5028,2051,2352,874,394,1172,1488,2253,654,2578,1213,1895,811,495,1233,1346,1628,540,1859,2116,908,33210,1779,718,1178,3026,593,1516,2491,2487,349,461,311,831,637,1379,4221,1486,1236,349,384,450,785,324,566,15361,2391,537,361,530,447,481,215,790,1225,36111,7445,810,310,404,450,257,483,761,1066,380,820,1143,497,357,310,327,675,2121,359,1509,831,1703,356,341,472,610,951,462,12710,1992,706,169,306,521,700,683,426,2313,745,467,790,688,362,635,345,753,1062,2744,663,298,384,362,460,381,560,758,710,442,289,455,301,389,312,368,462,527,10629,3414,2841,1098,294,523,416,691,447,273,26439,4768,661,409,649,401,488,1061,258,1035,3549,1237,425,611,412,390,469,211,362,856,784,328,495,602,632,272,284,671,646,653,458,607,286,387,374,303,313,533,2490,855,599,636,447,345,378,489,591,11260,4426,2735,617,415,581,432,337,355,478,396,998,708,441,494,289,308,422,201,508,468,713,305,356,567,321,321,845,402,409,1020,535,673,262,263,369,291,598,352,809,720,349,467,410,1201,384,303,319,1301,827,599,492,441,203,341,276,440,290,764,423,536,703,372,243,291,534,254,322,502,927,549,451,410,274,324,1245,786,552,762,396,483,342,399,357,632,404,578,384,320,306,594,235,274,324,358,1128,475,995,512,292,412,246,565,310,531,531,269,563,599,372,174,969,1147,2380,1382,970,422,659,521,271,288,500,429,287,334,591,647,304,550,1206,481,1298,554,687,320,288,722,605,436,356,400,222,308,312,362,607,896,635,390,414,297,458,319,415,313,606,791,709,873,270,543,460,331,222,304,484,361,517,292,665,372,204,438,444,1237,543,300,801,2546,1420,585,453,383,934,310,364,268,512,1069,531,475,3146,1518,737,562,528,643,1834,1602,559,560,503,341,1206,670,1891,626,988,1017,1216,2105,1479,3132,1465,6786,2336,1058,742,2135,5285,2709,1044,686,1020,1011,1660,795,4324,4120,3258,1573,9543,5492,2484,1063,758,750,1501,1497,646,493,400,1792,467,3190,6870,4532,3009,1965,1941,611,840,578,1712,716,3867,4240,2316,754,1879,697,431,2044,2777,4398,6648,2904,332,351,557,364,515,321,604,752,561,359,585,550,434,1209,491,520,501,547,526,384,320,566,365,516,624,570,393,521,335,233,428,198,301,329,323,300,365,422,244,514,380,270,228,598,365,697,414,351,273,292,227,348,312,542,707,331,362,194,280,274,284,349,513,528,589,390,197,351,321,352,283,547,531,367,281,251,283,238,369,230,550,435,381,328,406,191,259,253,317,293,366,403,504,530,769,597,372,205,1793,558,251,669,572,486,403,273,346,462,567,295,545,769,654,497,269,1584,1645,908,501,542,919,891,503,516,344,935,849,459,892,731,1221,929,747,749,624,1004,797,666,741,1633,1887,1958,1346,1376,876,897,1306,1121,1635,2742,3481,1989,2082,1616,1899,1373,1440,1612,3837,3030,3683,3673,1996,2901,2761,1746,1678,2588,2475,3113,3701,3043,3030,2310,1882,1333,2410,2306,3120,3397,3850,4102,2922,2352,1913,1984,1785,2253,3066,3435,4295,3407,3062,2733,2089,1947,2063,2561,3323,3897,3697,2879,3407,2763,2297,2436,2771,3183,3371,3209,3511,3374,3114,2423,2693,2648,2799,2336,3187,3259,3537,2723,2963,2188,2068,2148,1979,2349,2166,2621,2914,2619,2246,1848,1858,1917,2065,1968,1996,2399,2490,1704,2121,1665,1420,1973,2535,2489,1845,2073,1402,1871,1458,1603,1525,1731,1345,1760,1359,1140,1362,1007,1266,1284,1769,1232,1495,1158,1171,1358,1398,1174,1012,1280,1108,1024,946,939,876,1022,1365,995,903,1032,948,789,876,859,764,858,3546,3642,4443,3101,2019,923,870,663,803,683,788,948,1004,2681,2355,1340,749,759,541,880,700,845,22086,23094,16831,6769,4322,747,609,599,1778,2469,2496,1188,521,450,389,470,574,7307,15485,17822,12732,8173,2720,777,739,449,944,1261,1191,923,5176,7010,5822,2641,833,595,442,351,539,3509,3555,2478,1702,1144,4141,5010,5943,3504,2135,981,703,691,512,350,4470,4450,1378,888,660,512,624,458,745,589,361,402,888,381,980,749,631,342,324,2328,655,605,776,1124,475,369,295,769,602,389,456,329,341,1884,5368,8150,6830,2631,2189,786,589,609,412,511,506,1829,2812,3240,1631,1574,714,854,1120,1135,1589,1777,1287,818,376,395,4283,6030,8131,4285,2455,1051,710,1378,896,677,951,3411,4089,3843,4091,3204,2115,888,878,763,1039,1159,1167,1065,1143,1809,1380,784,1248,1131,454,431,1032,1361,1259,871,597,463,466,1290,1889,1759,1780,1367,621,755,860,390,480,415,334,346,412,381,342,411,316,464,437,727,792,595,605,408,476,383,252,487,286,288,353,418,327,511,333,431,463,374,469,359,475,468,439,433,299,276,315,242,464,301,313,332,312,321,191,206,242,390,296,835,480,375,187,340,253,245,151,192,200,270,394,240,167,178,137,194,262,195,152,148,227,206,196,282,213,162,130,184,263,262,
46.95,264,524,398,823,7070,543,26290,287035,7633,1143,418,637,2931,20699,1393,19931,4822,2401,457,833,1238,6308,13562,2114,17435,1476,40532,478,847,2358,15130,1763,13701,8634,4118,18175,22874,1270,4170,19834,1948,8257,5621,4605,2859,4916,2731,5071,14858,2194,4794,2038,932,652,10673,2076,2845,8204,1445,2898,1973,1476,372,757,5971,3601,1331,7430,2216,2893,803,362,880,1654,3377,1028,2614,1234,1289,1151,451,834,1574,2148,670,2137,1884,1400,36963,3221,862,766,2341,713,1776,1834,2998,453,540,758,745,1208,1265,5460,1651,2032,674,605,609,637,502,863,19030,3172,1048,586,506,543,779,385,1084,884,52964,12440,1077,739,414,562,379,818,1044,1095,662,904,2637,556,435,380,448,663,1417,429,2520,1682,2276,585,454,589,926,584,536,13692,2396,1049,475,498,514,603,844,572,3891,1061,500,738,891,388,712,506,555,732,4337,1577,468,405,420,717,479,520,529,1170,639,322,940,620,450,262,667,652,762,11792,3735,2004,1044,511,584,500,969,711,390,27853,6228,974,540,1042,721,624,600,519,1560,4848,1648,331,396,541,654,517,394,396,1230,705,367,546,504,608,404,518,367,757,1411,422,624,393,414,391,395,587,720,3225,1525,1164,835,530,329,376,641,488,10623,4691,3027,602,444,683,396,518,359,407,880,1219,866,408,436,424,504,526,428,645,620,609,459,444,427,492,337,868,519,533,1470,606,1087,541,628,298,519,633,484,1034,809,654,736,489,1389,652,468,426,1151,958,993,442,455,287,344,428,590,342,1105,545,468,1445,956,417,376,550,293,665,671,1154,644,541,343,326,386,1516,1168,369,471,344,875,296,391,380,369,378,426,626,415,382,473,388,271,495,1013,1232,526,1462,495,629,524,299,443,541,757,582,476,451,924,531,463,719,1280,3179,1329,1054,434,1406,771,350,596,375,424,304,421,468,812,401,701,1137,923,798,613,414,417,331,652,407,388,653,350,318,392,544,388,533,702,686,466,573,515,458,431,650,369,397,937,712,472,416,549,467,425,285,321,659,681,454,466,741,404,334,628,734,1712,872,602,1116,2466,1107,450,405,455,1231,533,491,309,538,944,494,541,2165,2383,883,937,610,1032,1964,1081,472,434,734,709,817,796,2179,728,860,579,686,2764,1537,2367,1211,4079,1550,1186,696,1767,5097,2312,1282,742,880,1171,1966,973,4801,4145,3730,1899,7267,2984,1738,1133,1107,1022,1326,2130,835,661,596,1379,742,2864,6106,3775,2747,1547,1891,762,893,665,1712,453,4641,4564,2306,352,1497,1032,691,2014,3372,4233,5557,3007,706,556,392,402,660,600,989,1019,776,442,859,449,523,1289,601,504,745,533,576,469,274,682,442,596,550,549,430,555,629,374,637,390,475,573,524,353,484,463,440,543,421,335,265,549,566,521,478,514,495,417,379,286,369,573,839,549,554,314,402,255,351,326,916,1226,832,490,299,337,319,394,324,699,714,591,386,447,398,312,385,224,514,577,495,341,388,352,360,378,327,383,541,528,374,397,523,569,309,466,1117,502,538,896,1429,661,497,423,478,481,522,436,803,836,713,586,332,3367,2949,2546,674,760,843,848,685,780,583,2086,555,1415,1013,1283,1224,1633,1800,1234,1179,1052,839,1288,1226,2480,3336,2979,1475,1851,1239,1395,1239,1495,2768,3430,3667,3342,2975,1810,2101,1652,1755,1641,3498,4168,3435,3367,2886,3610,3474,2091,1601,2870,2888,3725,3998,3248,4190,2957,2664,1671,2393,2371,3293,3304,4183,4437,3369,2935,2169,2525,2281,2941,2895,4068,3931,4409,3816,2842,2608,2447,2719,2777,3921,4569,4397,4105,3675,3200,2886,2459,3608,3479,3586,3690,3531,3825,3421,2876,2615,2405,2660,2579,3383,2943,2920,2834,2565,2482,2299,2143,2146,2430,2539,2285,2393,2614,2308,2597,2150,2145,2282,2334,2313,2426,2342,1824,1814,1701,1808,2151,2048,2386,1765,2111,1819,1852,1505,1485,1833,1935,1761,1569,1510,1499,1387,1794,1228,1745,1866,1650,1277,1418,1521,1744,1457,1159,1083,1516,1460,1173,780,916,1015,918,1181,1262,1040,1104,993,756,896,889,873,878,6857,8751,9246,5968,3081,1220,720,1021,735,739,1025,1085,1309,5272,5852,4555,1402,1113,601,1088,987,989,19326,22132,16060,6401,3707,1307,838,642,4182,5793,4773,2777,846,416,574,557,454,7812,14360,18650,13614,9806,3225,973,733,389,530,749,768,470,6184,7981,5676,2543,1140,561,435,498,646,1881,2392,2148,877,748,3019,3728,3122,2633,1465,872,679,817,618,522,6856,7020,1374,707,431,375,489,1051,1402,1029,647,466,1222,657,1407,1689,852,468,379,2139,1057,1317,1009,1301,1399,559,842,1133,893,546,513,408,604,2265,8670,9629,8025,4374,3477,1164,501,888,662,690,557,2015,2258,2640,1375,1410,1296,779,852,1043,1116,1943,1334,661,600,486,4605,6512,8023,4489,2697,1030,625,1414,848,820,683,1903,2843,2702,3486,2740,1665,1175,557,931,833,1012,1059,1432,1131,1146,808,974,941,1012,425,720,763,1195,923,792,408,502,453,904,1438,1105,1320,1015,688,797,631,391,658,406,540,532,489,403,427,530,351,620,558,571,816,511,834,377,395,255,400,248,428,392,217,418,266,422,448,525,340,495,336,457,336,760,448,438,265,349,279,287,504,526,251,192,338,254,482,270,468,519,388,550,418,419,249,229,238,230,423,207,269,227,272,170,385,314,287,217,206,338,220,321,340,450,249,274,340,348,242,192,250,315,
46.77,263,497,346,352,5350,767,28088,275194,6389,1226,351,351,3078,17341,1474,19005,4167,2214,370,348,937,6918,15678,1075,14796,1180,36230,252,619,1278,13326,1990,13351,5775,4439,15880,22829,1959,3812,14844,2035,8351,6461,5502,2076,6700,2181,4725,15720,1681,4322,1914,703,411,9534,1670,3170,6223,966,2865,2210,1781,433,469,7663,3856,1500,7619,2382,990,877,330,764,1773,3649,637,2679,1206,1955,666,283,822,1221,2153,768,2256,2464,1156,33113,2828,861,947,2217,604,1925,1830,2282,558,367,645,1418,940,1479,5565,1510,1699,511,381,474,734,316,935,19822,3176,860,348,781,470,736,295,654,498,70858,15272,1271,633,220,646,306,594,632,1106,889,914,1295,398,512,373,448,643,1619,317,1641,1588,2000,390,340,711,595,886,435,15111,2961,1149,302,429,735,803,770,412,3847,1003,495,351,1012,463,593,312,675,832,5311,1472,287,419,461,531,249,420,755,409,817,400,1257,324,538,211,603,452,527,10374,3583,3397,664,276,630,709,620,614,237,30603,5749,824,437,575,617,597,618,318,2037,3198,1887,324,484,441,548,420,218,382,668,800,280,462,431,576,280,417,515,410,833,387,569,705,403,221,484,292,732,3147,1833,987,710,366,246,334,504,436,12138,5250,3508,570,396,603,417,324,607,229,393,1042,570,271,405,543,505,336,257,515,463,999,512,416,332,474,298,593,392,443,888,558,885,420,618,334,444,757,596,696,424,411,372,312,1098,517,420,461,1266,838,1092,387,394,272,453,402,442,410,826,583,488,1117,586,303,357,514,327,344,470,886,732,388,412,459,619,1590,1481,469,441,452,684,248,377,363,281,394,286,820,360,363,445,427,221,366,817,1397,389,1400,516,457,314,190,651,416,393,514,450,461,699,397,465,363,956,3478,1294,505,423,737,768,317,549,347,307,223,343,590,606,398,666,676,520,510,495,341,411,712,688,518,585,659,431,215,450,516,336,459,518,378,440,643,565,314,493,447,257,200,1003,578,675,335,465,374,237,260,208,547,674,289,339,528,447,346,536,948,1763,737,303,930,3243,1117,195,325,684,829,706,440,304,374,840,410,506,2542,1696,963,515,547,935,1625,1037,617,737,611,467,740,698,1667,428,424,536,1011,2268,1434,2087,1068,3285,1401,969,766,1571,5674,2375,755,483,569,1016,1059,934,4221,2908,2715,1245,5136,1429,741,659,816,744,1036,1894,792,717,391,1432,693,2602,3998,3539,2829,1298,1044,557,848,771,1110,768,3659,4349,2174,391,1293,588,519,1997,2036,3298,6212,3239,410,554,425,332,749,356,672,608,743,399,449,353,296,1127,534,554,539,344,469,400,446,355,341,663,710,435,336,477,375,354,472,436,287,354,456,529,330,370,394,383,320,285,307,309,294,461,334,329,226,327,294,316,431,594,590,468,290,368,265,381,358,318,1115,626,751,435,266,318,226,452,259,766,833,662,322,238,324,433,309,215,537,297,391,468,382,263,330,233,400,418,485,372,320,601,628,416,190,481,1492,505,507,741,1118,600,662,495,273,435,606,764,903,795,641,786,517,4142,4071,2863,660,883,1171,798,985,987,664,2880,851,939,854,1147,2158,2209,1439,1315,1451,991,856,1088,1594,2298,2840,2485,1654,1958,1606,1492,1506,1600,3248,3296,4512,2728,4256,2385,2495,1616,1816,1621,3044,3954,4134,3554,2036,3014,2672,2258,1540,2451,2959,3706,3571,3103,3020,3296,2608,2286,2375,2540,2974,3043,3834,3867,3592,3110,2656,2425,1974,3054,2869,3807,3797,4314,3655,3118,2839,2264,2431,3004,3296,3202,3846,3306,4230,2935,2910,2842,3321,3754,3133,3073,3841,3085,3137,2574,2689,2656,2905,2641,2112,2694,2819,2393,2357,2104,2002,2527,2256,2095,2014,2304,2336,1863,2389,2587,1675,1807,1958,2038,1897,1774,2061,1330,1792,1800,1376,1632,1791,1756,2076,1418,1568,1497,1298,1448,1417,1627,1503,1238,932,1233,1202,1083,1089,1567,1794,1544,1285,974,853,1528,1241,1013,1184,1635,1218,918,797,878,1052,719,1065,911,1070,878,970,775,763,781,711,628,9267,11449,10635,5754,3229,1251,590,609,425,514,716,821,900,6737,7177,5911,2596,1139,454,1953,2411,1290,14283,16837,11733,5110,2635,1243,1341,570,4649,7135,7134,3533,1421,395,521,392,309,5939,12290,17316,13521,7354,3678,887,421,553,365,390,366,646,3978,5343,4821,1802,913,489,371,286,403,859,588,618,622,650,1130,1241,1900,1067,937,744,1170,1102,881,556,7834,7407,1145,679,436,434,404,1686,1729,1369,712,393,950,347,2345,1608,1349,488,335,1633,986,1315,1633,1867,1185,481,860,946,845,949,345,337,509,2083,9566,11723,7994,3514,3044,1134,641,590,526,607,621,1550,1790,2572,1277,1035,809,734,910,961,1146,1163,824,536,603,387,3419,5658,7223,3927,2396,917,509,1342,595,596,438,709,1089,1651,1428,1299,1067,379,457,536,682,575,861,890,712,683,431,425,724,822,421,406,453,526,353,466,430,522,412,562,1229,744,890,564,527,590,563,350,451,304,514,313,358,232,228,337,190,673,374,459,446,504,497,367,336,249,279,265,318,315,301,197,350,574,398,251,374,324,192,333,285,616,387,439,246,244,266,188,403,233,289,226,231,272,467,395,317,594,263,454,509,274,240,191,221,215,199,231,173,196,351,259,214,218,308,345,218,190,163,179,195,288,133,332,183,131,409,180,271,171,
46.6,262,379,400,717,7965,735,26984,295460,8102,1368,369,437,2512,24265,1562,19360,6116,2895,352,531,878,7611,14783,1438,16607,1322,39846,403,618,3227,14718,1212,12669,6669,5291,19072,26160,2088,5562,18290,1554,9456,5884,4508,3413,6246,2139,5362,15758,1499,3989,2206,1315,679,8770,1647,3531,7470,1137,3340,2015,988,541,685,7210,3847,1627,6906,2221,2968,919,464,1491,2419,4980,1019,3162,1317,2826,1026,342,625,1247,2264,623,2502,2672,1107,28808,3137,877,2109,2800,809,1610,2021,3258,664,511,486,1300,1360,1774,5305,1766,2106,461,761,591,569,368,1083,24830,3056,850,628,865,691,619,391,1191,1242,75731,16531,1788,637,702,1033,280,523,827,1351,1100,882,2034,441,606,302,599,754,1730,368,2104,1184,1740,589,337,506,775,583,435,19315,2339,1312,536,504,493,734,797,386,5706,1372,662,706,816,580,579,559,637,999,7060,1759,762,423,430,684,401,535,503,815,809,306,1195,440,590,389,568,560,595,10621,3539,2251,998,603,663,563,784,986,658,33141,7348,816,571,808,537,449,777,446,1693,4741,1610,421,471,374,369,759,387,707,1437,518,254,395,526,569,316,368,629,541,1917,949,864,522,459,322,544,380,995,3518,2016,1657,933,553,502,386,773,644,14618,4465,3833,725,395,887,434,530,780,303,472,1335,570,378,428,367,400,647,307,480,649,883,379,403,302,404,343,682,454,451,1163,699,862,375,429,379,722,759,717,1534,732,547,586,528,797,869,345,637,1690,1349,1926,806,530,360,361,448,784,456,1181,489,410,2145,874,437,404,572,433,455,633,1429,794,398,364,524,570,2033,1930,533,666,593,753,284,397,540,392,516,531,561,327,632,387,388,335,414,552,1758,730,1457,511,357,360,335,483,373,384,467,373,473,797,408,427,742,960,2713,1524,887,513,958,785,368,333,420,265,344,424,714,622,447,962,1072,708,729,694,504,518,1374,1086,657,553,1038,536,579,370,386,404,522,540,518,457,556,575,431,387,737,319,504,913,463,383,303,484,483,390,341,477,727,1136,757,482,687,585,413,336,1554,1657,858,411,909,4033,1988,415,437,785,853,676,472,300,503,723,549,699,2568,1690,1122,816,515,776,1245,1250,552,782,882,713,806,1056,1932,685,704,672,959,2406,1050,2454,1238,2156,966,1243,809,2304,4223,1761,791,503,536,1015,1468,1060,4386,2927,2070,800,4588,1500,1358,750,546,673,1443,2292,754,563,356,2046,1005,2676,3459,3264,2346,1373,1186,434,720,740,1424,406,3995,4587,2042,493,1500,888,463,2020,1955,4085,5569,2918,573,492,594,558,550,513,1031,762,775,436,498,574,430,970,629,507,547,427,589,482,313,624,577,674,541,489,445,550,372,378,542,444,384,584,594,283,557,644,408,497,565,425,424,706,609,410,429,329,342,257,257,371,390,633,918,861,417,351,319,280,328,461,727,910,823,558,277,327,488,326,350,731,1060,1285,574,409,362,231,389,348,670,573,451,357,304,378,258,369,227,622,406,398,449,426,535,845,377,507,1476,545,597,1026,1782,1106,815,529,490,455,1137,898,1142,1122,1090,1068,681,5090,11181,8406,1030,988,1234,1955,1716,1564,1054,3869,1225,1125,1166,1477,2270,2433,2306,1886,2025,1624,1127,1164,1810,3031,3678,2955,2075,2718,2006,2028,1835,1658,3143,4078,6073,3848,5284,3287,2800,2575,2130,1479,3229,4235,4930,4123,3431,3474,3242,2717,2303,2896,3134,3540,3769,3384,3867,3099,3471,2303,2593,2714,3186,3182,3689,4213,4041,3795,3278,3066,2652,2676,2743,4126,3531,4231,3603,3513,3223,2836,2656,3523,2977,3346,3885,3075,3534,3108,2899,3361,3278,4086,3409,3478,2801,3094,2768,3675,2712,2566,3079,2328,2552,2255,2424,2882,2470,2138,2318,2004,1976,1947,1774,1998,2253,2107,1781,1904,1982,2024,1945,2170,1887,1824,1847,1542,1764,1541,1488,1843,1767,1766,1490,1581,1391,1348,1221,1317,1497,1652,1547,1271,1101,1014,1339,1005,1043,1714,2230,2180,1834,1008,913,1333,1396,1005,1036,1996,1258,1186,896,724,722,739,757,995,1073,1053,1261,702,687,616,1023,748,11318,14259,14317,8462,4970,2266,967,640,529,536,614,634,1157,14834,16036,11011,4971,2092,994,5258,5403,3866,12215,14266,9162,3455,2820,1092,969,569,7652,10267,11337,5991,1295,829,665,344,450,4797,11595,15833,11798,8259,2725,644,791,461,488,516,380,415,3873,4198,3330,1269,973,909,412,452,543,572,597,677,1031,850,598,824,1124,1060,768,878,1283,1573,1147,727,9898,8730,1547,803,446,410,475,1905,2264,2077,901,601,1152,594,3107,2955,1855,983,545,2257,973,1478,2335,2376,1457,994,606,1260,635,638,608,328,862,2482,9091,12489,9463,3861,3434,1171,664,579,677,521,590,1262,1700,1662,1331,1172,840,822,999,984,1169,1121,565,408,546,433,3345,5209,5815,3091,2869,854,385,1096,547,539,502,957,833,1075,1184,980,731,531,452,489,703,487,720,903,612,561,566,311,888,545,397,327,424,448,573,312,300,331,417,404,856,597,625,592,497,695,601,382,519,328,297,274,388,436,194,416,478,489,545,476,623,454,662,436,430,424,380,298,251,249,389,286,222,241,247,368,450,275,310,534,463,557,568,491,376,402,437,289,488,341,331,368,280,305,416,340,482,488,431,512,522,316,295,363,165,479,259,276,398,232,289,201,271,280,213,337,310,349,274,257,206,396,339,193,277,229,334,260,338,324,
46.42,261,316,489,758,6754,791,33135,298173,6755,1112,384,369,2623,22050,1527,19562,5928,2047,354,484,1102,6585,13670,1326,13177,1236,42169,463,952,1805,13606,1392,11846,7437,4230,18078,29994,2402,3897,18365,2006,8277,5583,4271,3133,5398,1336,5925,17501,2153,4119,1701,798,412,8142,2210,2555,7045,1032,2408,2734,1690,540,662,7190,3100,1395,7810,2357,2318,859,414,1113,1674,5543,667,1807,1721,1291,882,379,497,1421,1764,641,3221,1557,1091,26917,1962,654,1241,3012,389,1871,2380,2840,569,891,603,1300,759,1297,6102,1219,2127,326,672,613,977,660,1114,26916,4719,974,647,687,624,859,389,917,810,76455,17319,1416,1250,292,747,376,783,647,1317,1087,838,1505,438,499,689,570,684,1653,321,2281,1435,1491,513,385,414,867,836,460,18709,3793,1251,489,438,378,428,937,534,5621,1357,497,611,767,438,669,326,804,907,6474,1415,372,549,465,663,396,460,891,735,727,332,1031,503,432,425,555,473,599,11332,4198,2675,776,480,479,602,650,355,244,32156,6679,820,508,861,556,457,418,325,1619,3630,1475,441,356,443,410,703,312,484,973,829,383,385,506,453,319,341,463,673,1066,709,622,552,514,349,439,720,1602,4452,1841,1110,683,437,384,607,540,389,14211,4249,3541,809,461,353,339,437,357,249,485,1405,443,391,347,565,438,631,212,737,716,519,325,364,329,407,314,1181,418,644,2000,637,866,615,291,247,434,1484,338,773,456,378,320,371,1163,545,619,466,2124,1093,1908,901,458,253,386,269,408,261,1276,476,625,2456,788,535,484,330,205,471,422,1316,669,419,355,334,542,1983,1448,545,717,717,509,341,350,301,418,505,363,417,287,323,471,303,232,306,476,1595,654,1446,427,178,300,257,418,367,288,344,323,336,650,676,220,817,953,1925,1220,755,327,1235,707,350,293,351,316,302,253,551,793,572,987,739,994,773,522,363,227,650,916,622,513,1661,864,334,366,451,464,455,478,566,395,435,548,332,435,449,349,316,604,621,466,435,329,515,334,346,441,849,1227,697,396,624,348,246,532,1420,2054,676,519,881,4349,1577,347,351,522,1047,319,367,405,328,1109,590,433,2569,1521,764,538,564,612,1042,634,385,883,635,381,556,905,1077,624,554,679,911,2595,957,1289,945,1329,565,1005,592,862,2586,1390,774,458,418,592,898,577,4069,2157,1776,1162,2206,1107,670,577,617,649,730,1294,576,632,395,1502,1037,2203,3248,2665,2129,1164,962,545,1041,542,698,464,3920,4274,1976,429,1369,461,562,2120,1708,3581,5965,2134,793,491,583,345,548,390,765,923,510,397,438,384,449,1118,387,535,460,450,550,431,389,695,318,755,470,636,503,479,319,330,1014,249,351,286,646,388,409,466,400,619,266,389,485,336,318,462,459,264,195,267,396,299,466,398,735,365,571,217,291,334,245,211,919,817,715,317,336,168,300,363,190,974,964,840,353,420,349,284,355,216,503,688,460,392,388,521,366,310,222,502,394,490,393,430,561,408,389,393,1117,409,584,932,1946,1001,799,584,717,460,1286,890,1181,1157,1447,1645,802,4906,15419,11620,1551,1260,1534,1513,1651,1480,1496,3397,1514,795,1239,1615,3731,3445,2203,1856,2543,1448,1318,1727,1759,3272,3065,2910,2836,3150,2491,2464,1863,1761,3076,4391,4323,3880,6267,3473,3225,2328,2391,1907,3222,4230,3504,3656,3468,4296,3968,3090,3135,3002,2972,2871,3804,3803,4153,4494,3496,2795,2970,2638,2672,3122,2948,4146,3475,3755,4279,3744,2565,2321,2461,2449,3109,3362,3440,3165,3585,2959,2595,2644,2664,3048,3107,3138,3073,3626,3003,3022,3250,3689,3285,2879,2436,2724,2587,2913,2690,2926,2806,2289,2214,1824,2099,1818,2188,1709,1811,1843,1731,1517,1353,1690,1296,2224,1699,1954,1697,1600,1582,1488,1214,1413,1238,1671,1461,1460,1209,1542,1537,1347,905,1041,950,1321,1134,1340,1341,1710,1109,1117,1155,730,1078,905,1305,1805,2763,3450,2391,951,1036,1127,908,904,1000,1628,964,938,741,929,740,716,721,1289,1205,1522,815,620,704,617,508,524,10997,14284,14854,7374,5262,2514,834,510,454,476,533,486,712,15194,17548,12875,5190,2638,784,7202,7922,5933,7339,7525,5495,2459,2182,1145,698,769,8134,10466,10165,7168,1698,824,417,306,564,2250,7212,9655,7521,5010,1990,741,517,572,315,280,323,331,2306,2424,2107,971,448,387,406,398,521,521,493,876,1530,993,945,398,404,451,890,1233,2438,2102,1517,748,10120,9058,1600,793,588,308,358,2880,2820,2643,1186,465,925,752,3347,3697,2318,950,570,1814,757,1325,2452,2563,1703,1261,632,1302,961,586,572,310,525,2062,9340,10968,8959,3918,2074,1080,570,476,535,463,670,754,1258,1267,813,909,523,523,636,828,740,808,507,511,355,358,2334,4166,3751,2741,1320,817,471,1012,463,481,361,316,529,780,554,749,536,403,368,281,386,397,505,793,491,323,389,336,655,683,307,264,210,349,219,454,266,330,242,291,529,325,563,437,311,388,492,366,582,205,372,299,187,291,228,229,224,432,317,510,525,416,457,289,401,285,319,225,196,322,205,285,271,297,382,347,294,279,242,431,535,362,409,319,279,243,141,271,479,325,275,191,281,385,296,217,271,332,355,458,592,333,270,315,295,182,192,288,249,210,247,180,270,232,209,182,244,203,272,151,261,206,248,264,235,243,174,279,166,264,
46.24,260,481,363,339,8274,810,27952,297242,8422,1775,518,613,2437,24104,1507,22039,5545,2757,414,714,1640,6784,15414,1126,16237,2083,47059,495,447,2019,16803,1643,13659,6061,4077,18762,28579,3155,4392,20205,1930,9634,6725,5427,3816,6364,2139,6659,15784,1796,4341,3815,896,562,9023,2192,3469,6810,1164,3669,2477,1025,454,770,8678,3935,1623,8719,2179,2917,1857,435,1366,2954,5157,1277,2714,1518,2280,1250,458,1239,1221,1892,762,2634,1765,1107,27983,2615,873,1559,2660,528,1535,1689,4611,525,754,686,1439,1427,1407,8191,1538,2211,701,811,480,602,296,1192,30343,4471,1109,489,865,598,838,274,1243,1008,75894,18417,1563,583,642,611,297,784,846,967,2996,981,1499,449,421,878,732,801,2146,498,2385,963,2000,401,547,794,766,965,355,24547,4436,1070,400,607,607,759,870,557,5541,1383,595,659,868,529,646,434,764,826,7303,1616,379,549,455,640,403,886,703,1151,613,453,1869,545,442,301,778,744,532,13337,3956,2872,744,432,759,529,745,580,609,36947,8687,925,358,1121,601,811,840,374,3078,3434,1539,626,621,558,593,678,368,522,1196,577,278,592,607,567,324,513,570,1163,2197,620,860,484,419,349,501,454,2208,4555,2571,1694,693,423,443,535,694,625,14113,5635,4128,831,390,434,519,485,287,394,616,1009,548,381,412,479,479,445,328,446,797,1176,578,540,406,549,508,977,529,641,1457,785,701,477,479,404,477,1016,659,1651,683,752,621,456,1299,498,441,517,1973,1078,3357,781,767,362,362,491,602,389,1040,556,918,2509,926,510,405,647,375,466,884,1310,740,548,479,387,755,1772,1929,877,655,740,649,450,467,341,458,491,398,536,477,458,655,351,366,480,614,1244,658,971,381,593,543,292,338,442,339,415,354,497,715,502,294,990,1451,2846,1154,1558,399,1503,943,592,484,600,510,344,429,808,779,459,921,1221,1014,536,599,332,520,1247,1084,657,459,2984,1409,566,395,593,747,492,560,514,315,689,702,463,465,788,434,477,1161,789,600,382,528,553,318,413,394,577,1811,1408,450,401,538,366,715,1733,1972,971,536,849,4956,2024,282,674,551,1174,458,655,367,487,946,830,486,4040,1695,738,614,493,938,823,462,546,628,725,714,727,866,1066,614,886,541,1000,1839,1038,1868,902,1013,569,1250,638,1829,1888,1897,753,536,559,868,1350,643,3007,3013,1636,755,2219,874,696,729,990,635,845,2531,496,715,529,1378,964,2363,3382,2572,2514,1404,918,558,951,667,878,450,3631,4448,2632,560,1243,1188,569,2145,2248,4524,4191,2409,422,518,801,413,695,515,852,990,603,363,738,487,781,912,907,629,546,468,582,568,371,474,284,878,470,594,374,497,352,368,1329,456,319,584,720,431,483,476,423,596,319,488,402,476,457,697,463,329,324,403,315,323,512,554,1114,566,510,318,284,489,382,292,975,916,1089,550,242,384,442,345,485,1062,824,875,373,470,321,263,339,346,656,544,526,307,415,506,421,420,499,951,657,594,463,601,664,651,482,716,1902,958,491,1133,2898,1971,1197,902,868,576,2262,1541,1309,1442,2114,2355,1388,9214,21842,17966,2086,1981,1676,2581,2503,2218,2263,3548,1397,1273,1812,2152,3302,3578,3192,3626,3427,2097,1971,1692,2149,3550,3820,3512,3712,4100,3062,3084,2717,2121,3009,3741,5630,4571,6657,4794,4287,3633,2519,2355,2842,3681,4162,3753,4499,4395,3705,3775,3177,3137,2911,3024,3593,3764,4588,4385,4046,4095,3768,2266,2780,2853,3683,3912,4665,4800,3328,3583,2829,2734,2368,2852,3133,3058,3593,3647,3443,2741,2750,3093,3464,2565,3179,2762,2914,3273,3101,2865,3148,3912,3286,2881,2151,2673,2995,3426,2509,2432,2611,2072,2054,1622,1895,1855,2220,1881,2043,1660,1662,1344,1415,1902,1636,1928,1479,1610,1748,1381,1472,1083,1157,1245,1507,2283,1655,1312,1341,1586,1426,1227,916,1169,1157,1512,1098,1157,1534,1731,1569,1134,891,871,896,1125,1351,1559,7517,8574,6329,1889,1220,960,903,846,1032,1653,1169,887,787,833,681,716,765,3061,3170,3664,1840,765,643,662,479,662,10798,13151,14091,6656,5717,3151,1615,627,564,605,543,587,861,19032,21669,16807,6508,3611,1367,13239,14103,11504,5482,4600,2877,1252,1535,763,661,575,6056,8921,10293,4893,1776,801,474,493,408,1641,4965,7384,6378,4881,2205,707,619,496,416,427,367,574,1058,1229,1072,812,577,405,485,562,502,532,419,1983,2588,2025,1459,456,422,496,883,2210,3912,3495,2285,776,9556,8771,1529,1173,611,445,543,2943,3563,2258,1568,633,1351,670,4397,4433,3965,1922,857,1665,963,1883,2408,2890,2272,1256,993,1008,900,1011,463,532,854,2157,7230,9965,7590,3912,2640,875,805,567,421,549,563,543,1005,1171,579,875,596,475,650,776,932,663,678,491,369,479,1782,2938,2829,1675,1335,639,420,958,506,391,243,487,614,429,668,703,482,336,385,345,278,370,416,632,856,455,474,374,505,546,272,249,432,332,389,396,222,250,421,335,683,383,570,723,435,499,560,312,342,507,313,414,278,467,254,292,256,408,315,474,482,394,642,370,504,463,320,525,341,428,281,448,400,347,237,359,374,351,313,649,379,459,529,380,327,286,302,243,355,389,299,269,264,318,308,254,411,489,234,490,421,461,242,290,283,293,375,375,248,265,329,162,292,278,246,326,193,383,202,276,401,239,284,442,330,296,234,380,293,433,
46.06,259,323,318,449,8425,427,29602,311545,6281,707,328,312,3009,22167,1140,17538,6008,2323,310,412,1242,6044,13174,1422,16019,1496,45221,380,525,2633,17044,1381,12033,6972,5089,17263,28846,1047,3952,19840,2201,8696,5487,4502,2745,6276,2109,4988,14406,2062,4642,2042,1074,727,8257,1650,2834,6639,770,4010,1991,1263,435,665,10049,3887,1259,8036,2511,2456,915,268,850,2233,4874,1186,3379,1745,2082,1038,324,905,2438,2365,558,2017,3713,1043,30677,3059,599,1359,1843,341,1321,2209,3207,441,685,722,1296,764,1134,6864,1473,2121,702,811,701,709,348,1214,32184,4111,1084,364,818,651,581,292,1252,1057,63895,13190,1476,589,924,491,446,965,850,1039,2956,766,2322,903,464,514,595,819,2164,683,2187,744,2002,574,594,694,701,912,471,20740,2967,1194,820,529,505,808,816,526,5317,1242,512,519,760,427,641,562,1013,769,5709,1598,349,352,538,850,472,409,680,666,810,268,1127,405,482,476,467,541,919,11076,4575,3746,882,630,520,381,908,372,273,35420,7991,795,328,1109,498,815,625,397,4994,3693,1747,350,433,457,339,406,327,364,1151,644,286,544,566,584,272,434,668,954,1569,547,882,548,504,302,403,445,2896,4898,1783,1446,597,356,358,434,417,562,12646,5340,4022,705,445,402,363,438,359,343,732,916,500,526,319,403,234,362,350,632,676,808,449,405,340,291,469,750,506,800,966,837,1337,411,469,278,524,656,789,756,656,675,701,542,864,690,564,426,1844,874,3736,1059,404,378,519,320,478,459,1179,444,486,1697,558,396,335,532,262,348,380,1507,1118,344,391,285,482,1610,1371,494,592,447,538,304,391,325,389,472,336,783,311,559,437,395,222,422,392,1327,401,1315,320,436,284,287,467,250,379,394,271,379,603,372,383,750,860,1178,755,863,292,1430,658,686,352,469,386,525,305,387,1008,483,941,1356,880,617,543,285,436,840,676,723,663,3317,1076,294,324,517,620,649,586,601,436,701,1142,371,335,473,313,516,848,472,560,540,386,344,372,312,603,802,1574,1570,558,347,408,303,600,1023,1474,726,436,592,4755,1329,223,246,439,853,808,512,370,443,1102,519,475,2542,1595,545,491,495,541,793,387,427,705,858,404,741,1170,746,636,744,558,692,2254,967,1146,928,919,667,775,510,1220,1038,955,768,445,362,526,1128,821,3991,2223,1320,1154,1245,797,599,557,667,618,818,1662,529,682,303,1223,774,1597,2725,1921,2376,1438,912,582,847,860,1016,666,3318,4680,1682,620,1137,699,406,1388,1499,2813,4406,2258,527,467,508,350,478,293,948,1015,720,363,423,363,378,795,703,415,570,554,414,354,421,245,378,670,687,548,376,482,507,390,819,384,314,498,543,377,584,359,374,416,270,309,539,439,628,468,426,362,421,327,374,252,316,708,948,620,660,377,230,366,564,360,1171,917,738,574,542,331,345,264,441,844,787,639,433,410,285,227,297,419,359,513,479,368,449,415,460,532,691,1098,433,322,398,746,587,615,681,491,1752,1019,832,1243,2590,2065,1486,966,774,822,2726,1670,1855,1597,2191,2199,1515,9305,24432,21432,2326,1605,2579,2439,2076,3039,2899,2221,1987,1497,1836,1925,3240,3758,3368,3169,3788,2407,2109,2404,2256,3058,3253,3358,4065,3245,3535,3768,2811,2091,2172,3014,4229,4259,6756,4191,5219,3352,2948,2381,2623,2982,2830,3839,4483,5096,4200,3908,2992,3386,2810,2622,2631,3163,4224,4387,3898,4661,3197,2058,2398,2629,2508,3381,4355,4162,4060,2853,2253,2873,2627,2706,2529,3454,3539,3218,3192,2599,2733,2349,2565,2472,2444,2627,2856,2697,2597,2292,3028,2986,3162,2524,1772,2143,2182,1891,1848,2007,2361,1828,1718,1068,1739,1816,1762,1613,1636,1494,1405,1306,1187,1654,1365,1265,1258,1340,1463,1210,1193,940,1010,1027,1257,1901,2013,1491,1220,1537,1052,1147,937,841,789,1150,1069,935,1482,1627,1177,903,862,762,741,690,1014,1769,10620,12965,8999,3314,1320,747,689,955,743,1197,961,682,742,481,615,501,613,4329,5071,6320,2985,1641,584,674,628,481,7301,8983,9989,5194,4833,4175,2043,1114,491,516,431,400,766,16946,20662,15735,5548,3921,1401,14595,16304,11386,4735,2028,1441,751,554,467,622,402,5392,5522,7850,4713,1092,529,518,393,343,764,2283,3131,3160,1907,861,693,588,488,428,519,367,773,1057,1044,517,498,517,488,423,536,373,492,470,1967,2636,2448,1998,716,523,415,975,2228,3952,3753,2457,973,6595,6031,1347,931,544,608,441,2905,3146,2384,1249,700,1106,626,4627,5393,4089,1239,1036,1059,398,1438,2161,3018,1829,1508,657,762,690,573,571,356,438,1521,5878,6622,5014,2106,1767,803,618,508,397,339,507,460,688,705,390,465,367,405,371,505,477,511,367,341,384,357,1141,1844,1805,1301,735,446,294,1272,646,260,238,279,235,398,381,427,358,263,242,206,294,296,223,530,434,284,352,538,386,295,242,329,384,222,275,449,276,158,268,178,492,476,271,263,307,332,289,224,266,214,273,203,213,366,336,487,224,397,275,329,291,432,412,271,287,262,249,331,379,304,214,221,192,479,398,259,277,277,205,277,296,537,416,412,219,224,206,222,377,278,292,120,402,241,165,151,373,245,250,317,299,397,443,297,181,157,253,147,221,200,157,200,296,422,283,286,160,197,315,222,139,366,239,198,198,204,389,250,327,222,
45.89,258,287,535,603,6991,544,31160,320796,9666,1111,362,353,3980,23606,1750,21137,6573,2487,826,628,1435,7534,14838,1216,16353,1410,45284,624,579,2275,15645,1782,13332,6692,5345,21934,32484,2801,6396,24126,2451,11068,7822,5705,2887,6828,1686,7231,16020,2011,4529,2262,1478,585,10314,2655,4023,6706,1359,3097,3357,2007,447,975,10942,3872,2063,8924,2002,3653,1338,313,1207,3749,3759,997,3353,1861,2818,1192,380,970,1931,2947,970,2475,2148,1235,29295,4121,1063,2467,2890,876,3019,2891,4297,463,906,957,1815,836,1806,9021,1676,1996,524,673,1175,864,433,1129,29699,3870,945,516,900,628,639,396,1959,1238,53999,13650,1101,686,1377,602,455,1640,1013,1214,3214,1313,1967,679,625,986,799,990,3927,641,3674,1461,2024,748,657,464,831,773,544,20861,3552,989,490,607,566,769,640,650,4944,1188,494,786,1243,550,748,563,693,805,5015,1185,523,375,544,516,445,708,880,1070,1041,658,1231,355,730,324,633,699,868,13336,5294,2855,1252,501,518,760,893,851,340,37028,7701,764,470,1124,557,482,921,439,8494,4115,1842,727,443,531,730,600,313,594,1355,929,270,448,548,810,461,507,529,771,1535,863,773,549,642,318,530,565,2787,4021,1724,1291,968,545,499,607,886,528,15342,5528,4066,596,454,351,402,460,449,285,938,1306,598,274,421,467,689,861,369,638,709,963,634,478,452,414,353,1379,597,565,1368,1038,1245,502,423,568,714,984,731,1499,610,718,519,422,1815,620,797,665,1593,1005,4097,1145,539,338,362,567,642,375,1009,557,939,1678,797,482,514,429,346,563,586,1959,908,398,386,558,967,1976,1963,633,1228,712,555,423,394,510,398,558,491,558,363,594,479,399,433,511,746,1170,424,1386,424,367,512,292,475,553,587,637,383,368,1103,667,625,833,1096,1763,1080,1094,496,1266,826,426,452,408,377,346,652,775,1015,515,930,1525,683,419,523,318,359,1154,934,604,654,3625,1117,394,488,614,603,604,724,485,467,1064,954,560,297,954,433,538,930,687,565,744,467,450,460,460,342,916,1971,1345,714,540,423,360,666,1008,1701,815,507,1228,3418,1559,304,707,434,891,508,400,437,539,1359,603,484,3437,1569,795,635,550,809,353,549,524,762,768,760,786,1165,709,590,789,769,691,1981,878,1113,566,1181,666,916,494,1071,968,1309,702,718,596,768,1382,594,3744,1866,1887,1101,1587,1065,590,647,585,664,1176,1614,633,619,702,1602,1072,2591,2303,2128,2060,1263,984,473,798,751,828,566,2999,4065,2274,646,1152,667,390,2005,1826,3419,4916,2244,374,517,634,476,591,391,960,484,858,323,460,456,461,822,787,818,631,427,673,446,349,543,400,1093,949,1007,537,431,502,342,744,293,336,591,469,430,757,407,373,382,369,607,460,639,341,638,438,404,406,349,465,512,520,771,1094,599,465,399,346,345,450,426,962,1251,1223,395,419,320,351,421,250,1280,1165,760,500,379,539,505,437,298,534,579,914,630,435,565,759,928,781,1087,720,687,774,879,695,1096,903,1146,1981,1526,630,1412,2844,2033,2716,1230,1195,1094,2437,1700,1584,2205,2929,3213,2179,10142,31008,21660,2934,2324,2585,3313,3559,3287,3038,2502,2309,1601,2243,1902,2719,3813,4505,4089,4419,2907,2641,2519,1902,2279,2418,4020,5215,4691,3814,4170,2901,2630,2137,3155,4894,5089,5673,5309,5130,4438,3430,2796,3557,3808,3791,4702,4572,5452,4508,4234,3696,3491,3315,3290,3577,4110,4600,4120,4380,5270,3771,2864,2981,2990,2835,3208,3316,4534,3618,3389,2858,2710,2635,2655,2446,3137,3276,3257,2930,2878,2433,2761,2614,2422,2509,2728,2430,2420,2528,2096,2890,4080,2836,3052,1764,2108,2120,1842,1826,2542,2586,2026,1906,1395,1537,1585,1599,1592,1408,1510,1417,1326,1218,1283,1220,1373,1366,1073,1627,1073,1141,819,1003,1192,1072,2221,1783,1199,2156,1755,1121,1155,964,1019,822,1262,1030,1089,1504,1912,1336,1088,989,781,942,826,993,1618,17506,22295,14999,5859,2653,923,712,633,871,1092,1038,805,737,676,581,448,605,7687,11128,12387,6264,3821,977,643,508,515,5651,8000,7905,3865,8479,8180,5761,1780,1271,657,501,421,655,18298,20555,13894,7043,3823,1946,16653,16702,11454,4950,1336,892,736,760,684,628,482,3747,4884,5964,2727,1096,621,427,425,507,384,1629,1837,1515,1190,919,703,718,459,526,620,484,2295,2419,2365,1076,964,473,499,418,546,523,470,473,3815,5028,3794,2672,1171,656,456,1061,3071,4127,4800,3543,1120,4511,4610,1400,1409,785,616,383,2759,2996,2474,1463,663,1003,930,4003,4732,3365,1557,1001,666,642,2019,2324,2740,1700,1165,721,733,762,595,409,420,628,1596,4412,4752,4136,1698,1428,804,1076,476,310,359,421,410,601,646,466,498,486,423,419,405,468,472,481,351,401,461,691,1362,1122,809,494,334,329,1155,594,396,302,320,355,350,411,253,304,291,336,305,562,393,314,487,512,454,372,436,340,340,432,302,209,316,216,233,460,393,315,328,565,229,344,325,307,270,302,271,440,322,285,437,242,264,256,466,437,527,265,485,455,571,462,300,408,563,439,263,243,216,185,272,341,216,304,243,370,267,318,414,565,635,485,624,300,216,280,321,386,411,416,214,231,275,376,398,286,476,484,605,512,398,365,398,387,266,208,339,333,282,288,227,418,342,218,328,370,262,366,303,304,294,374,293,310,359,275,488,433,366,
45.71,257,283,440,668,7641,587,30395,318288,8287,738,433,484,4118,24910,1509,20758,6293,2247,951,436,1390,8016,14702,781,17306,1730,42103,415,566,1753,14382,1447,13307,7101,5243,17989,26548,2143,4048,19707,1807,10443,5787,3983,3465,5551,2185,7061,18533,1530,4325,1982,1479,458,10414,1653,4558,7560,869,3624,2043,1365,335,1008,9756,4292,2371,6623,2942,2573,1553,328,1702,3205,3305,716,3364,1734,2043,748,343,1403,2408,2857,630,2726,1918,928,32494,3778,908,2304,2537,505,1873,1375,3778,689,749,1258,1912,750,1572,8677,1998,2397,308,650,987,1060,376,1129,29183,3999,927,447,805,528,600,580,1491,1466,47225,9805,1201,390,1289,1086,303,1631,1151,1256,5569,1483,1635,869,507,856,754,1766,3761,499,3187,1362,2457,386,839,333,604,641,618,16632,3928,1223,422,1367,337,916,671,889,4198,1304,745,575,848,435,387,413,825,964,3629,1139,393,383,435,944,513,613,632,725,717,357,1174,430,509,534,626,607,550,14142,4507,2064,702,298,702,522,652,598,252,33602,9061,1446,392,869,521,707,595,381,11166,4553,1163,268,569,737,387,551,346,529,1264,461,359,684,488,621,303,323,400,768,762,547,985,433,548,244,397,281,3462,4128,1342,1134,633,547,266,337,420,396,12788,4457,3498,803,416,238,315,647,319,341,421,1186,392,435,396,496,310,482,304,698,860,1503,331,564,480,342,447,991,392,515,1463,682,1559,532,382,346,390,490,629,1662,432,779,519,277,1125,385,340,620,1586,1141,3765,790,552,243,504,342,420,368,1157,502,918,828,438,288,403,393,240,357,536,1804,791,322,301,405,723,1161,1459,869,955,732,647,232,405,319,437,519,311,455,293,495,355,351,288,521,423,1079,445,1312,355,499,307,266,414,731,580,527,334,380,856,629,393,923,691,1432,834,1149,415,1245,804,420,429,329,349,268,394,566,918,520,942,1309,686,539,544,462,334,800,450,503,683,3680,1539,534,448,634,772,424,312,571,379,627,821,450,405,864,437,303,1026,497,576,454,484,547,238,380,402,467,1991,845,302,543,484,213,528,442,1865,969,305,578,1731,1271,242,364,765,636,294,444,366,388,789,869,836,2468,1026,534,520,416,550,242,508,585,839,451,449,620,1056,828,415,812,520,553,2402,1001,1221,755,609,401,737,364,1015,1209,1510,532,430,392,569,911,454,2879,1757,1533,676,1304,357,441,450,540,436,926,1886,524,679,419,1557,880,1613,2478,2232,1984,990,859,428,624,724,629,609,3153,2741,2009,420,1409,707,351,1382,1540,3684,4578,2117,424,383,340,307,701,412,809,641,466,366,470,239,343,771,841,558,687,548,405,287,234,400,464,777,653,907,471,436,392,367,363,310,310,402,489,246,354,611,574,482,250,344,403,389,419,500,435,339,456,267,397,353,308,760,829,574,493,336,262,275,291,300,1067,1263,948,457,223,497,233,404,397,1099,1444,698,364,415,290,420,641,374,566,452,961,363,512,612,739,1304,1116,826,504,601,663,1007,673,916,1510,1131,2413,1493,758,1276,2610,2609,2549,1295,1511,1077,1909,1134,1641,2320,3689,3550,2606,8171,26690,21187,2657,2573,2139,3213,3294,3795,4169,3264,2353,2532,1962,1595,2227,2475,3740,3650,4267,3316,2856,2887,2142,2627,2328,3898,4166,3843,3850,4378,3594,3092,3015,3543,3779,3757,4208,4289,4936,4204,3872,3268,3232,3420,3876,4720,4412,4594,4700,3782,3293,3875,3286,3376,3548,3500,4083,4079,4161,3593,3661,3222,3248,2442,2047,3065,2632,3431,2739,2964,3153,2626,2196,2102,2622,2031,2609,2151,2520,2709,2042,2393,2724,2414,1906,2204,2309,2589,2026,1903,2363,2980,1837,2064,1684,1519,1906,1299,1741,1736,2149,1753,1515,1363,1434,1008,1188,1449,1164,1270,1651,1515,900,1248,1110,976,1263,1155,1079,962,939,781,1112,814,998,1539,1522,881,1897,1449,896,716,888,864,745,1712,932,899,1442,2234,860,852,783,600,846,513,643,1008,20620,24624,17624,5528,3528,931,570,705,1278,1278,1102,472,600,426,641,526,399,10209,15203,14082,9105,4548,1365,671,486,502,3028,3338,3967,1932,11149,9853,8501,2659,1713,778,415,370,435,12678,13949,10491,3578,2729,1164,12316,15072,9979,3686,1356,645,1218,979,732,413,480,1920,2283,2412,1159,583,458,440,613,340,355,543,951,800,587,685,900,770,540,469,316,320,2427,3178,2363,1078,833,499,405,420,490,798,632,557,3685,4407,4139,2368,1246,736,393,1317,3571,5051,3798,2975,1319,2156,1763,1334,1397,903,446,795,2041,1965,2494,1131,495,772,633,3208,4268,2789,1582,612,510,524,1491,2248,2437,1758,1082,447,704,473,417,410,383,433,1016,2664,3105,2054,1521,1109,495,540,398,437,209,270,210,367,392,381,394,391,249,414,391,379,315,319,304,213,287,580,504,769,462,358,337,221,933,502,340,160,329,159,285,246,311,279,261,205,251,237,180,308,262,430,491,228,375,218,332,169,313,210,261,204,203,172,311,230,216,599,286,315,349,312,285,183,221,205,320,235,221,273,272,183,295,195,289,168,403,423,315,355,273,253,274,199,253,273,191,221,209,145,226,352,422,239,262,227,378,481,430,612,377,380,251,263,268,240,186,316,205,256,270,157,197,290,399,320,576,915,526,219,258,303,312,215,232,238,229,256,332,367,240,201,422,217,300,264,286,208,383,343,217,366,500,361,254,452,400,
45.53,256,428,336,584,9126,634,32362,354991,10082,1403,564,421,3398,23616,2251,24296,6357,3588,402,528,1826,8567,18809,1783,15785,1546,45136,580,1050,2710,18669,1362,13977,8242,4766,21952,31616,1973,4169,20435,1906,9327,8285,4385,2861,6928,3337,7291,18282,2156,5283,2605,1122,455,12279,2848,5525,9082,1440,4014,3449,2271,373,801,8702,4866,1905,7468,2380,3152,1565,363,2657,5044,5250,617,3660,1355,2481,1105,338,970,2818,2674,1111,2612,2109,1219,33640,4339,1315,1918,3013,761,2293,2812,3424,741,1035,1121,3282,949,2087,6534,1632,2549,648,989,1753,1133,496,1868,26427,4941,1143,486,705,881,1146,571,1991,974,51641,9184,810,782,2304,982,387,1974,701,967,4247,1691,1941,1075,542,2328,1091,1117,5184,415,4007,1222,1785,398,998,1063,1049,1076,549,20387,4046,1076,463,1327,633,888,1069,667,3964,1336,687,574,1126,589,528,408,752,1163,4274,1663,531,557,694,733,364,941,638,921,1023,425,1025,613,762,523,851,665,1180,14946,5402,4509,1221,469,759,706,730,564,443,35574,8096,825,508,1346,619,890,886,501,16319,4755,2006,430,425,607,386,602,243,691,968,642,431,578,598,991,535,464,569,933,1622,610,989,538,611,346,873,433,3056,4684,1395,1206,775,512,389,390,799,551,12922,5346,3506,807,454,393,780,512,607,295,597,1251,580,382,441,519,392,570,332,501,1008,822,701,459,469,425,503,1098,620,600,1084,765,1520,554,406,389,434,760,685,1052,556,727,634,382,1603,777,622,595,1559,892,3037,1546,423,509,343,398,401,323,1804,619,709,1332,964,396,422,743,401,377,821,1564,1215,380,359,610,556,1716,1519,727,978,536,496,296,421,506,464,507,383,546,431,429,813,458,317,509,583,1200,639,1214,352,516,357,273,498,485,473,494,342,358,1124,574,420,1095,778,1435,944,1512,516,1632,844,551,484,443,335,444,511,673,515,373,753,1071,747,408,584,501,305,656,637,578,833,2888,1296,427,474,848,585,332,690,420,458,578,496,515,467,918,596,428,1192,648,369,479,350,397,381,480,572,690,1603,940,491,350,542,369,596,739,1934,911,570,511,1530,865,455,486,784,545,353,424,368,471,800,646,605,2996,1218,839,639,577,365,478,449,553,734,415,557,573,1070,892,571,760,903,595,2139,943,1211,741,595,543,652,509,1029,1276,1071,691,571,528,617,768,715,4091,1972,1630,782,1270,721,462,541,470,640,661,2319,677,574,530,1831,941,1680,1837,2318,1822,1220,851,557,514,860,870,793,2467,4359,1576,320,1087,670,526,2000,1521,3183,4221,2260,336,519,452,288,746,288,673,637,525,423,581,335,466,941,630,633,597,523,720,531,348,423,490,811,523,984,428,786,589,385,621,326,311,627,522,552,547,557,352,553,346,340,397,525,453,472,471,489,558,452,498,391,477,739,828,576,481,421,309,356,337,398,1099,1140,1172,556,372,481,457,610,414,1733,1039,777,448,424,415,433,1071,549,679,685,1335,528,805,875,1241,3145,2004,1153,630,796,777,1567,1477,1785,2218,1710,3156,1696,998,2598,2647,3212,3396,2110,2015,1612,1710,1717,2367,2808,3858,3719,3158,7992,25528,19350,3042,3391,2494,4207,3351,4242,4185,3798,3391,2694,2892,2025,2539,2569,3976,4351,4955,4393,3103,3400,2877,2554,2413,3682,3882,4811,3959,4506,3909,3471,3274,3491,4148,4673,5191,4248,5271,4941,4299,3437,3526,3720,3938,3442,3975,4725,3784,4661,3277,4717,3780,3014,2626,3172,3576,3554,3501,3849,3735,3338,3135,2915,2458,2740,2982,3114,2936,3501,2763,2952,2597,2295,1982,2168,2132,2216,2410,2370,2313,2189,2690,2317,2047,2151,1741,2141,1788,1764,3018,2776,2423,1946,1370,1379,2635,2567,1504,1756,2179,1238,1442,1096,1350,1258,1267,1364,1543,1473,1543,1407,922,1145,986,1152,1212,1425,1047,1062,763,771,953,901,831,1045,1079,3965,4622,1849,1513,857,747,1005,644,1487,879,1003,1352,1830,1223,759,599,673,873,589,698,1278,24792,29373,21485,8616,4311,1082,764,602,1919,2069,1759,959,699,465,465,572,434,11015,18432,19685,12521,7206,2284,1337,613,536,2208,2161,1831,1032,12850,15762,11194,4010,2828,984,599,513,597,9338,9753,6804,3553,2719,1399,11198,10972,9222,3462,1059,1633,2799,2555,1217,821,549,1038,1590,1567,666,530,544,579,457,499,439,774,557,724,518,1278,1107,1094,627,408,576,703,4341,5369,4861,2280,1321,477,408,626,565,779,637,585,3806,5727,4203,2805,1510,712,605,1270,3685,5359,4691,3410,1499,1075,910,1274,1351,854,989,505,2018,2316,2101,1064,763,1089,712,2830,3150,2528,1521,674,593,567,1342,1630,2208,1206,938,459,389,513,479,408,354,592,712,1628,1703,1684,1020,727,529,480,409,264,288,286,428,371,439,396,590,713,369,332,326,398,269,370,386,337,260,402,386,428,389,424,288,340,1002,583,318,402,420,270,373,275,301,459,262,376,244,250,259,389,563,493,269,304,252,314,269,264,460,294,405,411,490,299,291,372,316,498,470,359,312,273,343,408,354,325,390,241,499,368,239,282,463,354,513,301,437,368,580,558,270,262,351,299,245,384,250,361,281,317,294,215,286,283,348,472,471,301,526,619,598,456,338,205,281,317,260,575,609,368,712,296,475,356,750,721,1111,1801,797,280,308,292,302,359,585,256,277,444,406,344,242,480,327,350,486,412,535,453,408,480,457,441,626,493,437,415,489,
45.35,255,256,298,333,8671,803,33721,321383,7887,1382,342,370,3359,22439,1363,20559,7182,2694,679,334,1837,9265,15702,1250,14720,1542,45328,402,368,2768,18062,1637,15514,6671,4679,19821,32596,2133,4905,21189,1678,10080,6554,4214,1780,7060,2336,5919,20370,1672,4560,1503,1989,356,9052,2655,6782,7876,1018,4000,2770,1522,462,1257,7697,5857,1864,6675,2292,3354,827,413,1737,7725,3215,1176,3140,1247,1659,676,496,1271,3052,3959,1114,2429,2321,1335,39464,4705,1054,2155,2427,421,1942,1973,2589,752,457,1309,2024,629,1650,5866,1498,2963,310,674,1315,1209,506,2464,22066,2769,835,459,692,1102,810,419,1584,865,52610,12827,698,531,2145,1295,528,1356,958,1256,4109,1390,2065,1236,451,1189,1300,937,4239,349,3492,775,1661,388,1008,639,711,989,420,18491,3339,1255,380,1067,574,523,866,354,2706,982,313,461,665,421,581,477,709,1320,3846,1793,473,456,488,777,383,517,1110,1037,823,308,1118,286,713,304,441,932,820,10936,4707,2869,752,364,772,701,973,386,248,34355,6052,793,466,897,606,659,517,461,12838,5872,1709,509,626,561,396,446,269,508,1128,796,258,383,341,575,399,461,477,534,1203,904,874,599,354,450,577,624,2213,2550,1497,1031,671,384,413,497,623,384,12094,5123,3371,563,594,314,435,521,387,261,630,1084,400,297,380,466,347,421,281,326,783,1171,543,342,559,477,503,850,703,589,1517,627,1943,572,433,412,388,353,533,967,461,503,401,433,1686,1013,469,504,830,858,2633,470,312,307,315,547,481,282,1433,348,960,1304,581,405,206,356,393,395,446,1689,607,346,301,376,500,1629,1197,662,922,549,594,400,302,325,359,315,303,538,202,534,472,238,249,375,461,982,465,1063,339,293,376,316,232,390,463,641,379,265,1161,556,399,705,684,1772,492,803,512,1150,1165,366,488,414,414,297,321,413,615,426,601,1154,675,409,748,258,353,345,474,442,447,1321,614,384,498,359,320,453,423,497,351,419,319,322,653,1245,651,423,677,707,572,419,507,371,285,321,403,457,2336,1031,491,322,453,314,596,1063,2117,1057,426,522,892,342,300,505,722,631,449,561,409,505,1061,548,714,2658,1124,583,465,404,507,339,339,297,505,432,552,582,792,677,396,758,502,537,1263,738,924,884,414,352,915,594,1362,1266,1317,801,447,491,446,1126,559,4027,2098,1455,794,1211,737,441,448,331,542,681,2336,484,531,382,1159,1123,1621,1518,1606,1617,1429,713,558,682,642,711,597,2709,3918,1514,427,912,358,361,1564,1509,3497,4319,1898,321,471,429,304,287,284,589,525,803,370,509,371,355,502,640,571,527,327,473,524,336,364,465,749,648,639,343,549,399,387,564,244,301,481,473,280,511,379,625,365,357,423,358,485,252,585,340,512,317,483,223,237,425,792,948,694,422,308,300,294,406,353,1321,1030,931,455,316,495,469,757,627,1536,973,901,445,538,588,520,1503,685,1072,501,1479,549,790,726,2188,4738,3013,1117,784,889,1279,2218,1626,2069,2255,1854,3112,1829,1656,2778,2576,3192,3255,2910,2532,1863,1841,2193,2199,2980,3557,3934,2994,6193,18301,13704,2685,3462,2730,3469,3624,3306,4418,4364,3464,3206,2628,2250,2946,2215,3313,4000,4456,4719,3872,4655,2787,2510,2142,2785,3786,4293,4133,4431,4989,3140,3004,2744,3512,3775,4379,4085,5153,4105,4096,3985,3090,3427,3368,3457,2913,3682,3636,3464,3665,4709,3543,2727,2441,2490,2578,2591,3148,3075,3496,3188,2622,2338,2482,2936,2260,2514,2653,2512,2673,2312,2200,2167,1805,1853,2046,1828,2444,2198,1894,1823,2093,1374,1354,1303,1550,1419,1522,1731,2086,2096,1700,1871,1466,1204,2988,2183,1464,1487,2234,1354,1488,927,1024,1062,974,1315,1375,1118,1180,1347,842,673,977,721,796,912,906,771,973,1083,888,770,650,825,1034,6188,6599,3615,1959,835,752,662,596,1645,760,697,1015,1807,1595,1699,635,591,637,500,520,859,24409,28208,22072,7977,3551,1239,680,772,2381,3435,2427,1680,675,377,505,408,521,12080,17274,20547,14875,10195,3300,1717,658,458,563,1103,839,527,14780,17467,11741,4447,2471,1132,497,512,605,4147,5102,4148,1845,1513,970,6652,6769,4252,2224,810,2335,2899,3673,1698,1207,447,570,626,568,750,614,520,491,711,461,443,302,455,405,386,1263,1614,894,525,559,475,571,6533,6290,5607,2360,1670,408,386,532,488,850,627,616,2928,5497,4023,2617,1181,736,336,1194,2768,4862,3431,2921,1280,812,838,589,1290,553,513,541,1066,1555,902,564,549,812,478,2066,2158,1573,1134,389,406,336,1177,1362,1431,857,540,325,348,307,341,221,398,322,346,822,1334,761,341,616,328,386,360,350,251,224,323,435,363,218,578,313,253,485,342,292,268,221,197,368,256,268,309,361,339,320,202,267,1198,316,295,276,310,218,153,243,369,188,204,214,251,319,216,258,487,670,402,231,294,378,178,220,246,431,418,348,371,147,237,343,236,431,249,318,420,253,246,261,388,260,299,323,265,364,221,318,200,213,234,232,222,405,549,414,304,224,357,274,238,228,193,406,231,220,290,272,266,156,365,256,568,590,571,474,628,533,204,431,301,243,385,678,846,641,995,422,388,375,1275,936,1161,1574,1104,399,262,238,358,520,452,405,234,382,424,416,348,311,421,315,563,392,514,438,733,596,557,416,497,451,312,347,303,
45.17,254,366,417,477,8467,1044,30434,332700,7862,1807,591,482,4056,24358,2190,23611,8251,3646,620,717,1045,10356,18130,1933,16305,1679,48480,580,1135,2846,21506,2440,15101,6589,5291,20123,31197,3510,6042,23892,2513,11143,6451,5322,1965,5757,2942,6635,17997,2230,4474,2565,1463,466,9228,3089,5885,7752,1377,3643,2873,907,467,1057,7788,5546,1740,7420,2435,2428,1421,480,1242,5175,3870,1038,3921,2008,1215,1448,387,1288,3842,3069,786,2410,2772,1018,36334,5984,1368,2737,3757,439,1924,2205,3680,536,730,1171,2275,1261,1557,4883,2087,2212,665,570,1534,1693,727,1858,23222,3657,1832,479,792,814,721,354,1764,1073,61664,14654,1360,557,1680,1143,330,1921,837,1579,2632,1322,2000,1362,559,1407,1091,987,5737,341,2417,1065,1774,607,1318,495,1042,578,593,16551,3480,1702,403,1423,588,630,875,589,3854,1376,648,362,1265,527,931,513,974,1026,5985,1972,426,469,643,826,363,616,548,1257,625,515,1147,551,659,395,602,656,873,14300,4756,2326,935,342,362,620,1037,654,467,35470,8565,904,323,972,556,637,727,448,14071,4289,1834,456,738,601,590,952,318,512,1221,949,436,514,659,748,322,511,506,665,1536,776,900,493,402,403,481,663,1753,4563,1575,1434,730,534,302,498,703,606,13423,5279,2903,856,474,326,381,489,590,405,946,1102,441,385,503,422,393,496,375,511,926,1079,799,490,664,675,398,954,530,548,1552,822,2140,1083,551,339,673,562,713,1049,476,814,687,434,1996,915,608,704,1482,596,1554,597,410,301,570,739,711,422,1796,543,1245,1541,517,328,456,490,398,820,479,2375,856,529,378,447,818,1764,2082,660,814,840,789,441,572,291,500,483,444,686,480,431,475,786,394,678,553,1040,858,1652,574,623,346,383,383,709,805,384,314,446,1135,928,570,1013,1255,2237,1072,1096,414,1073,762,654,653,635,413,284,484,644,840,536,1382,1045,748,886,635,407,338,885,1029,379,573,1605,644,497,586,465,519,600,694,468,607,667,749,629,941,817,482,497,1612,790,595,552,396,443,411,358,433,808,3152,1711,644,480,506,355,626,687,2608,1137,554,845,788,600,294,364,651,610,521,615,604,594,1599,610,732,2954,1584,576,445,464,814,446,434,399,622,492,491,682,830,913,617,778,812,822,1941,1197,605,589,745,459,979,424,1085,1141,1114,457,498,462,675,1179,678,3450,1830,1389,715,938,892,760,574,495,589,666,1447,675,679,477,1442,829,1472,2184,2079,2270,1147,761,657,887,793,870,588,3302,3628,2658,484,1192,589,337,1556,1254,4167,5237,2244,488,412,708,438,685,695,759,919,611,572,639,351,376,604,882,852,707,466,626,473,441,489,286,1069,862,747,418,834,584,312,434,294,672,656,600,458,657,643,473,559,377,436,423,559,484,639,565,400,397,481,383,441,483,895,946,630,534,410,394,366,346,288,1741,1318,1538,858,490,509,824,2881,1659,2207,1098,1067,535,1008,1537,960,5227,2184,1243,803,2315,1650,1876,1543,6393,8972,4589,1523,963,1405,2553,2046,2499,3098,3722,2557,3470,2219,3371,3672,2961,3733,4814,3434,3938,2744,2382,3345,2915,3269,3974,3879,4163,5288,13771,11271,3419,4131,3369,3834,3600,3663,4531,5482,6149,4628,3460,3241,2846,2707,2905,3922,4677,5753,5184,4271,3772,3753,2810,2925,3276,3963,4766,4876,5404,4434,4029,3526,3357,3088,4722,3902,4474,4222,4775,3891,4018,3612,3194,2847,2904,3883,3032,4399,3691,5231,3844,2975,2847,2269,2309,2532,3026,2973,3213,2944,2934,2213,2257,2071,1995,2600,1842,2443,2413,2934,1968,2084,2693,1689,2145,2109,2011,2345,2384,1587,2076,1906,1452,1492,1265,1338,1727,1974,2256,2191,2420,1511,1450,1148,3216,2305,1245,1515,2722,1529,1360,919,1014,1024,901,1466,2097,1613,1511,1694,907,1100,923,809,956,1359,1408,920,1050,1004,991,884,759,707,770,11521,10671,5874,2943,1074,836,847,605,2085,609,787,707,5847,6234,4085,1796,1129,790,876,981,1075,20519,27114,20765,6934,4232,1178,1007,736,4047,5728,5685,2977,1540,479,593,609,568,9657,19183,23562,18295,11119,4173,2092,910,525,638,768,530,486,15025,14163,10495,4533,3039,1104,659,655,683,3261,3035,2818,1130,1229,869,5042,4478,3404,1501,602,4363,5795,6433,3419,2183,708,585,565,829,948,987,839,681,761,519,635,832,571,682,609,1344,1713,1152,857,621,740,958,7434,8957,6276,2446,1805,637,578,420,725,614,936,838,2920,4051,2994,2625,1330,824,631,1288,3281,3995,3891,2952,1384,875,731,605,863,775,736,582,1117,1047,1479,606,489,882,416,1564,1730,1621,860,383,431,360,593,1149,1436,1006,823,323,297,363,504,395,450,454,369,460,977,479,497,599,405,431,350,272,286,400,334,375,307,289,489,454,363,334,379,237,330,228,319,325,359,293,277,259,237,279,311,340,1303,825,390,266,230,270,213,511,319,300,383,359,277,235,295,293,640,624,273,338,364,257,341,323,247,268,234,334,250,285,277,272,296,378,419,440,255,284,233,427,234,430,276,287,297,259,265,248,441,463,293,303,408,404,538,436,437,309,375,400,461,404,303,292,388,397,622,466,386,270,408,451,497,900,1760,1562,1246,579,736,814,1085,497,743,2182,1655,1161,1977,1108,883,961,2673,1880,2647,3022,1558,637,729,438,414,604,653,746,789,558,443,542,574,591,490,518,633,621,627,586,435,468,559,548,481,534,467,568,533,
45,253,381,386,761,6107,467,27808,277566,6592,1474,369,303,5267,20691,1343,20079,7006,2665,500,353,1730,7753,14870,936,19321,1244,41203,376,620,2531,15685,1060,13403,4867,3940,19989,35362,2562,4664,17320,2199,11543,5356,5102,1521,6349,2358,6514,14998,1698,4301,1826,814,461,8327,2716,5354,6355,1356,3482,1648,1465,479,956,8807,6228,1661,6206,2057,2177,1153,418,1220,6450,4085,790,3422,1669,2276,627,390,1173,3042,2344,428,2182,2679,1035,35859,4893,1203,2705,2137,534,2090,2226,3292,617,513,1160,2820,815,1771,7312,1323,1894,442,576,1295,1019,958,1308,23337,4048,1317,633,675,1324,925,305,1842,948,82091,22574,1281,840,1839,895,399,2024,779,1026,2152,822,2366,1290,478,1896,994,839,5353,349,4256,1349,1658,487,536,669,792,943,287,20643,3524,1379,349,1256,434,640,1058,721,3260,886,409,349,797,619,553,407,1157,1287,7341,2239,561,324,730,739,288,530,814,842,1161,419,629,427,514,328,575,533,967,16810,5012,3371,754,400,466,530,427,557,250,34670,7949,559,422,597,589,402,797,368,13224,3370,1290,583,437,487,459,632,276,396,995,657,294,500,319,561,351,468,739,727,1699,955,681,512,423,385,705,623,1498,3962,1397,1598,542,367,383,415,722,415,12939,5113,3111,584,588,253,300,724,602,353,436,672,692,358,389,431,551,351,325,502,938,735,645,479,496,353,248,947,406,707,1271,684,2153,486,372,261,459,656,1198,1111,559,537,542,570,1915,820,380,424,1518,720,763,379,668,360,391,219,525,270,1403,733,995,824,629,453,685,516,487,520,524,1874,694,388,384,559,730,1825,1760,569,721,531,647,300,638,346,556,577,395,710,385,384,392,523,347,445,935,1145,668,1712,524,479,428,285,648,663,542,550,363,431,1082,635,426,894,890,1884,865,887,630,1170,965,403,563,620,439,225,532,675,842,436,1084,671,777,603,969,534,280,474,494,550,700,828,358,483,617,690,646,408,498,327,290,337,395,452,655,532,513,410,1101,701,516,496,359,352,329,400,367,672,2877,1542,459,453,553,241,500,790,2098,910,494,477,433,485,211,309,369,806,381,426,504,464,1306,424,1092,2658,1113,710,418,750,615,368,409,259,503,399,430,806,1179,917,591,611,464,561,2336,1111,1152,740,444,471,905,443,798,810,1009,539,463,361,311,897,414,3203,2170,1194,924,1024,769,726,495,426,704,866,1462,708,485,408,1028,1035,1848,1746,1732,1827,891,1011,736,1380,685,752,429,3504,4114,1773,424,837,654,282,1694,1307,4372,7196,3265,518,417,388,467,563,562,909,736,845,529,395,433,318,643,662,613,486,531,522,400,411,377,541,829,1077,641,396,652,462,432,499,221,295,585,435,418,517,534,364,451,279,474,326,677,444,914,509,433,369,319,355,424,406,969,982,570,465,307,304,590,497,585,760,1239,1076,660,504,901,696,5826,2589,1931,974,947,757,1040,2582,2078,7015,3086,1053,933,2411,1755,3506,3394,6558,9194,4912,1419,1171,1853,3524,3122,3139,3765,3530,3399,3206,3674,4097,3808,3268,4268,4345,4052,3723,3526,2896,2734,3770,3299,3205,3905,3940,5182,7855,6090,3827,3987,3699,4436,3651,3451,4761,6248,5955,4326,3528,2989,2673,2221,2668,4018,4989,5747,5397,5611,3432,3800,2831,2822,2669,3910,4230,5513,5162,4000,4027,3542,3667,3045,2794,2572,3809,4195,4873,3727,3133,3512,2934,2530,2497,2839,3584,3509,3578,4022,4205,2894,2447,2129,2142,2504,2651,2323,3136,3013,2710,2068,2143,1845,2046,1807,1888,1850,2160,2193,1816,1411,2520,2139,2208,1386,1722,1469,1631,1239,1515,1421,1129,1133,1191,1286,1123,1946,2024,2015,1325,1395,1111,1115,2337,1913,1277,1445,3008,1301,921,728,878,910,839,1309,1700,1243,1599,1061,690,698,835,881,762,718,1002,690,859,974,526,876,689,650,784,13153,13080,6640,2997,931,728,605,548,1251,598,547,622,9904,9781,6756,2436,1378,716,1955,1656,1182,14949,18319,13768,4891,2802,1126,1002,543,4769,7011,6464,3658,1851,681,421,616,467,5947,18802,24827,17923,12510,4135,1983,607,381,537,580,431,557,9653,11379,8289,3492,2199,1039,702,380,1661,1916,1277,1079,588,687,849,1774,1419,1398,971,634,6180,7495,9639,5279,2482,722,577,563,669,1235,1022,844,691,687,521,638,1034,608,615,498,1086,1475,1100,502,631,360,416,8518,7709,6415,2993,2038,550,369,423,967,501,764,645,1517,2734,2272,1747,744,650,401,1292,2319,2514,3206,1968,851,940,760,501,463,668,447,433,628,794,423,484,493,605,373,943,565,479,328,359,380,250,436,550,461,442,406,369,291,314,241,286,282,241,298,247,262,340,239,235,222,400,291,312,226,301,247,274,352,298,252,355,150,364,239,197,317,179,256,257,157,232,259,252,315,243,173,317,1336,615,340,268,282,216,294,176,191,303,336,232,260,347,205,550,433,366,223,468,380,290,310,287,264,305,203,383,204,247,280,200,279,698,352,263,332,219,270,290,299,237,408,163,412,272,295,337,243,263,240,235,351,320,323,490,579,364,260,304,314,388,250,269,379,182,626,719,630,298,575,465,803,891,2036,2179,1883,1021,934,1102,723,819,653,2525,2161,1221,2306,974,1228,1544,3309,2577,3102,3044,1997,880,595,517,633,604,645,771,676,652,508,705,412,642,582,620,614,652,720,685,397,439,647,659,549,401,422,421,422,
44.82,252,404,438,555,7344,1019,36112,338856,8641,2164,536,437,4135,27777,2189,24542,9824,3105,585,810,2184,9963,17682,1429,17625,1384,57605,620,1117,2605,20346,1731,16418,8500,4733,27284,38977,2612,5950,25006,3358,10247,7251,5195,1689,6564,2871,8976,18938,2018,4566,2555,1460,774,10343,2872,7090,9213,1258,3525,2944,1917,428,1270,14225,5831,2056,7926,2135,2719,1525,563,1759,5747,5660,974,3746,1155,1844,1064,585,1380,2976,3089,693,2412,2918,1122,36765,7566,1155,2628,2610,653,2457,2187,3179,635,955,1009,2028,936,2043,8854,1883,2937,460,698,1555,1119,709,1201,29899,3341,1395,555,979,1126,1019,381,1796,1798,88366,23698,1617,582,1807,909,673,2135,1053,1293,1337,1370,2034,1029,651,1069,1451,1108,7354,584,4627,1434,1956,474,898,585,801,852,705,25441,3655,896,417,1195,773,1032,1059,595,6469,1136,717,559,1113,666,1077,799,2141,1461,8984,2801,707,599,435,847,468,763,601,1217,822,554,1320,528,751,315,863,703,870,19449,7155,4023,1346,485,589,471,630,775,465,45005,8635,733,419,899,732,637,563,708,12845,3734,2359,483,412,543,466,657,430,967,1452,671,408,520,589,721,428,593,720,1095,3162,685,799,639,342,413,578,532,1641,5713,1571,1692,632,464,295,454,1063,671,15542,7347,4431,810,325,393,426,658,477,251,805,1355,611,433,383,477,605,733,492,744,1072,1027,742,618,348,415,389,841,469,962,1954,1006,2022,698,554,504,600,537,535,1333,666,691,561,685,2988,901,634,552,2215,913,1014,683,504,289,497,656,631,374,1880,855,1184,1710,798,410,577,590,468,604,801,2431,861,641,614,400,820,1598,2031,800,990,646,766,450,632,542,410,506,462,482,387,578,752,434,274,624,553,1012,507,1886,455,511,436,487,604,694,474,666,489,642,943,818,564,885,1235,2313,1038,1403,625,2083,1061,570,336,518,456,392,495,994,918,381,1245,1394,897,1445,765,466,320,701,552,718,705,653,439,336,457,621,797,419,604,564,642,491,541,331,681,601,714,348,1418,1002,458,412,640,312,429,374,434,1172,4374,2225,685,460,517,345,729,848,2090,831,693,824,631,536,512,712,607,1037,600,555,452,556,1118,793,612,3021,1348,853,473,483,588,603,325,472,657,624,586,606,1113,751,632,804,865,809,2072,1049,1617,604,629,663,592,568,842,1226,827,623,664,555,632,1283,671,3540,1949,1277,944,1384,659,662,366,505,695,716,1633,679,966,437,1180,1014,1869,1857,1251,2567,1211,1866,1059,1443,862,725,444,4534,4657,2068,542,1341,566,438,2154,1703,6918,7168,3934,623,506,430,592,602,616,1482,968,743,329,542,493,412,804,1004,805,801,426,678,487,330,658,361,920,880,1053,486,772,505,355,385,263,365,733,530,323,563,638,405,513,526,338,506,589,506,691,485,417,448,472,440,435,671,1018,1232,611,555,432,516,495,972,1415,1730,1772,1498,724,809,6298,5553,17249,6055,3630,1453,1269,1337,2580,7297,4925,11665,4637,2128,1074,2682,4508,7137,8248,11222,13772,6011,4398,2728,4569,4609,4108,3701,5695,5305,4056,3663,6864,6827,5410,4794,6212,6170,5016,5174,4155,3791,4573,3608,3692,3728,4318,4713,5957,6198,5369,4332,4688,4127,4585,3928,3864,4847,5942,7105,5323,5227,3791,3174,2407,3264,3840,4685,5691,5457,4961,4229,3582,2528,3059,3036,3763,4964,5662,5357,4014,4160,3583,4116,3113,2851,2822,3361,4597,4323,3723,3856,3832,3163,2510,2362,3449,2618,3707,3327,3426,3230,2847,2566,1836,2659,2540,2615,2304,2693,2900,2700,2036,1416,1664,1567,1880,2326,1847,1727,1842,1944,1519,3515,2687,2098,1339,1908,1619,1411,1260,1436,1286,1176,1362,1130,1440,1404,2058,1809,1963,1539,1171,1114,1111,2648,1925,1407,1690,3634,2111,1501,974,845,706,855,1094,1450,1743,1659,1354,918,868,866,730,1378,1420,1212,877,943,581,764,954,835,720,692,14550,14712,7014,4532,1154,714,554,647,933,714,794,732,15261,16574,13163,4773,2547,859,6284,5992,4460,12560,14619,10020,4400,2657,1558,902,644,6780,7483,8101,3635,2334,756,512,507,725,3179,16531,23477,16983,11905,3767,2158,792,677,386,522,500,631,7938,7512,5914,2740,2404,1072,531,584,1621,2526,1890,1334,775,778,523,1096,1191,1058,665,804,7566,10150,11203,5891,3313,1100,913,760,755,1138,1073,825,771,768,732,1559,1885,1258,1038,763,1279,1264,1311,660,548,685,431,7217,8652,7086,2594,1546,590,460,472,472,549,701,687,1478,2494,1652,1197,745,688,545,1129,1559,2257,1738,1466,741,1104,1087,730,515,447,357,378,482,500,470,554,584,680,564,674,673,627,366,350,410,465,371,733,473,298,268,320,289,340,414,328,261,527,345,425,308,295,314,379,283,285,338,477,314,293,407,391,605,209,401,496,331,288,308,237,403,337,329,252,339,220,250,458,298,341,212,302,1249,579,410,295,272,241,329,397,289,334,388,300,391,318,320,422,407,542,489,279,264,301,303,339,371,370,312,219,210,236,257,513,436,476,349,478,482,244,388,342,326,382,373,281,271,361,334,307,373,287,381,309,412,297,395,479,655,646,721,782,663,519,419,372,650,923,1125,1206,928,423,508,881,1442,2266,2999,3626,2813,1204,1190,2089,1374,1512,1417,3505,2454,1152,2782,2035,2022,1848,3726,2900,4015,3332,1840,696,754,743,707,778,798,632,638,576,713,628,583,607,499,653,474,654,567,418,693,535,554,633,442,537,437,423,509,
44.64,251,396,419,426,7868,707,36347,326391,8278,1443,345,420,3168,29913,1627,23419,7727,2290,348,496,1541,10364,18679,1708,18674,2017,60599,508,1020,2983,21212,1631,17534,6906,4431,30039,39007,2761,4222,26221,2328,9485,5794,5251,2380,6497,2591,8339,19004,1728,4619,2032,1022,600,9846,2242,6976,8582,1032,2901,2392,1163,405,913,13535,5901,1439,10824,2403,2442,824,365,1303,5102,4519,998,2917,1640,1847,880,484,932,3025,3111,798,2631,2602,869,40689,8111,1273,2133,2013,747,2053,2176,2978,628,532,936,1456,978,1998,9960,2340,2640,552,716,1727,1031,535,1129,30540,4488,1086,529,616,723,711,309,1384,1000,88825,23620,1867,613,1836,675,331,768,897,966,695,1341,1636,1162,687,590,1647,892,6513,433,3728,1317,2033,323,1136,620,569,601,644,27397,4458,1171,310,489,514,877,1171,665,5862,1037,610,248,586,577,936,835,2635,1248,6869,2052,542,488,532,699,364,838,556,642,677,360,1688,339,462,501,634,612,1156,18807,6078,3654,521,358,448,741,1136,732,488,49126,9000,819,430,1012,529,469,627,500,8070,5032,1665,552,335,403,666,758,295,470,1332,854,487,561,375,535,447,542,531,686,2249,1211,817,668,435,357,917,470,2061,7154,2197,1760,816,539,333,329,660,225,17556,6213,4543,749,329,448,341,487,490,208,491,1491,536,441,418,485,505,583,323,623,834,1312,580,383,387,402,475,444,710,811,2034,1268,2140,605,528,277,689,453,403,1210,1122,647,840,403,2257,727,520,500,2488,1770,783,477,471,392,381,420,574,358,1843,747,1419,709,692,399,403,487,295,640,494,1797,851,301,473,492,862,2057,1762,723,1101,695,601,339,358,564,460,377,670,663,359,286,657,392,252,456,521,1457,949,1566,390,460,615,328,351,390,512,362,366,492,931,472,653,878,1428,2358,1141,1137,948,1354,925,457,421,605,415,438,342,366,708,422,939,1155,739,1407,950,369,436,665,427,537,571,482,299,426,577,841,1024,568,824,493,452,425,563,458,372,796,630,354,1187,466,390,553,475,448,268,443,466,664,4009,1284,641,828,798,290,918,558,2018,976,472,508,595,443,259,488,410,769,467,477,431,510,878,790,568,2767,1173,557,486,714,598,427,350,528,458,365,456,614,1181,567,495,475,391,792,2415,821,774,539,381,476,790,365,700,1211,1054,468,570,312,741,616,600,3121,1685,1379,609,654,684,707,426,380,520,722,2408,560,770,388,1036,1332,1234,1688,1362,3164,1234,2342,1349,2094,638,454,409,2333,4973,2420,543,721,664,417,1973,1568,6458,7997,4133,443,396,338,260,622,376,759,686,577,471,490,358,322,955,720,619,723,518,605,516,426,482,412,1119,917,907,612,691,464,553,346,246,382,700,434,495,567,445,318,583,294,370,378,562,345,697,659,495,337,387,330,468,874,1197,1242,863,642,433,629,755,1581,1550,1834,1450,1624,703,1338,8780,10508,28580,9541,4634,1786,1722,2753,3679,8276,5869,10494,3796,2551,1446,3268,6259,7308,11199,15472,13689,6416,5532,3887,7378,6697,3864,4210,6413,5071,4938,4370,8700,8191,5449,5412,7972,7478,4852,5299,4305,4064,3574,3996,3964,3424,3852,4004,5484,5989,5408,4913,4523,4376,4560,3652,3813,4546,5613,6322,5180,5128,3910,3654,3172,2835,3505,4622,4546,4459,4526,4143,4037,3269,2949,3006,3027,4379,3664,4910,4003,3787,3141,3763,2453,2718,2383,2890,3682,3222,3542,3021,3496,2200,2755,2058,2267,2306,3288,3104,3392,3383,2270,2239,1979,1823,1623,1841,1820,2143,3193,2070,1789,1545,1670,1548,1331,2627,2122,1164,1324,1493,1211,3051,1936,2005,1118,2217,1949,1607,1430,1086,1128,933,1043,702,1532,985,2209,1076,1422,1004,991,984,777,1172,1054,852,1459,4099,3154,2061,1557,846,657,903,781,851,637,1452,1321,555,689,903,770,647,1227,1442,1634,622,836,746,851,739,533,681,15672,13228,5752,4098,1146,616,559,532,485,489,476,598,20753,21560,13006,5870,2541,952,9471,10562,7444,7506,6817,4870,2174,1342,956,682,554,5126,5822,6822,2777,2114,1171,550,385,480,1867,12735,16577,12282,8134,2904,2009,576,548,494,568,571,506,3922,4154,2353,1437,1099,1085,673,557,1558,2552,2056,1772,1121,651,488,676,530,791,464,502,8949,9886,11464,5179,3141,1150,555,580,856,1272,1195,629,672,748,429,1431,3022,1803,862,557,904,1221,1381,550,424,547,382,5832,5752,4224,2089,1738,367,434,498,455,551,544,601,728,933,1123,846,405,453,550,535,1102,1260,1454,740,400,1218,849,372,234,381,367,544,307,358,429,450,269,669,459,294,263,253,304,239,269,266,339,295,288,293,256,278,254,341,327,248,236,261,300,210,301,233,293,315,255,222,228,257,392,318,188,436,405,204,256,415,331,197,208,241,369,356,235,163,241,242,232,252,172,228,323,342,1371,511,389,261,398,298,347,181,132,161,217,250,211,351,241,320,491,688,341,360,290,175,289,325,220,361,428,253,250,234,202,362,234,470,347,289,245,137,302,265,200,386,360,377,311,247,258,219,272,244,355,324,415,278,478,1128,717,929,933,1207,885,636,323,566,821,772,1896,1697,1791,583,711,1138,2045,2882,3570,4176,2808,1218,1244,1872,1688,1349,1397,2631,2083,1084,1643,1493,2228,1779,4058,2459,2843,2491,1130,605,636,878,692,635,746,654,480,576,661,640,592,590,587,689,601,567,593,453,448,540,454,410,371,458,402,428,442,
44.46,250,385,404,650,7493,668,32339,336532,10321,2037,325,507,3050,27212,1598,24410,8265,2711,427,682,1722,9032,13348,1106,19437,2444,66808,553,600,2312,19094,2104,15674,7172,4884,30028,41423,2297,4618,22166,3150,9088,5420,5555,1893,6325,3415,8681,18637,1887,4259,2333,1272,610,8327,2742,5212,7934,1568,2947,2371,1347,528,677,14865,4951,1871,8493,2509,1861,1487,391,1500,5864,5282,732,3208,1579,2152,1039,341,1602,2755,2534,792,2049,3169,1228,40223,8651,1543,1567,1797,561,1994,2669,3762,924,586,865,1582,898,1622,9585,1324,2927,497,706,1323,1266,317,1287,32216,4925,1301,499,1210,985,815,329,1711,1083,84401,20126,2041,888,813,983,317,1075,900,1397,827,1172,1934,761,460,1129,1753,743,6835,490,4434,1516,2345,457,725,562,644,1067,311,28977,5036,1273,310,686,369,625,1179,517,7242,1284,359,391,771,527,332,646,2829,1095,6612,1653,392,355,407,608,450,714,867,891,885,445,1458,570,614,505,521,711,945,17999,5391,4124,1248,416,415,895,971,488,329,47229,9881,803,386,646,430,332,442,419,6184,4641,1386,441,474,462,513,932,356,727,895,599,372,541,488,330,360,750,498,730,3081,1533,1006,634,510,379,470,460,1511,5917,2591,1266,536,447,249,400,461,508,16157,7312,4605,647,668,320,537,642,632,334,766,776,579,303,286,300,376,394,270,598,703,1278,550,497,478,267,349,401,440,867,1922,1058,1390,557,379,447,402,448,691,1023,455,586,680,468,1813,544,683,457,1747,924,863,608,352,345,253,352,508,360,1608,823,981,1248,523,523,488,534,312,570,637,2085,1108,578,505,438,840,939,2179,847,838,579,663,280,345,430,336,519,409,538,317,460,365,520,298,651,628,1416,546,1887,388,265,530,427,440,657,343,401,327,481,915,804,387,885,1047,2536,1380,1606,701,1670,618,698,744,496,394,342,632,459,714,425,840,1560,717,1412,891,768,480,414,506,681,414,864,457,318,379,494,879,623,737,677,403,641,564,379,516,864,598,358,910,803,629,730,484,432,459,422,573,835,3053,1270,1263,1088,706,427,555,500,2413,1091,470,557,536,575,345,555,476,1111,302,629,650,586,809,566,764,2487,1248,648,421,477,960,353,371,399,392,512,409,934,1098,595,262,626,460,701,1707,1113,730,596,493,346,778,393,1046,899,944,345,564,436,561,916,524,3005,1614,1051,403,912,579,1269,420,386,555,635,1871,577,505,512,1259,871,1747,1710,1806,2719,1719,2024,1345,1661,964,810,595,4107,5378,2226,360,822,372,395,2549,1769,7921,7428,4044,332,510,361,582,603,437,1205,675,736,489,649,327,293,1168,974,635,667,439,486,378,519,1188,413,1148,766,704,447,566,437,380,318,234,286,377,413,399,487,451,446,364,344,355,455,557,402,773,900,454,607,630,432,1000,1454,1516,1543,781,554,593,957,869,2863,2333,2557,1734,1806,955,2571,14750,21080,38839,10353,5743,1523,4501,5708,5558,9299,6806,14541,4460,2339,2535,6500,7458,8351,14813,19789,14847,6014,8940,5644,9659,9369,6151,4359,7820,5818,5027,4418,10743,7946,5542,5660,8114,6735,4348,6105,4861,4675,3787,4384,4399,3579,3843,4607,5005,5152,5679,4941,5686,4564,4111,3779,2929,4762,4285,6583,4839,5133,4350,4136,3427,3270,3289,3909,4798,4843,4144,3944,3301,2891,3165,2506,2652,3092,3681,4364,3394,3792,2694,3796,2844,2361,2400,2981,3334,3134,2836,2349,2968,3283,2328,1977,2209,1938,2121,2482,3725,2530,2544,2361,1463,1773,1867,1992,1900,2251,2238,1866,1842,1525,1448,1227,1452,3753,2602,1308,2072,1413,1345,3100,2533,1933,1173,1950,1600,2374,1556,1341,1060,930,1143,807,1310,889,1433,1117,1255,1281,920,854,858,962,945,676,1362,5597,5724,4099,2727,736,764,634,699,955,819,1303,1004,718,598,591,788,731,2151,2020,2304,887,702,618,1062,816,436,566,10976,11399,5957,2687,1523,759,533,603,442,524,420,659,22541,22497,15247,6413,3438,1078,12967,13768,10074,5930,4808,2792,1381,1289,1004,651,600,4599,4370,5239,2053,1313,1327,923,604,555,853,8793,12682,9219,7298,2067,1365,645,604,554,697,601,692,2510,2549,1912,1352,838,592,671,750,2178,3923,2937,3206,1657,705,619,555,459,593,514,485,8055,10232,10864,5747,3682,1271,796,689,806,1094,1031,880,586,589,559,1909,2544,1685,1132,629,919,1327,828,738,702,501,435,4408,5302,4606,1562,832,510,400,646,438,418,620,542,611,772,488,468,412,471,382,553,977,1156,852,922,487,738,673,339,279,427,385,288,459,306,486,344,302,767,402,453,262,260,326,409,269,255,260,160,249,333,478,281,212,361,428,222,276,331,173,476,196,214,315,257,188,217,240,188,260,320,382,422,228,200,366,511,282,459,348,211,330,226,215,256,241,251,225,288,253,210,221,344,1281,568,439,318,309,311,266,245,178,481,252,171,201,328,313,204,464,479,276,216,260,326,211,160,257,290,303,206,262,231,242,284,247,581,404,284,227,230,289,503,305,337,530,676,307,354,264,305,418,531,462,281,383,327,473,740,1419,1804,1532,1223,1146,812,634,846,1251,1397,1778,2110,1556,882,1083,1494,2533,3614,3421,4678,2934,1330,1221,1496,1737,1289,1439,2831,1885,1101,1698,1598,1940,1625,2675,2225,2498,2146,1425,657,631,579,800,574,841,573,684,627,708,636,506,580,647,447,692,549,602,451,559,432,579,570,454,629,595,492,506,
44.28,249,351,391,635,7951,1133,37220,348255,9210,1203,450,436,5241,27754,2245,25249,9757,3094,881,890,1520,11439,18938,1635,19275,2670,80907,702,683,2976,21751,1884,13719,6483,5258,39087,45474,3032,6659,26196,2946,11970,6644,5168,3071,7584,1997,8139,17129,2730,4718,3522,2010,545,11524,3021,5190,7928,1533,3610,2600,1599,545,1332,15537,6214,2475,8989,3126,2704,1000,401,1739,3806,4655,866,3569,1791,2189,986,357,1278,2822,3715,692,3318,2525,1328,38174,8707,1584,2333,2693,703,2165,2639,3645,930,814,928,1725,1068,1745,10670,2044,3360,445,612,754,934,540,1295,34690,5417,1924,483,1047,563,870,438,1333,1838,81096,17118,1029,798,1201,778,420,1123,760,1743,1074,1148,1943,699,384,1247,3223,1113,7180,620,3978,1716,2963,484,539,597,1169,1009,683,30742,5864,1770,347,962,703,905,1514,689,5282,1569,505,572,975,481,919,1797,5838,1622,6542,1916,494,665,535,883,419,674,624,836,1006,508,1150,609,710,432,590,854,1301,19804,7873,3804,903,490,1153,692,668,627,484,49250,10138,1186,705,856,814,703,702,490,4203,3897,1677,879,909,583,601,542,416,591,1286,892,543,513,556,825,276,574,911,624,2905,1171,1618,561,591,377,514,718,1277,6017,2507,1639,595,530,347,599,960,708,15533,6937,4926,820,455,405,661,402,479,563,457,1216,672,500,499,610,469,450,398,790,1033,1413,884,615,327,486,431,374,884,873,1654,1014,1458,547,391,314,716,807,462,1422,856,637,770,709,1395,686,650,594,2826,1490,964,688,680,310,430,426,489,367,2116,1209,1062,1278,796,641,526,546,497,503,1011,2398,1284,520,553,547,866,1827,1726,699,748,548,505,492,506,540,543,655,311,873,426,538,634,578,360,445,787,1547,869,2885,841,432,408,359,399,586,514,565,412,624,1096,882,549,1110,2350,3949,2020,2071,799,1548,1129,1226,824,817,440,335,583,939,745,837,901,1328,1188,2054,1191,603,397,736,671,656,729,1262,657,436,558,804,1256,531,983,711,455,637,741,525,662,880,762,524,1840,1243,520,1011,749,969,445,583,1470,901,1959,1060,2260,1969,899,350,602,602,2212,977,502,568,529,492,412,509,929,690,529,749,917,551,1382,716,909,2571,2181,643,615,861,484,436,401,433,555,608,615,648,1261,777,617,679,686,748,1947,1036,1143,667,786,359,935,563,911,1041,1389,533,546,432,704,932,638,3946,1549,1025,848,875,945,1024,451,560,636,1111,1970,704,733,589,1677,1309,1634,1806,2186,3775,2034,3085,1593,2211,891,747,497,4447,6590,3090,588,831,637,373,3967,2098,8611,8574,3587,469,741,412,669,680,877,1234,677,709,610,660,666,561,1328,994,1031,648,628,784,572,498,714,499,1087,1171,1251,577,1030,553,573,354,292,376,557,766,431,563,857,519,655,393,507,653,831,477,1038,943,855,1322,892,1004,2624,4813,3570,2048,907,820,824,4320,3303,6450,3647,2829,1693,2193,2834,7319,28990,52598,65436,14336,6577,2865,14427,18716,13468,14388,11293,19460,5441,3928,6085,12740,11536,9055,16286,24914,17827,6578,14063,9785,12707,9255,7165,5905,10594,7333,6150,6324,10661,9258,5386,4841,7205,5927,4732,6250,4812,5547,4662,6485,4647,4425,4304,3740,5243,4925,5571,5430,5702,5727,4977,3372,3561,4393,4260,5568,5319,5383,4692,4104,3815,3322,2854,3645,4346,4130,3928,4553,4333,3223,3616,2719,2761,3494,3127,3396,3264,3583,3257,3730,2879,2368,2041,2586,2918,2790,3088,2743,3111,2624,3004,2099,1911,2015,2196,2436,2712,3240,2411,2352,1567,2020,1540,2348,1689,2081,2349,1943,1787,1503,1417,2046,1554,4527,2789,1332,3129,1985,1515,2979,1890,1428,1570,2142,2004,2829,2125,1708,1164,888,899,745,1529,1055,1581,1561,1620,1232,1082,1051,789,1098,791,896,1069,13046,15380,10747,5710,1279,811,773,620,786,703,961,870,667,634,865,790,910,4735,6167,5398,2705,1441,695,726,690,614,642,9656,9735,4212,3245,2775,2139,766,734,747,506,485,624,22965,24109,16937,7058,4215,1316,17302,18331,14422,6322,3748,1955,1312,1022,666,964,646,3715,4230,4959,1872,2632,3130,1210,953,696,637,6800,9130,6946,4712,1815,943,899,634,604,501,610,592,1164,1686,1716,1477,856,600,577,1215,3595,5551,4703,4795,1993,1397,754,597,658,902,521,622,6463,10559,11052,5190,4072,1269,988,1238,1056,1162,875,942,621,579,571,1649,3144,2490,1672,699,717,1197,593,688,525,497,509,3672,4279,3089,1882,1129,643,525,446,506,532,523,476,465,713,469,437,457,415,317,518,499,826,444,510,480,714,540,404,373,311,431,342,366,301,291,338,330,632,506,406,372,442,330,354,353,376,330,397,273,306,266,255,413,340,391,326,265,226,242,343,256,439,339,328,435,301,345,342,372,262,182,323,382,412,621,359,240,301,279,420,422,408,400,280,259,393,369,403,322,406,380,321,1915,745,283,209,323,382,213,236,351,290,413,300,231,366,295,250,547,648,292,319,393,292,247,349,327,288,286,243,282,315,286,247,328,580,228,385,380,415,445,608,399,436,791,675,376,287,409,402,590,748,780,443,745,587,913,1573,1847,2380,2487,2150,1586,1090,867,1302,1478,1559,2562,1984,1999,982,1410,1345,2802,4067,3513,4745,2368,1262,1101,1242,1509,1558,1214,1860,1453,863,1121,1258,2300,1507,2269,1843,1447,2332,1324,774,802,747,759,960,725,664,867,987,670,713,786,699,529,642,571,505,568,444,550,462,434,743,482,406,377,394,494,
44.11,248,332,409,375,9137,585,33679,359491,8872,1838,433,433,3532,26586,1412,27361,8121,3465,751,591,1372,10954,19110,1783,17137,2442,92751,706,1080,3355,21020,1752,14693,6726,5028,47431,39189,3245,6629,22861,1776,10840,5156,3461,1612,5859,2470,7155,16725,2053,5496,2075,1135,335,11907,2482,5490,7584,987,2664,2155,1363,504,1356,15214,4510,1569,8667,2509,3648,890,354,1370,3490,4933,1023,2403,1743,1729,758,375,1038,3130,2979,837,3128,2584,1024,38446,8931,981,2114,1807,922,2701,3148,3267,608,628,749,1438,1237,2049,8939,1773,2339,434,1128,745,978,485,1162,29093,4692,1106,279,709,676,347,437,897,1036,64094,13804,1424,587,640,605,234,1497,871,1894,587,997,2582,449,398,1088,2422,1014,7728,884,4540,805,1834,568,408,658,626,967,622,33298,4901,1314,378,348,518,676,1318,577,4182,1697,405,680,1180,510,715,1758,5989,1694,6616,1302,368,669,493,632,510,579,802,724,867,386,1902,430,448,559,403,832,1312,19947,6324,4587,662,494,511,708,561,631,544,46289,10231,1047,334,799,413,801,765,646,1523,4543,1831,849,551,449,496,1120,434,427,709,638,362,558,756,396,262,563,930,703,3209,836,691,454,360,308,727,596,1096,5902,1588,1758,639,519,440,429,633,456,14295,5500,5103,729,410,320,474,584,551,398,1066,765,563,237,578,497,421,546,311,1051,719,1776,751,665,549,315,538,511,516,621,1791,658,1011,756,417,324,990,413,936,823,444,638,399,447,1218,484,684,825,2412,870,554,668,884,453,652,320,662,390,1684,658,612,1148,457,520,349,532,399,618,735,1750,1206,345,420,551,957,1832,1416,1047,1181,394,536,465,488,723,379,439,426,347,522,553,450,551,389,633,1021,1328,750,4388,862,408,368,483,439,453,556,459,374,328,1141,539,487,1119,2691,5278,2279,2309,445,1485,939,910,481,524,331,342,568,920,1006,623,1695,1677,988,1314,1478,483,432,343,678,347,738,1191,702,674,495,1063,1206,411,1135,1048,601,666,1216,1508,622,1227,440,450,1471,761,643,1011,850,563,507,1445,1733,1070,1055,1389,2171,2199,1391,323,627,469,2065,958,553,730,560,513,320,599,743,1008,526,836,472,438,895,614,811,2816,1337,666,429,601,549,250,294,397,587,443,645,552,1260,677,399,541,750,689,1537,883,1465,648,395,478,861,535,794,956,986,529,445,380,519,804,582,3554,1220,1253,579,837,667,1840,614,490,504,721,2673,523,593,324,924,1095,1680,1406,2023,3236,2281,3454,1825,1452,899,783,782,4816,5475,3136,782,660,477,361,4632,2391,8700,6094,3023,512,466,301,432,700,679,896,634,430,758,873,355,395,1227,529,746,782,394,663,530,384,890,316,1003,886,1072,625,522,458,367,470,440,504,437,689,380,512,460,487,695,506,1209,795,874,631,863,537,1201,1568,1559,1394,5507,5429,4435,2015,1039,1517,1593,7189,5502,11043,4419,3957,2105,2486,4953,11668,32212,73235,69783,16389,7430,4064,27595,27436,17017,15595,12489,19950,5980,4269,8395,16050,11582,10065,19231,28146,17546,7406,14740,10793,11596,9083,7543,6550,9513,7359,5960,7497,10752,6575,3761,4284,6175,4078,3844,5643,5359,5914,6119,5554,4872,4224,3481,3262,4347,4161,5370,4574,6770,5588,5654,2983,2743,3383,3100,4464,4548,4665,4887,3888,4068,3264,2422,2571,3364,3462,3690,3325,4390,4053,3312,2815,2417,2325,2825,2671,3367,3401,3419,2818,2758,2338,2240,2034,1963,1872,2159,2010,2532,2570,2073,1503,1805,1457,1873,1800,2533,2330,2138,1718,1557,1263,1486,1856,1202,1619,1651,1796,1656,1447,1177,1759,1139,3463,3080,1458,3741,2388,1172,1645,1211,1085,1081,1342,1158,2852,2472,1240,1159,774,675,1024,957,863,1063,1590,1840,1377,792,866,623,776,1022,697,1042,17479,21372,13701,8278,1888,728,572,586,572,759,585,836,668,581,904,648,646,6920,8550,9353,4807,1743,784,642,586,843,422,4393,4469,2448,4650,4898,3712,1166,677,447,498,376,613,20156,21607,15175,6130,4176,1554,20519,19204,14329,5432,2851,1034,804,954,505,638,729,1416,1821,1757,2959,3437,4452,1555,1092,541,704,3060,4210,2764,2753,954,806,654,552,514,487,498,588,707,1941,1862,1355,703,629,559,1172,5312,6276,6898,6005,2744,1418,533,559,531,745,504,639,4889,7213,7519,3839,2246,1212,747,541,786,772,819,863,579,396,436,2102,2994,2440,1524,619,547,628,662,468,421,403,477,1674,2175,1997,858,551,432,342,337,337,576,389,480,318,332,280,283,362,667,305,308,375,433,327,320,248,316,489,296,355,218,236,241,311,271,246,444,321,781,587,335,346,265,276,305,273,311,209,518,280,269,193,209,204,325,224,348,284,345,221,209,374,241,267,220,355,358,264,195,257,197,247,401,221,282,284,562,244,227,259,396,230,258,212,266,235,354,218,207,330,172,205,198,1772,500,209,132,371,173,254,250,127,585,400,325,277,305,178,216,392,529,227,363,293,340,464,288,351,360,360,381,274,277,481,196,304,438,290,279,201,309,546,605,441,577,812,556,417,420,479,719,595,646,894,689,755,533,1331,1277,2532,2450,2404,1448,1362,1099,1011,1480,1490,1567,1471,1474,1246,946,1269,2023,2273,3633,3498,3197,1758,932,1043,1343,1321,1380,1180,1020,804,1174,1031,1624,1498,1786,1583,1401,1420,1230,916,747,677,739,532,621,609,609,848,767,723,586,454,933,397,473,556,490,403,467,630,419,496,370,490,578,615,467,443,
43.93,247,374,469,531,9313,729,39114,377796,9733,1510,351,498,5249,30433,2054,28304,9299,4867,583,807,2322,12197,19109,1481,20123,2160,124303,666,1478,3123,20541,2105,18816,8337,4438,52765,45619,3044,5306,26025,2436,12649,7908,5321,3008,8399,2796,9234,20589,1958,5613,2767,1482,586,12942,2649,4774,10517,1276,3649,2566,1371,512,1347,13324,5730,1985,9561,2578,2787,1195,469,2113,3420,4595,788,3781,1582,2684,1274,450,1382,2800,3773,1034,2836,2509,1154,39491,8336,1295,1690,3597,638,2309,2332,3662,1120,767,949,2114,1123,1712,10144,2409,2481,489,764,838,1342,636,1515,29110,4812,1302,385,703,824,683,513,807,1147,53065,10640,1121,546,698,941,685,1699,966,1781,707,1256,1880,439,498,638,3035,1067,8785,709,4986,2031,2321,625,532,706,948,907,897,29251,4656,1236,498,642,855,1182,1323,436,4836,1155,524,671,1124,537,974,2880,9232,2562,8615,1982,583,579,635,622,414,701,976,843,904,524,1527,668,878,503,1058,656,2059,18838,6472,4219,1402,623,743,680,599,748,455,44511,9534,1245,524,1078,785,603,801,524,1899,4099,1375,530,694,639,534,742,419,828,1611,1020,359,781,704,708,333,939,836,542,2621,1250,1370,591,640,384,740,762,1383,5952,2747,1641,831,1246,635,493,606,801,14340,5219,4233,646,476,421,540,786,657,290,688,922,711,500,561,483,530,798,372,858,1793,1354,987,625,384,547,634,496,540,1164,2741,1248,1276,432,442,323,648,942,796,1179,733,577,565,538,1590,692,488,650,2196,868,849,911,636,407,464,531,556,469,2366,844,668,1154,727,514,393,741,405,591,673,2543,1704,809,423,530,1083,2095,1492,794,1552,574,982,582,391,421,706,516,603,886,489,543,537,497,410,689,748,2813,1466,6520,849,497,401,550,460,517,595,469,499,386,1277,714,392,1290,4317,7827,3721,3750,723,1487,896,975,555,651,528,413,499,1036,1444,775,1597,1773,1192,1491,1459,829,482,493,875,643,588,1477,706,569,514,1201,1128,727,2145,1758,1204,652,1645,2607,1367,1204,548,483,1440,708,639,1476,1250,673,390,1416,2502,1769,1569,2090,3464,3672,1870,446,778,554,1959,1636,653,831,556,587,444,1010,985,948,570,858,510,656,1229,593,993,3167,1212,727,440,953,649,582,329,577,713,615,723,639,1849,899,597,568,405,914,1949,957,1198,749,470,637,1357,478,938,1131,963,630,628,390,624,784,651,3892,1904,1367,824,917,1138,1791,601,560,599,1095,3145,740,1003,693,1611,1318,1657,1813,3731,5397,2775,3007,1160,1191,1122,1033,685,6358,5460,2878,553,1463,1033,489,5546,3875,8291,6477,2927,718,580,539,601,724,709,862,889,895,500,892,731,628,1437,767,600,1203,749,629,622,462,517,487,1348,1291,1380,588,605,649,554,548,1117,712,805,1287,877,693,767,730,750,781,4276,3717,2740,1197,1307,944,2487,2653,3305,9494,16328,13358,6933,3050,1879,7494,7404,21990,20577,22299,7436,5196,4160,6790,12645,18152,39070,97968,74721,16702,15595,13259,57911,47429,28606,23475,19106,25025,9648,7014,17677,19468,14708,10242,17783,26284,18829,8576,16778,10537,11891,9862,8467,6733,8404,6666,6470,8240,7989,6010,3651,4221,4808,4626,3510,5196,4836,6856,6172,6538,5416,4153,3113,3366,3916,4112,5312,5645,6815,5827,5294,3574,2862,2823,2976,4290,4025,4544,4633,4353,3236,3015,2843,2525,3528,3167,3389,4359,4017,3064,2962,2481,2445,2439,2762,2666,3248,3233,2820,2765,2480,1963,2007,1989,2855,1954,2407,2403,2569,2116,2157,1432,1419,1338,1693,1884,2536,2764,2220,1816,1679,1394,1702,1742,1189,2311,2085,1949,1366,974,1209,1541,1230,3960,2434,1666,5167,2749,1141,1090,1070,1026,1281,1161,1370,2155,2078,2123,1402,881,971,797,938,823,1000,1837,1848,1705,893,919,664,732,653,749,834,25850,29739,19496,12943,3314,1581,661,750,1212,1162,1401,644,700,650,728,709,580,10617,14242,15494,7294,3783,1208,780,615,742,608,3024,3283,1703,8008,8379,5536,1832,1206,593,809,712,747,18640,18611,12516,5222,3634,1547,17665,18445,14198,5224,3178,902,795,637,903,693,635,1127,1048,1461,4221,5155,5779,3047,1555,669,827,1643,2404,2171,1695,828,860,825,716,581,849,691,777,914,1845,1635,1442,709,651,597,1407,5049,6670,7538,6214,2715,1397,746,640,589,620,663,775,4396,4941,6580,2872,2497,1162,671,848,1076,1140,718,706,881,609,533,1788,3041,2051,1454,652,616,664,313,452,747,584,345,1379,1657,1234,675,522,449,554,315,446,562,460,440,332,358,370,383,545,396,326,410,317,315,395,354,425,421,461,374,327,381,300,406,471,473,342,331,336,524,369,433,473,275,431,459,267,393,259,301,390,244,329,294,224,267,300,300,312,381,267,292,244,374,322,333,305,313,243,359,264,266,276,371,292,394,385,633,393,334,243,458,358,387,314,475,186,355,309,384,251,366,367,280,1957,726,570,339,486,198,265,292,329,286,297,291,251,284,329,344,541,511,401,297,497,450,410,386,354,365,449,264,446,330,348,483,503,527,558,568,465,489,674,1195,788,952,986,828,711,762,904,881,893,1139,1336,1177,1046,1439,1488,2229,3288,2317,2546,1650,1651,1324,1384,1267,1835,1606,1844,1516,1812,1556,1563,1950,2069,2523,2885,2074,1501,1186,1161,1137,1181,2095,1941,994,783,1068,1157,1639,1723,1498,1230,1046,1013,877,726,732,670,758,622,533,651,849,957,734,743,734,646,573,588,442,549,464,489,721,463,537,549,461,538,503,534,528,447,
43.75,246,482,460,331,11153,856,41033,404556,7035,1951,380,512,6213,27459,1970,25295,8009,6738,602,729,1487,12621,20169,2126,20017,1597,140548,766,1266,3150,23834,1406,15766,7136,4770,62120,46784,2890,6853,24034,2564,10364,6927,5639,3274,8533,2307,8214,20635,2644,4116,2376,1397,382,12848,3794,5645,10206,1327,3874,1977,1128,338,1563,12781,4971,1686,9769,2591,2949,1325,313,1434,2890,4975,1143,2501,1854,1929,1020,335,2058,2398,2746,700,3693,3575,1357,40357,7536,1467,1615,2239,625,1934,2235,4173,584,782,851,1832,733,1642,7943,2357,2607,294,855,569,919,434,1288,27516,3143,1183,321,1187,1061,632,253,870,827,51318,10049,1203,673,815,838,334,1625,1039,1563,500,1716,2371,455,478,1108,2316,2103,9120,892,4535,1334,2061,414,492,534,1061,845,832,26050,3869,1254,328,551,604,568,897,671,3482,926,539,582,962,540,733,3951,9375,2498,9158,1857,573,600,750,643,519,831,628,995,904,449,1016,582,707,389,651,1226,1572,18543,5583,3040,1049,360,746,525,667,471,469,42145,9061,1110,455,622,876,638,665,432,1001,3302,1213,573,459,514,736,819,341,526,1056,591,354,1051,466,480,328,401,466,711,2367,1047,833,468,732,283,739,344,718,4337,1983,1160,774,1007,390,429,674,699,12874,5334,3461,561,562,561,544,747,553,470,831,919,471,370,428,460,513,551,379,673,1009,1946,719,665,645,496,465,549,763,928,1925,1124,702,265,381,269,494,664,574,1004,451,611,904,441,1124,542,465,517,759,732,619,400,477,344,410,548,435,455,2464,591,812,692,758,487,355,545,260,616,549,1994,1167,342,408,869,782,2083,2399,976,1098,597,700,385,487,630,452,546,245,440,326,425,388,436,228,418,1154,3441,2199,8795,1499,647,552,433,648,598,566,600,800,481,1723,634,375,1794,4209,8752,3348,3525,525,1896,1032,671,423,876,328,298,363,918,1534,586,1584,1771,1693,690,2604,1177,698,404,695,447,453,1753,505,388,616,821,1143,708,2979,2982,1825,933,1937,3418,1805,1039,429,360,1258,921,434,1266,893,896,357,2890,3770,1634,1067,2200,4675,2260,1220,521,348,466,1717,908,560,718,602,672,303,760,686,990,444,738,618,385,762,390,507,2795,1327,765,476,837,643,347,459,293,607,330,420,704,1197,630,744,900,510,751,2124,976,1227,433,550,372,819,585,646,1188,944,731,621,473,591,929,427,2633,1254,1488,744,1445,586,1830,671,409,1053,851,2079,795,767,371,1150,1478,1368,2144,3322,4222,2514,2412,888,798,907,971,911,3684,4712,2127,504,1629,903,580,5630,3850,6199,4395,2961,384,351,462,342,658,545,736,884,572,385,1411,750,695,1199,989,858,1231,766,556,553,513,578,346,998,1472,1192,559,683,684,532,620,1626,1049,959,1053,987,1127,659,652,763,1088,11024,7040,5859,1504,1854,1240,3515,2748,5139,20625,22677,14930,7582,5447,3791,13519,11628,36040,30436,33594,9918,6063,3736,10760,16849,21975,37623,104770,76308,15778,28487,18674,68109,48575,30728,26449,21036,23872,8218,10227,20233,19683,14276,9686,14216,21796,11863,8520,13093,8320,9624,6499,6434,5663,6705,5798,6252,6886,8169,5695,3619,4002,3406,3001,3149,3983,5357,5947,6449,7598,5583,4421,2687,2764,3254,3501,5300,4841,6039,5921,5294,3037,3167,2877,3195,3039,3725,4259,4030,3872,3159,2893,2221,2254,2560,2534,3395,3683,3102,2846,2304,2464,2047,1976,1634,2231,2139,2100,2539,2254,1906,1584,1642,1535,4493,2354,1783,2039,2008,1708,1340,1583,1250,1392,1227,2717,2317,2329,1556,1280,943,1181,1274,1308,1169,2325,1510,1243,1245,1023,940,1178,1024,2103,1475,1607,4243,2733,934,1141,852,839,862,890,2242,2741,2559,1419,1489,828,767,651,856,640,842,1806,1352,1292,942,609,630,838,607,559,616,26078,30034,22130,14348,3619,1454,826,525,1697,1792,1449,1023,708,483,609,722,451,11281,18184,18971,8269,5278,1746,1020,717,544,635,1316,1256,819,10092,8578,6164,2508,1130,549,791,538,472,9256,9653,7562,2488,2093,1056,14012,13549,9007,3255,2047,737,630,978,925,927,1075,484,793,695,5752,6415,6396,2773,1666,782,734,936,2695,3253,1867,732,648,650,665,824,683,525,644,729,1281,870,1265,588,737,604,1183,4160,7233,8159,5265,2193,1293,686,718,520,488,602,778,2242,3497,2877,2391,1685,978,613,667,709,622,686,621,657,537,435,1036,2111,1185,916,484,298,458,370,364,472,347,268,605,742,452,585,551,303,325,367,378,282,408,358,211,343,235,330,196,295,258,289,263,314,271,262,401,397,267,346,292,382,386,288,146,275,217,258,279,536,340,275,249,397,278,366,489,182,199,234,184,248,285,223,194,279,188,252,272,242,225,225,207,393,337,320,161,274,310,365,299,173,238,275,270,256,244,281,379,265,436,249,349,330,232,277,288,160,439,226,293,211,175,285,1328,684,447,219,247,443,378,284,368,156,387,363,264,256,260,231,521,633,293,249,451,280,327,284,618,327,544,236,506,515,347,753,589,569,484,627,521,693,747,1184,1211,1295,952,1124,980,879,876,1052,1371,1240,1377,1292,1460,2431,1972,2868,2301,2092,2129,1527,1291,1570,1305,1558,1509,1530,1836,2054,1893,1288,1526,1722,1968,2035,2301,1959,1194,1278,948,1382,1072,2371,1217,1070,884,608,1202,1265,986,1151,1134,790,741,569,768,494,680,551,520,485,596,499,538,586,485,465,463,386,392,483,420,341,446,479,376,468,514,588,391,296,323,409,373,
43.57,245,451,412,1137,10250,679,42688,456989,11869,1895,426,716,8771,34803,2429,29657,9612,8690,779,908,2669,16412,21108,2151,18861,1927,177821,607,1985,4003,26834,2905,18757,9068,4787,63304,45783,3464,7900,27081,2661,11909,7830,4976,2776,7733,3714,11163,21477,2670,5608,2495,1374,751,13381,4673,9263,9844,1707,3463,2552,1818,595,1774,12372,6925,1922,9957,3117,2789,1166,501,2161,3230,5365,864,3590,2471,2372,1006,425,2415,2326,3110,959,3768,3256,1207,46620,6599,1590,2174,3899,694,2362,2371,4015,1175,1051,1677,2680,1355,2079,6543,2363,2493,563,627,1251,1103,499,1195,26310,3245,910,516,897,838,1104,510,901,1705,67081,14573,1759,784,1028,1096,395,2258,1046,1552,1063,1576,2764,604,696,1115,2316,1783,10453,791,4356,1602,2656,394,574,786,994,1010,1453,22768,4066,1736,397,751,909,750,1112,894,3051,1082,540,624,1201,943,891,3999,9960,3382,9217,3395,1069,605,983,906,579,868,716,945,788,517,1215,589,844,351,812,1229,3941,18624,6472,4695,1194,551,1113,1136,768,803,336,37941,8641,1173,492,743,705,752,887,493,1546,4903,1696,455,870,671,593,808,475,805,1288,725,679,645,652,714,424,539,771,778,2390,1313,1114,643,601,276,885,794,1059,4808,2298,1019,742,2013,906,572,785,783,12547,4909,2898,636,605,528,482,805,712,498,860,1149,701,506,592,677,445,708,423,757,1703,1752,1195,529,536,428,672,918,849,981,2043,1399,1597,381,593,309,560,585,1076,861,462,838,660,598,1998,615,605,780,925,660,823,537,603,610,572,618,635,332,2500,1089,643,813,663,607,504,650,406,798,758,3221,1156,756,456,480,1012,1663,2015,1016,952,860,816,445,716,430,475,532,477,556,373,555,664,538,353,447,741,5978,2433,15333,2019,508,592,414,677,654,658,469,1031,362,1495,998,579,2534,5489,14097,5731,5126,846,1653,1198,710,629,995,519,380,607,1035,2145,946,2105,2207,2192,1181,5262,2972,1295,606,1173,677,725,1993,1123,677,846,1313,1596,681,4284,5545,2415,1502,3912,5380,2267,1169,625,416,1950,983,788,1699,1697,1299,706,3540,3317,1809,1121,3098,4749,2945,1197,313,724,820,2010,904,592,685,591,613,403,657,733,1205,612,651,509,445,840,683,685,2315,1324,515,672,905,469,607,637,527,492,667,655,665,1759,1415,683,823,799,731,1907,1046,1487,608,1030,584,505,459,748,1415,1167,735,484,647,884,966,515,3247,1655,1829,915,1762,1281,1440,778,599,578,1190,2761,841,1178,470,1078,1366,1613,2790,4285,4839,2880,2088,990,823,959,1272,803,4745,3503,2615,594,2579,1404,1086,4981,5140,4861,4718,1984,491,528,506,435,777,557,908,1050,605,632,1279,1258,1387,1378,1356,1174,901,794,581,941,596,608,440,1645,1835,1744,640,837,733,816,1442,2400,1280,1832,3100,1781,1300,860,1010,2723,5502,55597,41742,15525,2399,1874,1234,3968,3855,12739,60267,46029,22266,8870,23580,15337,52237,30403,65170,54689,64213,18330,8543,8970,23189,29293,23740,42337,98728,68671,17896,46973,29434,83197,54330,31329,28978,21655,28041,8229,17030,23870,21050,12502,9010,11587,15501,11475,8077,10735,7125,7474,6126,6022,5962,5805,4672,5605,7881,7849,6746,4691,4229,3679,3999,3037,4897,5790,6134,6778,6799,5904,4583,3352,2792,3608,3483,4745,4764,5819,5479,5872,3353,2284,3215,2761,3191,3549,4327,3596,3870,3309,2693,2411,3001,2557,2792,2830,3479,3162,2400,2517,1741,2052,2078,1700,2089,1957,2382,2012,2088,1655,1856,1813,1850,6219,4488,2038,1653,2062,1713,1839,1392,1706,1377,1540,2629,3593,2764,1814,1449,941,1172,1020,1144,983,2254,2238,1565,1322,1157,1283,1124,1189,1471,1357,1563,3694,3177,745,1035,864,823,780,836,6306,6519,5857,1783,1015,662,721,689,684,725,634,1554,2078,1736,1050,843,553,951,807,986,906,26344,29683,21844,13826,3943,1812,813,694,4468,4787,4853,1665,852,584,554,706,757,11575,19952,22034,15777,9747,3379,1669,917,729,685,905,918,742,10378,9818,7469,2448,1696,753,732,672,633,7441,6778,4714,3718,2713,1040,9528,9657,7265,3650,1865,1005,748,887,863,780,968,793,801,1116,5933,6187,7500,3980,2228,920,697,749,5809,5489,3776,1849,969,615,722,680,756,637,773,810,781,1144,643,693,958,708,1662,4674,6190,6725,5310,2219,1211,878,682,671,592,677,648,1841,2453,2642,1459,1051,918,498,703,563,625,566,557,556,565,544,720,1223,1177,728,493,351,496,355,577,458,380,593,427,497,471,524,375,391,467,403,436,321,398,325,297,407,293,237,344,416,308,316,288,393,337,416,296,513,487,457,344,292,297,242,429,299,357,221,494,752,352,293,333,230,276,318,354,295,281,332,306,413,271,257,248,357,306,325,404,385,311,354,226,244,248,261,311,245,297,379,223,450,361,506,381,308,365,443,338,282,281,311,352,319,332,318,333,256,337,264,349,327,385,458,1465,721,298,300,389,447,304,315,462,366,289,364,269,417,400,370,536,794,346,538,578,612,756,511,474,565,603,487,598,640,810,620,1001,1159,706,1298,1170,1465,1995,1795,1420,2557,1744,1556,2160,2052,1863,1524,2668,1687,2179,1872,2613,3496,2801,3911,2874,2577,2589,2322,2130,2070,1768,1803,1814,1837,2600,2185,2044,1832,2209,1909,1895,1804,3009,1849,1221,1243,972,1500,1231,2734,1618,1276,937,899,1131,956,1053,1047,728,745,573,699,551,612,897,580,577,475,585,559,533,831,488,402,483,528,490,719,387,647,515,444,434,374,554,462,485,505,493,420,320,
43.4,244,317,407,415,9711,934,40132,487577,12344,1503,310,739,8753,33153,2263,27609,8360,8033,894,916,4032,18469,21874,1174,19277,3513,187005,680,2591,5368,31281,2581,21422,8327,3947,62987,46400,3297,7452,32650,2949,13182,7163,5717,2718,7404,4424,11075,20693,2413,5681,3017,2076,481,12348,4886,8450,10611,1413,4233,1992,1066,720,2800,10467,5584,2957,10261,2473,2385,1359,476,2248,3671,4922,1059,3319,2145,1926,1932,415,2094,3409,2941,1012,2773,2305,1570,44629,5599,1935,1946,3129,301,2037,2605,3198,530,943,1560,2930,1009,1281,6017,1995,3170,488,1125,963,1437,361,909,22831,3246,1018,395,1267,672,721,605,900,1333,75036,15018,1499,793,1073,1334,402,2812,629,1715,671,732,2387,828,787,478,2403,2326,11135,1020,4763,1853,2221,511,401,812,1073,882,1069,16799,3433,1312,319,665,723,570,937,1218,2661,1372,562,706,1194,559,1145,4599,11991,2809,8155,2716,830,838,630,965,371,780,980,885,664,433,1611,731,929,390,751,1141,3142,16059,4799,2714,1370,392,828,1264,730,1168,268,33125,7922,903,450,982,552,570,687,464,1290,4084,1486,394,540,480,449,435,272,822,1507,1057,401,521,546,811,411,358,507,925,2336,1160,1329,502,446,522,575,552,652,4191,1608,1293,713,1267,719,577,798,808,10451,4090,3415,617,472,329,467,629,578,303,779,708,352,306,502,553,501,770,310,963,1206,1669,689,588,548,500,475,609,665,722,1390,603,1462,560,528,341,753,479,1306,843,524,612,746,464,1207,327,489,478,1130,663,438,384,468,281,643,705,517,289,2157,821,929,518,520,353,439,487,295,570,601,2338,1343,518,488,433,1070,1672,1573,618,1022,653,1365,382,268,535,585,465,605,610,327,601,377,481,510,532,1015,5752,2813,16882,1826,760,481,330,437,327,476,544,739,341,1049,824,460,2155,5993,13421,5522,6305,1179,2174,794,571,496,746,370,365,517,882,1391,580,2202,3433,2493,1315,8798,4603,2242,482,434,500,955,2391,689,682,1153,1087,1452,857,6017,4004,3076,930,5012,4647,2798,1024,396,246,1450,909,720,1364,1070,1113,418,3669,3029,1430,1098,1906,3124,1795,650,301,394,386,1986,484,514,699,390,415,310,393,510,866,678,593,404,353,646,283,493,2393,1041,649,504,735,787,514,318,554,390,402,379,891,1452,1142,841,584,765,844,2002,902,1549,940,577,386,580,327,646,820,1263,607,795,633,1369,848,526,2506,1917,2242,894,1912,2160,1200,708,583,658,773,1806,680,749,500,892,1386,1856,3590,4115,5219,3029,1962,722,776,758,1527,805,3276,2498,1425,489,3378,1716,607,4366,4582,4173,3594,1782,379,469,528,417,404,617,686,867,570,492,1858,868,829,1701,1136,914,1335,621,691,677,430,502,397,2071,1382,2160,668,884,542,743,1889,2529,3229,3860,4870,2387,1450,1053,2066,5318,15965,91232,64874,28889,2890,2624,1650,4244,6597,21037,87612,62347,23658,12785,42535,27435,72559,47343,77898,65370,80241,20478,9594,13292,30844,34774,23040,39760,81076,58016,27548,53629,34740,78973,44527,26749,24686,21417,19240,9115,18604,19187,13627,8861,8075,9903,8283,6069,6715,6298,6603,7207,4667,4920,4911,4978,4124,5735,6904,6764,5666,4841,4142,3588,3490,3387,4684,4433,5136,5235,6063,5048,4281,3660,2336,2446,3433,3844,4302,4909,4587,4703,3315,2503,2916,2222,2648,2556,3170,2995,3215,2914,2549,2080,3497,2284,1922,2480,2032,2480,1900,2021,1789,1692,1819,1406,1798,1524,2114,1844,1777,1561,1375,1570,2180,5677,4153,1787,1300,2523,1274,1240,1066,985,981,1145,2214,4490,2938,1935,1770,863,958,962,1000,1016,2152,1464,1220,1073,1089,1184,825,934,1011,935,1069,1503,1559,707,978,666,847,679,559,10192,9900,7679,2779,1518,611,838,723,778,463,565,809,2630,2939,1872,792,599,645,603,718,528,20710,25772,15922,10573,3510,1055,840,691,6228,6095,6336,2897,1339,777,581,607,770,10414,21402,27792,18601,12147,3158,2491,609,612,373,530,797,848,9262,9271,5969,2047,1262,738,933,496,861,2492,6125,7659,5406,3919,1117,4641,4342,2508,1529,1823,1154,756,863,852,722,944,760,501,790,5859,6212,6805,3842,1555,996,696,666,5803,5976,4380,1612,939,729,698,514,599,753,711,659,888,991,569,832,725,614,873,3007,3774,4154,3570,1571,901,517,590,567,508,401,466,767,775,1000,800,659,499,474,515,464,535,454,411,393,419,428,498,587,577,329,636,268,298,288,295,349,376,557,265,350,334,407,387,277,236,342,334,284,336,356,370,261,229,244,277,297,175,265,213,445,259,313,324,359,408,246,328,310,234,332,315,352,172,201,396,569,217,280,250,247,284,251,172,230,218,289,201,252,327,164,164,162,136,197,215,278,239,188,167,217,188,291,195,238,241,234,198,155,283,294,369,243,440,313,209,249,233,412,244,477,241,252,133,280,315,200,203,284,363,204,1370,771,374,268,295,287,319,367,490,305,296,276,326,428,354,410,464,819,544,517,544,864,659,448,596,458,606,582,794,801,650,979,821,1345,965,1861,2192,1696,2327,2065,1565,2713,1920,2382,2337,2433,2250,2098,3116,2110,2386,2139,3727,4530,2696,4386,3269,2931,2635,2391,1598,1856,1604,1496,1503,1555,2825,3005,1989,1389,1503,1868,1970,1241,2042,1803,813,938,780,1234,1218,2629,1641,1024,678,847,961,892,1088,655,756,561,460,700,429,441,645,525,407,413,494,646,381,470,466,450,399,440,437,419,344,418,362,332,347,503,410,489,354,339,310,382,566,
43.22,243,418,500,528,12452,754,47630,544390,14591,967,437,819,12416,36757,2153,34135,11106,12245,979,823,3870,24702,26506,2394,20208,2456,203677,907,4627,5745,33964,3687,24296,6918,5778,56315,45793,3078,10720,35498,3919,14852,8205,5475,2773,7894,5788,13978,25050,2231,4948,2967,1544,657,13879,5476,9482,11998,1592,4524,2904,1473,487,3070,12401,9631,2434,10792,3316,3523,2062,454,3301,4528,6162,985,3962,2362,1904,2120,638,2860,3675,5366,726,3272,2760,1358,46690,4803,2445,2403,4542,746,2367,2112,3596,685,1353,2536,3500,739,1666,7343,2245,3488,690,1105,1626,1342,703,1238,24718,3466,1038,461,1032,865,1122,400,1067,1775,91717,20228,4206,1035,1616,1847,705,4259,1152,1376,849,1153,2371,668,444,850,2376,2954,15611,1966,4439,1244,2363,533,778,1023,938,1047,1336,20570,4181,2010,581,692,1093,1264,1218,1403,2427,1258,892,510,2053,607,739,4297,11284,2958,7656,4795,994,1814,676,1312,644,1294,859,952,1169,383,2043,692,685,561,803,1926,5460,15730,5441,4030,983,425,942,968,818,807,399,34187,7688,777,381,884,627,588,972,557,1035,2817,1731,307,601,560,630,731,402,811,1168,678,401,799,547,805,466,671,600,830,3416,1201,952,549,495,280,540,466,1120,3986,1547,1511,1122,1795,366,665,673,717,9536,3521,2847,642,561,685,568,1047,658,329,957,807,547,426,428,494,827,933,495,816,1215,1903,1072,497,547,459,624,512,630,723,1700,956,914,453,564,379,1068,706,1339,798,466,836,530,525,1124,469,651,594,961,632,563,649,695,319,519,375,626,579,2669,634,916,726,1275,798,398,663,484,608,826,2190,978,731,490,625,884,2063,2487,1186,1434,774,1527,426,616,481,572,514,608,618,459,535,608,701,291,609,1479,9494,4106,24365,2775,815,470,412,499,465,920,754,946,377,1288,1532,608,2652,7647,23511,9016,17581,1731,1671,1228,829,815,1120,959,561,691,829,1974,1070,2650,4939,4182,1764,15293,9462,5880,736,748,488,589,2969,1112,868,1521,1329,3180,1293,7981,5707,3095,1596,7515,6477,3097,880,544,403,1641,1069,1577,2264,894,1633,1102,5128,3694,1674,1208,2431,3345,1642,831,550,435,1012,2682,1544,659,773,486,459,576,453,538,1106,641,702,357,551,808,427,703,3077,1138,1125,611,785,836,356,408,449,684,501,904,847,1385,1006,1087,929,852,556,2398,1232,1988,1066,1085,821,802,409,963,1070,1737,1173,818,724,1110,1204,520,4367,2539,2824,1269,2838,3172,1988,1333,1031,992,1748,2557,917,822,667,1804,1824,3163,7369,6842,6931,2636,3425,842,1206,930,1760,792,3947,3072,1433,675,3994,2483,1067,4542,5492,3912,4383,1590,666,519,399,534,602,769,870,934,641,688,1818,1176,1299,2900,1391,1044,1135,888,1179,1151,766,905,804,7882,4749,7822,1496,818,595,1208,2083,2197,12685,12127,10082,2496,1993,1262,11034,23969,65880,158136,121146,59427,5688,4370,3263,16083,15156,46694,123780,83663,27856,44702,96741,64334,116547,64811,98391,76018,98857,27836,12799,26360,46017,36730,24068,37958,68053,47551,33743,55130,36207,72914,38183,22780,23308,17366,15929,11211,18681,17796,11604,7579,8896,7537,6729,6150,6039,6484,5372,5905,4783,5132,4953,4403,4129,5264,5743,6224,6443,5070,5366,4010,3804,3038,4023,3775,4645,4957,5184,5471,4349,4029,3472,2477,2492,3549,3657,4883,4213,4358,3432,2434,2704,2256,2413,2433,2847,2682,2583,2849,2173,2182,6023,4390,1700,1948,2209,2178,2109,1990,2242,2134,1866,1530,1603,1614,2257,2118,1531,1284,1694,1672,2106,6099,4399,2150,1561,4170,1579,1200,1083,1092,1256,1217,2107,4384,2971,3039,1648,1080,890,1001,830,899,1507,1217,1090,1506,1410,1232,937,845,884,828,1022,1665,1400,998,1135,945,974,729,874,16152,15665,11905,4514,1543,819,900,677,860,816,670,686,7273,8592,5898,1771,1051,607,687,883,678,18168,21024,14686,10275,3202,1595,1082,846,7433,8592,7619,3513,1840,788,979,937,827,7333,27256,33302,24467,15532,5546,2985,1502,850,623,783,1785,1459,7529,7029,6216,2016,1588,1141,976,618,934,1393,8911,11166,8519,5728,1704,2609,2596,1721,1488,1877,1202,1020,1094,886,937,772,1054,884,831,5347,6982,6498,3449,2195,998,939,777,6665,6251,4465,2457,774,657,899,642,681,748,737,866,711,1010,628,722,604,729,821,2472,3305,2645,2180,815,907,485,820,672,530,527,493,556,625,778,604,544,641,449,465,450,355,391,452,369,377,561,427,355,416,544,382,403,328,318,556,341,381,362,337,358,411,504,396,450,295,314,380,385,620,455,239,378,352,376,458,215,426,368,348,266,306,278,305,301,242,285,379,276,287,193,383,385,248,247,293,613,346,280,369,428,429,342,503,344,318,264,397,448,407,335,586,338,249,211,342,335,205,296,355,278,452,349,296,257,355,243,178,263,270,339,472,294,518,658,456,301,298,331,383,346,340,229,271,307,470,207,382,340,422,403,1955,753,452,461,467,411,338,833,562,513,368,417,367,435,492,542,962,984,1201,1090,1348,1486,1225,771,1110,1049,998,892,1602,1802,1589,1565,1443,1888,1942,3028,3812,3087,2963,3264,2565,2907,3015,2735,3109,3102,2960,2114,2956,2341,3260,3023,4508,4965,3067,4370,3145,2456,1897,2218,1741,1799,1771,1345,1018,1573,2814,2470,1688,1554,1334,1636,1521,1093,1796,1318,1130,829,682,1031,874,2123,1528,795,616,824,896,783,1057,595,585,574,484,572,589,431,488,599,604,566,653,587,472,588,489,372,498,476,495,424,551,478,585,507,410,447,464,519,394,362,390,285,521,
43.04,242,388,374,846,14945,907,47686,583137,12410,1190,416,470,12663,42725,3760,32841,8402,9319,465,660,4772,28532,29525,3327,19718,2119,192732,853,5773,8972,40681,4025,24389,5931,5871,44678,51166,3931,9530,31925,3413,10372,6371,5125,3526,6389,5957,15582,21764,3244,5563,3142,1581,585,12115,4627,11493,11211,1757,3638,2759,2137,618,3525,11887,6331,1893,9021,2101,2166,2568,465,2853,6290,6498,957,4811,2049,1604,1917,416,3217,3293,4367,997,2617,3024,1168,41583,3858,1776,1678,3460,851,1834,2372,4308,1024,1220,2345,3222,1219,1657,5803,1410,2616,426,1360,1179,1170,336,1607,19421,3714,827,437,1090,550,696,238,1011,1338,87593,22715,4150,909,765,1915,467,4809,779,1540,531,1236,1652,534,854,1332,2040,3800,18493,2419,2594,1263,2009,486,542,489,763,899,1926,18906,3982,1380,356,894,778,1542,1173,2505,3069,1078,624,345,1788,702,1040,4810,8754,2427,7130,6693,2043,1610,776,891,378,1465,613,1219,902,542,929,589,1000,422,1044,2092,8027,14222,5062,2953,1020,669,587,996,650,532,347,32988,5832,1103,415,888,684,1004,1096,537,906,3338,810,368,462,674,558,887,334,682,1170,751,428,939,575,875,342,422,1000,944,1896,1210,1075,619,573,654,675,512,842,4172,1640,1741,747,1550,797,503,857,643,9653,4645,3188,724,540,348,600,712,841,385,1039,873,398,434,401,464,524,486,285,791,1269,1463,1057,558,713,714,546,506,521,580,2099,1111,974,444,417,417,830,558,1024,914,589,646,751,441,1312,398,852,672,1166,693,597,612,468,330,453,385,873,375,2466,994,560,675,1808,904,612,792,500,590,706,2784,1859,899,394,443,1030,1728,2638,850,2635,777,1198,289,505,517,532,381,423,584,346,579,531,464,246,461,1242,13534,5470,32796,4230,1018,332,307,527,409,629,530,1355,477,1216,1447,670,3151,10178,31437,14867,31712,2961,1698,1149,937,569,1343,1460,405,819,858,1437,1018,3425,6454,5141,2313,21241,12458,7273,1044,592,550,842,1910,853,903,1881,2275,4865,1890,10116,5564,4207,1979,8828,7255,2704,777,600,390,1701,1226,1202,1507,892,2458,1026,4200,2699,2042,1620,1355,2346,1531,704,284,501,566,1935,943,842,541,640,726,328,493,443,679,374,517,511,376,699,468,782,2872,1179,597,464,940,660,409,478,381,403,287,514,1180,1199,962,1232,894,917,843,1936,974,1754,1012,1091,1130,796,259,736,848,2047,1092,679,710,859,883,546,3642,2660,2749,1431,3553,3924,2211,1157,1271,825,1780,2430,1219,790,669,1677,1155,3686,7401,7219,6347,3339,3434,683,1132,826,1871,878,3272,2651,1363,615,4503,2062,1103,4040,4694,2601,3130,1853,396,613,550,590,565,525,918,691,750,437,1806,1134,1365,2134,1606,1395,1185,967,1022,1277,698,756,2145,18844,13770,16640,3064,1362,775,1424,2202,5344,24569,19527,14057,3072,2797,2022,23080,51016,104079,187138,147038,78452,7604,6323,7323,25207,21249,66056,133737,90546,28251,67303,127359,82888,135443,69630,94485,73166,96349,28796,14135,40844,50511,33710,22360,29765,38739,36825,37165,46544,30081,50781,25868,13830,14887,12270,16437,11404,16704,11852,8693,6744,8792,6725,4348,5117,5021,5587,5406,6211,4809,5777,4585,3147,2755,3772,5030,5236,5511,4508,4348,4558,3573,2325,3044,3396,4132,3457,4202,4333,4675,3701,2505,2919,1872,2226,2445,3611,3067,3759,2654,2682,2462,1802,1831,1929,2444,2058,2754,2070,1739,1927,7466,4175,1143,2552,1397,1663,1524,2258,2101,1645,1730,1655,1416,1351,2848,1455,1384,1461,1414,1416,2217,4874,3508,2102,1708,4761,1740,1218,847,1043,1056,962,1476,4302,2308,3132,1884,1048,901,793,824,1079,1373,1171,1162,1091,1163,1025,762,858,802,723,1399,938,975,941,852,683,725,631,662,19253,17933,13351,4604,1060,591,680,733,654,543,621,924,11838,14908,8366,2479,1534,963,1239,992,1066,9826,11674,7072,5551,2154,836,804,706,7321,8164,7688,3272,1585,882,821,627,1039,2700,28019,34074,23361,17344,4260,3315,1371,731,712,784,2557,2821,3881,4632,3270,993,1081,717,835,926,683,1434,9736,13801,10000,6198,2092,1112,1067,1601,1440,1267,1326,982,1036,889,740,858,766,488,1027,3531,4739,5056,2506,2052,961,687,689,5293,5525,2883,1414,949,527,893,575,886,568,663,675,564,683,789,725,684,632,524,1169,1770,992,1116,558,571,452,464,472,434,291,520,414,412,390,479,655,486,464,396,349,411,344,305,349,294,327,362,868,435,229,360,236,395,206,266,263,284,399,363,341,354,535,295,283,251,367,263,405,248,246,279,360,223,298,180,273,305,216,346,218,168,279,257,212,382,260,265,193,175,338,236,319,219,326,250,705,292,334,311,291,263,447,304,232,343,165,347,359,288,250,306,316,165,196,209,189,168,270,267,253,265,240,272,303,404,337,271,220,173,326,360,311,518,354,204,326,170,303,240,350,196,240,204,267,279,290,187,175,312,292,1583,926,499,382,683,745,476,1081,652,651,345,479,634,452,974,866,700,1058,1382,1491,1930,2253,2103,914,1187,1076,1405,1563,1634,2033,1362,1621,1708,2014,2362,3721,4555,3108,3040,2801,2512,3193,2819,3247,2885,2415,2448,1909,2464,1742,2698,2802,4136,3753,2407,2983,2169,1924,1739,1838,1074,1275,1176,980,1040,1181,2011,1794,1189,1448,842,1049,906,667,945,677,707,894,663,862,834,1506,862,723,661,495,661,507,536,615,526,625,594,634,515,576,444,422,311,405,448,433,301,361,364,295,341,432,391,259,454,364,305,320,459,479,474,405,396,312,434,431,325,
42.86,241,421,456,497,19219,1034,69564,666545,16057,1713,450,509,25457,53715,2858,40167,13692,11063,816,896,8299,42161,38362,3581,22836,3031,185296,958,6785,11464,56125,4423,32758,7731,5554,41417,55843,7182,13076,42673,4647,16141,7650,5233,3183,7224,8099,20995,32597,3721,5649,3102,1438,843,14183,8531,16327,14782,1941,4505,2467,1864,567,4394,13905,12112,2172,12128,3667,2765,2698,598,5181,6260,8862,1607,6398,2027,2037,3830,525,4498,5485,5159,926,2777,3001,1272,55887,4736,4371,3966,5165,712,2662,2333,4424,956,2133,3477,5397,1850,3188,9745,2708,3223,572,1933,1754,2448,402,1993,29973,3669,951,751,1513,1430,788,592,1287,1427,91302,21884,6537,1153,1615,2435,850,9311,1364,1166,1046,1589,2258,870,950,1033,2692,5049,23288,4571,6273,1606,2253,553,672,1443,1251,1651,1777,25579,4114,1345,498,1076,1676,1159,1621,3456,3290,1779,889,553,2784,806,931,4916,8000,2724,7943,9894,2562,2409,1011,1686,741,2492,1062,1451,1455,688,1457,677,1085,598,915,3060,11624,21716,6463,4243,1872,654,984,933,1365,573,398,38050,7018,1039,446,649,691,849,1879,507,1356,2838,1110,405,758,504,438,812,475,839,1384,679,324,989,771,1012,441,951,897,900,3404,1220,1222,539,599,502,516,507,1104,6271,2482,1556,992,1056,641,631,773,866,12752,4717,3491,753,501,353,685,585,641,418,910,945,391,469,422,759,448,1128,441,844,1598,2362,1007,529,543,647,525,511,747,1067,2602,1176,983,505,650,339,1148,902,1514,1219,686,702,990,580,1253,773,767,637,1643,1101,719,748,472,330,512,666,906,440,2672,932,660,759,4241,1344,600,710,518,636,990,2816,1351,497,778,448,1121,1864,3395,1117,3335,1073,2291,595,593,502,942,545,547,783,558,511,560,621,486,951,3053,19717,8819,57201,7089,1831,544,499,671,617,1181,572,3936,528,1486,2218,968,5103,16102,61598,27069,70742,9481,2531,1333,1073,926,1217,2934,1846,2553,999,2721,1662,6470,11382,9846,3958,38019,22371,11117,1261,692,869,1165,1654,920,1960,2034,3521,6313,2487,12388,5767,4727,2493,10480,5849,2231,1057,463,640,1548,1087,1281,1726,899,2638,924,3988,2624,1166,3711,2292,2054,1151,905,545,588,831,2546,1141,625,607,589,472,326,600,721,1337,679,837,707,456,937,567,579,2314,1749,585,549,1071,909,405,571,454,545,414,632,1152,1475,1136,1110,983,1019,679,2159,1094,2148,1207,1831,1232,914,430,876,1443,2782,1927,961,1172,743,943,601,5714,4781,4273,1683,4515,4774,2580,1243,1691,1193,1982,2279,1067,863,751,1866,1431,4803,9388,8345,6110,3093,2909,651,1645,899,1730,818,2806,2432,1651,634,4287,1930,995,3668,5246,2945,3818,1426,567,870,730,582,799,815,1173,966,717,597,1484,1226,1144,2642,2058,1490,3148,1467,1755,1592,1090,2364,13939,104258,67493,53001,8156,3013,1066,1953,4922,17981,55641,44409,22428,3519,14626,7786,80100,127029,182400,246829,183842,105571,12144,10796,20647,53262,38108,84708,133277,90618,51668,125022,157837,101609,143106,69138,89731,69733,91724,27675,20756,51108,48108,31470,15530,24862,29370,40725,35617,41217,24793,41794,19238,11321,10720,10129,14124,10667,12105,10147,7012,7131,7118,5539,3746,4474,4383,5048,5827,6036,6076,6293,4104,3313,2710,3492,4845,4676,5258,4941,5171,4193,3730,3043,2536,3000,2822,3435,3754,4315,5016,4028,2549,2943,1859,2120,2010,3423,3265,3622,2781,2382,2290,1830,1945,3723,3023,2305,1881,2069,1615,1837,5947,3512,1471,2746,2400,2651,1418,1600,1425,2105,1500,1197,1398,1305,4595,1556,1823,1323,1166,1619,1391,3537,2632,1543,2629,6901,1863,1423,1120,832,1004,895,1061,2816,2276,3387,2225,1494,979,615,884,843,1060,1190,1222,1344,948,1024,755,851,1059,1047,1896,1115,809,735,848,800,740,733,768,21271,19359,14371,4537,1667,850,860,709,834,753,739,838,20138,22381,15173,4837,2350,876,3980,4425,3150,7253,7438,4823,4292,2421,1085,1045,918,6666,7516,7784,3539,2274,1398,1139,821,1401,2165,27835,32388,23894,14465,5308,3215,1287,1095,853,875,5834,5884,3828,2531,1597,1141,988,1012,1068,878,740,1479,10083,12656,9059,7026,2452,1133,910,1768,1948,1880,1684,1050,963,844,751,683,854,817,1042,3655,4570,4419,2200,1758,1067,921,767,4015,4449,2592,1190,872,882,870,616,664,741,499,912,878,621,568,765,697,698,407,899,1195,901,765,558,592,608,733,444,408,619,399,340,526,543,505,638,491,456,375,408,452,401,357,387,411,338,470,512,367,412,469,293,297,332,336,409,415,363,503,304,349,533,413,364,392,310,460,314,333,377,488,298,281,428,287,396,383,318,360,382,240,268,425,315,385,400,307,297,408,289,367,222,227,205,355,810,343,446,280,380,225,188,294,388,273,274,326,464,228,453,356,215,293,300,277,384,324,281,391,348,294,356,286,319,332,277,312,261,289,467,344,295,630,410,388,340,260,432,417,417,428,423,365,362,468,383,468,416,375,480,2039,843,772,597,957,1049,863,1427,1336,862,714,1033,1109,1241,1699,1724,1469,1623,3102,2996,2615,3173,2700,1637,1774,1514,2026,1951,2289,2898,1876,2014,2110,3016,2971,4868,4381,3446,3396,2834,2196,2642,2819,2707,2535,2311,2017,1500,2291,1619,2652,2865,2986,3537,1860,1877,1732,1302,1329,1398,1199,1265,951,1258,832,1208,1572,1326,1413,1031,951,883,918,787,674,703,630,622,602,1129,755,975,1092,618,661,423,700,595,864,458,430,569,584,568,580,533,378,545,542,708,361,434,477,432,393,498,509,453,458,494,407,392,436,489,383,345,419,681,403,457,395,386,401,
42.68,240,400,352,539,20453,1898,62618,675225,15260,1189,407,475,29358,56705,2538,41591,14330,10764,354,751,10115,45476,45163,3378,24000,2628,157708,770,6657,13399,70482,6357,36101,7519,4704,32174,60281,5773,17795,52327,5038,18090,7105,4413,4751,6941,11430,27266,33726,3548,6511,4144,2290,770,13090,11287,21538,19292,2129,6213,2868,2468,993,5886,16618,14476,2134,11758,4420,3142,2221,759,5505,7731,10439,1519,5238,2343,1565,4024,735,4636,5041,6690,764,3094,3377,1519,62783,3423,3869,3729,4820,1231,2537,1895,3589,1136,2812,4814,7075,1433,3379,10847,1842,2849,744,2604,2742,2619,681,1513,33239,4999,1136,655,1253,1248,1280,635,746,1212,78340,17145,6989,1289,1467,2702,485,13087,1020,1845,914,2406,2466,968,752,690,2877,6373,24941,5162,4374,2006,2397,677,505,2217,1192,1319,1898,28900,4611,1468,562,1772,1310,1143,922,3745,3290,1609,470,493,2520,897,963,4621,6101,1806,5609,11001,2478,3421,771,1678,373,2384,772,1179,1462,602,1387,702,1024,541,751,3725,15881,21916,8026,3775,1017,676,757,858,982,730,448,41291,6257,992,312,843,908,654,1385,1090,1550,2862,872,362,519,592,631,898,454,636,1155,954,240,771,526,985,630,899,1060,920,3521,1313,1407,518,410,339,1126,512,762,6347,2396,1492,623,913,464,767,604,725,13677,5425,3796,679,331,382,491,1251,615,423,701,725,481,462,495,425,564,632,279,666,1121,2476,909,580,509,479,575,511,779,662,2632,988,976,473,412,343,845,593,580,1401,508,799,784,608,1604,462,899,559,2256,1105,904,772,410,448,454,707,742,444,2517,642,620,1213,5428,980,488,628,390,501,1066,2561,1398,732,421,492,1257,1719,1984,951,3611,1209,2726,487,484,432,364,508,791,624,675,531,412,494,549,673,2883,23277,8215,69544,8558,1985,461,298,472,493,1516,1157,5170,694,1355,2091,995,4830,18214,86197,34782,92260,10188,2243,1005,1016,624,1403,4439,1495,4156,1094,5069,1164,8113,14247,12082,4799,42709,24427,9485,1398,501,673,821,1544,569,1558,1873,3969,7314,2851,10817,5783,4063,2391,9356,3793,2056,431,461,400,1820,812,1169,900,1205,1754,1066,3178,1124,878,6001,2405,1367,802,748,358,530,721,2099,735,452,721,376,377,326,440,345,1320,563,358,414,414,639,508,716,2609,1353,572,714,889,658,395,300,481,392,367,476,1029,1396,1346,1241,831,586,543,1986,1237,2113,1553,1978,1841,846,560,907,1679,2698,1392,787,933,695,738,487,5320,5290,4868,2118,5027,4760,2292,1449,1606,868,1592,1468,1018,841,553,1229,1672,5192,9950,7432,4737,2164,2928,728,1478,767,1508,550,2352,2557,1407,458,2740,1948,839,3200,4653,2938,2808,1273,433,528,754,517,619,1054,1739,1081,581,444,1348,824,1116,2175,3029,2994,4541,1285,1536,1351,677,5022,31624,155865,111513,81023,11158,3512,1405,1768,8290,31711,74849,56126,28824,3687,31015,21157,125169,162077,214436,260344,193897,116487,12208,13739,31042,65647,49525,93594,121148,76814,70068,145672,163277,103928,134580,55179,69066,52177,70642,21727,27348,56092,40828,24429,12153,25411,17834,38957,26347,26329,17692,23019,9146,7153,4844,8696,11862,7519,13093,7537,6646,5440,5896,5011,3716,5106,3267,3873,4262,5374,6060,5039,3707,3031,2524,3247,3436,3446,4456,3811,4112,3477,2593,2448,2780,1907,2607,2529,2617,2735,7372,4755,2003,3161,1867,2079,1989,2584,3202,3837,2553,1849,1876,1822,1776,4891,4161,1593,1933,1904,1409,1733,5103,3317,1145,3176,2269,3660,1795,1345,1153,1142,1351,855,1124,1378,3160,1530,1189,1617,1114,1121,986,1514,1643,1191,2940,4574,1658,1308,962,829,814,811,733,1592,4534,5006,2755,1993,803,745,848,687,968,1150,905,1091,794,1104,788,681,1350,1162,2111,2499,832,684,721,970,633,902,705,15195,13131,10955,4012,1197,969,748,623,564,716,658,943,23575,23690,17394,5104,2456,817,8291,8656,6139,4095,4792,5133,3838,2533,1199,960,798,3848,4345,4782,2277,1115,1748,1695,1041,954,863,17120,21845,15535,11375,4122,3286,1153,1010,898,1041,6330,7947,5388,1235,874,910,930,660,752,765,1001,1889,8003,10265,6744,4426,1694,1349,640,2179,2159,1270,1141,841,1027,644,952,887,529,640,1155,2076,2420,2615,1501,1310,802,500,662,2229,2079,1655,866,561,751,711,447,749,585,663,1221,729,636,484,543,509,518,419,474,486,432,385,447,524,353,330,436,298,226,323,289,247,541,281,344,572,531,258,389,365,352,395,251,225,411,241,405,295,424,320,271,269,273,329,299,483,375,281,294,359,360,614,475,240,286,271,275,257,362,224,408,284,296,233,221,251,291,409,218,244,218,289,334,358,244,225,285,249,270,293,368,307,264,378,448,376,338,388,266,204,310,307,271,203,343,290,284,190,183,218,235,286,264,267,241,299,225,276,245,331,220,313,215,226,273,437,407,315,334,324,310,483,349,345,386,280,350,285,414,435,353,328,383,431,382,434,368,428,505,1291,768,790,703,1544,1599,956,1184,1079,824,935,1475,1721,1102,1888,1659,1610,2181,3197,2974,3016,2768,2432,1815,1541,2156,2264,2149,2231,2433,1660,1772,1434,3131,3039,3544,3365,2470,1763,2236,1351,1858,1995,1681,1193,1453,1317,1030,1276,1157,2100,1779,2383,1501,1329,1227,972,793,831,988,766,542,840,589,628,1032,826,962,899,627,557,459,549,520,574,655,442,573,639,776,1212,634,620,423,514,599,467,373,489,526,497,373,433,494,520,421,434,440,457,402,371,337,333,336,464,437,481,273,626,496,304,468,372,283,364,343,414,250,433,356,256,342,366,
42.51,239,338,540,1002,26290,1828,87334,812773,19633,1991,409,498,36748,74253,3430,49538,13860,9862,1336,1140,11966,69498,57445,5528,31320,2888,156442,1070,10775,17890,100501,8164,46687,7730,5494,30990,63803,10261,21644,66476,6172,26672,8411,6830,6023,9976,13948,37229,41255,5405,7792,3750,3287,506,14260,14257,29091,19779,2207,5765,2609,2799,488,6874,17789,20298,2840,13498,5984,3389,4118,691,8042,10091,14840,2237,7964,2353,2104,4469,1227,6788,7936,8183,1548,3822,3253,1678,74699,3570,4054,6630,4905,1006,3326,3722,4186,999,3772,5096,9491,2839,4356,12464,2651,2968,650,2876,3669,3218,827,2394,35454,5114,1430,506,2094,1838,2144,739,1479,1349,70422,15779,9496,1406,2356,3831,1040,17093,2130,1641,1029,3637,2668,1786,954,1242,2855,8095,43773,8927,4761,4236,2813,676,1595,2149,1719,1041,1870,34683,5490,1679,693,3235,3230,1448,1209,7527,4973,2372,984,448,3252,925,997,3698,5779,1977,4501,16428,3198,4798,1343,1701,804,2454,1287,1072,1642,633,2626,699,1022,701,949,4969,22543,21551,9480,4979,1260,421,1346,1224,1027,902,372,45190,10074,1260,500,736,1170,721,2703,703,1843,2515,1208,684,603,798,611,651,457,931,1326,1234,418,1124,576,965,341,898,941,948,4277,1514,1082,614,775,477,575,658,993,8279,2452,1730,713,841,403,732,991,675,17197,6665,4398,862,601,431,562,692,778,426,1047,874,575,441,379,695,727,793,531,952,2567,2623,1295,522,453,704,487,734,514,755,2992,1380,1060,455,598,475,785,889,1599,1124,839,913,777,493,2191,699,700,685,2387,1914,878,822,712,404,443,583,614,436,3910,1688,780,1562,6135,2227,725,906,640,852,1107,3520,1933,652,667,785,1282,2426,2497,1114,4089,2616,4149,753,559,390,596,803,609,1552,717,748,700,900,422,1310,3849,31878,10585,104689,15877,4364,435,319,627,780,3152,1207,13270,1939,1885,2541,1139,11067,37721,145134,59008,125133,15954,4116,1166,1393,690,1823,5831,2676,5164,1664,5613,2784,12689,20937,13895,5993,50572,25106,11019,3053,865,810,1171,853,674,2029,2955,5460,9104,3523,10500,4712,4584,3237,8166,3819,1358,571,572,680,2136,1454,1045,1211,1218,1757,1142,1920,1465,836,11766,6668,1926,516,1006,418,764,895,2892,1207,613,747,812,550,388,554,535,1109,853,673,618,480,1079,496,1089,3212,1621,701,592,1504,1122,686,616,361,624,709,649,1475,1801,1094,1099,911,671,613,2392,1130,3926,1357,3206,1944,1196,344,984,2186,2178,1101,1101,1164,993,880,499,6497,6157,6282,2866,6023,4030,2689,1420,1581,948,2412,1916,743,666,854,2101,2082,5781,10599,7826,4722,2151,2289,618,1049,1089,1236,900,2271,2826,1196,634,2684,2176,1270,2763,3414,2530,3675,2228,699,752,666,588,755,2039,5857,3169,1633,684,1113,1125,1290,1972,11344,9111,11489,2779,1474,2887,2145,32637,123030,260327,199313,153707,20895,5827,2945,6004,24465,63488,110920,76901,40549,13732,100378,62312,228220,243185,244953,280401,205584,122100,15512,19585,56426,79229,54336,95887,101259,68403,106342,162101,160750,104251,124900,46055,59756,44383,55031,17421,38110,54415,36771,18980,9961,32618,21005,32574,20906,19510,13926,16679,8159,6299,5304,8786,9116,6954,15861,6985,6273,5090,5251,10534,7625,7039,3297,3659,5269,5047,5464,4618,3583,3080,2477,2570,3977,3181,4767,5717,4167,3342,3298,2355,2356,1965,2382,2315,3065,3148,11546,5898,2203,4378,2001,1675,1919,4745,3286,3036,2605,1985,1832,2028,1840,7891,5320,1844,3364,2799,1497,2258,3538,2954,1396,3634,1945,5815,3304,1749,1309,1300,1173,1000,1080,1131,3192,1415,1338,1891,1880,1183,816,1262,1306,1216,2388,3622,1738,1346,1014,769,800,784,963,1290,12859,15381,8859,5211,1222,746,699,1116,1119,993,1100,906,1005,970,684,796,956,1350,6607,6813,2559,1389,839,884,881,728,955,10999,10971,8483,4018,3289,3341,970,706,842,864,995,896,22312,25118,18968,5747,4040,1249,16799,16940,12078,3815,9107,12487,8195,4863,1646,1105,1246,2911,2837,3067,1287,1101,2009,1838,1932,1085,1016,12449,16917,11693,7892,3562,2628,1226,968,724,929,11534,11215,7711,3068,1462,868,1145,1135,1169,971,1119,1297,5710,7480,5514,3577,1560,1156,907,1628,2183,1856,1500,892,752,857,1046,762,728,627,895,1331,2198,2068,976,1267,1421,799,850,1710,1496,858,762,722,606,753,609,566,578,469,1124,860,786,481,527,427,646,554,477,505,437,473,632,425,319,523,430,378,326,370,400,380,353,396,433,356,598,343,294,364,414,360,440,334,291,384,611,279,468,304,549,373,401,323,289,436,467,434,334,286,531,394,269,445,291,364,263,299,391,367,334,252,394,371,432,309,324,371,357,314,360,297,287,320,294,314,302,239,330,332,306,484,389,308,583,547,297,308,359,366,279,344,357,329,332,261,213,388,383,385,296,352,291,358,334,407,449,221,304,357,359,483,441,387,305,290,390,290,616,386,373,631,594,387,491,453,632,646,544,499,433,392,459,511,586,548,441,520,579,1601,1041,1175,962,1831,1874,1288,1507,1612,1066,1281,1724,2163,1287,1532,1464,2343,3009,3774,3282,3738,3269,3020,2012,1637,2082,2033,2037,2191,2112,1648,2137,1596,3105,2233,2815,2846,2349,1400,1727,1345,1339,1658,1164,1102,822,1269,942,1432,1206,1749,1268,1166,970,960,1033,838,984,708,701,608,587,595,526,694,923,844,621,798,525,598,666,676,519,770,618,677,710,589,1086,768,517,498,569,497,385,422,421,452,705,478,592,619,833,475,430,445,385,465,368,472,375,549,390,442,348,476,409,340,365,385,433,362,300,346,468,331,406,321,422,426,329,372,
42.33,238,333,446,592,32565,2064,99608,845810,18655,1049,345,443,46510,87902,6007,56607,15880,10157,1235,1010,15546,85210,68683,5937,36445,3497,120389,1098,11399,21357,120061,8698,55263,9929,4257,26609,64682,11416,22596,82867,7354,26114,7584,5955,7052,8645,13862,47660,47608,5813,7249,4440,2734,694,13997,15017,40217,23115,3272,7027,3920,3508,946,8434,19928,23110,2851,18293,6425,2585,4417,842,7547,11497,16459,1826,9430,3205,2158,5396,668,7068,7612,6715,1479,2754,2971,2228,74303,3589,5697,4942,6744,1170,2216,2432,4256,545,3308,6809,12355,2004,4723,12599,2028,2837,984,3577,3327,2798,457,2463,38149,5078,1486,380,2330,2361,2126,569,1159,1368,46401,9707,9791,1169,2288,3757,1171,21494,1378,1534,757,3534,2368,1263,887,1159,2914,9185,57548,12040,6378,4042,2970,600,806,2310,1256,1315,1696,34569,5181,1116,484,2709,3895,2472,1140,7668,6133,2216,919,541,2577,1113,984,2688,3456,2088,3155,20083,4092,4158,889,2054,634,2477,1236,1278,1451,1200,1314,667,1379,614,937,5577,32467,25146,9434,5926,1599,533,1190,1401,1074,933,491,48161,9258,938,520,739,1010,1253,2958,530,1595,2876,978,414,865,628,623,966,546,881,1656,891,380,621,583,1590,421,724,652,844,3234,1632,1225,556,810,305,486,632,548,6556,2642,1552,738,384,254,603,905,712,16994,5942,4452,861,526,525,639,408,720,389,1351,614,708,491,343,415,698,769,475,517,3211,2796,870,525,516,491,532,1042,401,877,3681,1322,573,397,447,322,468,873,525,1353,1128,618,699,564,2316,1007,492,747,1759,1520,1088,813,477,355,505,603,864,419,4870,1399,840,1225,5015,1700,620,636,545,484,977,3248,2183,618,462,613,1407,2087,2544,1027,5589,2577,5171,739,619,519,596,681,663,1573,675,831,395,352,391,780,3518,35424,14462,133452,18651,5281,633,463,505,1097,4267,2524,18190,2636,1773,3394,1939,15073,52029,170175,74274,135493,17627,4966,996,886,692,1824,8218,4103,5014,1430,7561,2746,14575,21360,13661,5829,45890,23421,8132,3715,1516,974,770,926,581,2277,3037,5695,9008,3389,8311,3732,3060,3093,5701,1432,1047,751,449,489,2001,1158,487,647,902,1371,532,1352,766,1014,17034,8110,2488,441,781,353,530,578,1951,979,608,863,619,626,384,466,397,1540,908,595,406,404,971,561,692,4074,1579,1011,616,1099,1015,458,693,293,471,566,448,1214,2182,929,947,782,642,579,2552,999,3555,1406,3677,2012,957,474,811,1801,2168,948,618,811,974,997,566,7138,5877,6048,2767,5075,3181,1870,1193,1067,646,1383,1669,525,620,475,2180,1662,3910,6688,4696,3157,1657,1276,610,881,959,1194,498,2452,2131,1124,508,1821,1906,644,2780,2325,2766,3467,1626,646,821,917,642,949,5155,9908,5747,2113,692,1296,1392,978,2564,20554,16436,16494,4237,1770,8083,4818,65709,184532,309511,229470,182528,27205,6891,4542,11485,35870,81746,124323,86491,46853,23409,158401,100072,265865,267587,252358,278391,201306,107907,16105,24313,66107,78211,49702,79572,72524,46291,117079,160383,139225,87721,95472,33499,37744,27384,28653,12481,37976,41156,21361,13166,7146,27428,19017,23362,12281,11888,8101,7804,5249,4649,3876,6658,6199,3751,13836,6538,5647,3844,5313,14246,9716,8360,2276,3711,4233,4236,4410,3858,3315,2875,2670,2617,7588,2812,4782,3971,4194,2796,2924,2167,2046,1657,1850,2279,2132,2621,12712,6020,1449,4878,1373,1746,1282,5619,3525,2165,1953,1271,1620,1985,1778,6623,4972,1887,5041,3046,1419,1861,2317,1708,1199,3365,1610,6286,3191,2036,1643,1304,1105,703,1202,874,2630,1577,1193,1583,1698,943,804,848,984,892,1654,2893,1648,1363,840,949,856,980,684,688,19728,21775,14754,7508,1660,1223,860,816,769,890,1048,657,716,661,826,757,605,570,9880,9558,2949,2290,885,905,649,598,967,6193,5094,3887,8413,5956,4384,1417,1025,1100,898,966,845,17679,19626,15299,5162,3229,1512,20715,19724,14519,5201,14480,15946,11050,6456,1747,1078,897,920,1147,1191,1167,1132,2380,2042,1588,1078,1174,5180,7529,5275,4429,2722,2179,1031,1042,943,870,11603,12359,9431,3165,1498,1025,974,872,794,758,897,1101,2953,3549,2584,1715,1232,869,657,1129,1744,939,1161,1005,746,802,798,544,788,492,599,915,842,799,640,687,513,482,542,819,578,529,668,420,428,541,325,460,659,469,942,670,479,358,269,322,385,466,396,394,509,266,371,308,239,359,364,295,253,297,546,550,246,241,597,212,294,283,290,458,325,328,338,281,296,245,321,384,293,263,225,334,337,320,328,443,367,231,164,194,541,353,381,272,300,156,350,161,218,253,404,276,271,228,182,282,316,228,187,298,343,197,303,204,282,302,224,255,231,261,458,275,242,299,778,391,297,351,362,310,344,297,279,291,436,265,234,245,227,395,339,241,240,320,247,361,362,424,262,323,354,611,326,491,410,251,285,343,310,395,367,702,528,536,454,343,416,484,584,893,380,517,522,441,776,586,527,590,860,1829,1203,1016,833,1465,1431,1321,1405,1389,1131,968,1375,2005,1409,1357,1480,1907,2657,2691,2870,2523,2450,1932,1642,1261,1529,1586,1199,1179,1178,985,1366,1330,2229,1318,1619,1300,1001,850,984,1011,752,1058,646,663,659,614,571,902,558,819,482,788,934,641,546,536,528,402,538,589,438,405,529,414,500,648,560,448,485,351,384,345,477,497,517,400,427,447,653,777,490,236,276,280,399,280,386,559,362,360,308,497,360,538,302,372,320,376,300,348,215,271,380,370,271,248,222,274,387,217,331,268,290,288,246,407,356,385,437,333,321,390,
42.15,237,371,484,906,42440,2214,130680,911935,25565,1608,516,569,74452,109498,6470,81837,13954,8754,890,1492,17314,116477,102009,6764,49834,3791,120020,848,16830,28812,167617,12471,83008,9557,5909,25492,67903,13219,32103,105187,10379,34880,7457,5637,8755,8676,18743,60567,56477,6066,7211,4936,4594,896,16176,21401,55536,30313,2749,8178,3160,5327,943,10355,20147,32757,4322,22542,9237,3355,4940,1197,9060,16120,24924,3429,12590,4277,3297,8433,1353,11073,10981,9654,1532,6300,3225,2655,89921,5986,6176,7423,7931,1612,3033,3290,3907,1137,5020,8184,16853,3704,5199,12219,3029,3043,712,4302,4404,3469,925,3179,35780,4411,2028,592,3354,3325,2166,614,1304,1717,34715,8222,18001,1788,2572,7759,2093,29149,2728,1583,1474,3443,2871,1943,1368,1439,3824,15271,80930,17740,7328,7159,4193,924,1929,3397,1589,2669,1705,32780,5354,2189,650,4536,7204,2899,1378,7978,3925,3015,1152,677,3173,1558,1473,2854,2415,2657,4481,29912,5481,6103,1722,3937,806,3471,1750,1015,1367,874,1536,1046,1318,589,1568,10693,36135,27804,12681,4879,2015,544,1626,1132,1001,1060,558,48335,10103,936,519,1379,1381,951,3550,1047,1618,3450,1416,467,939,612,725,928,560,845,1792,940,448,1399,1302,1320,619,623,1411,1071,4905,1194,1390,651,670,390,980,825,1009,6615,3255,2025,975,705,398,671,1013,1049,16013,6709,3780,818,629,455,766,935,897,422,1016,943,879,453,467,486,775,694,419,693,4452,3356,1245,632,471,477,397,2281,892,1304,2011,1220,912,444,582,445,864,856,660,1463,637,621,619,540,3290,1168,855,719,2452,1065,944,719,561,739,493,626,842,416,6193,2011,1082,2357,4755,1061,1053,1190,997,677,1037,4359,1917,837,518,780,2109,2473,2002,1395,7967,3627,7834,860,1014,499,925,566,921,3046,1540,1076,612,593,425,1188,7061,58046,22532,216914,29303,11066,895,450,540,1782,10226,5723,31806,4782,1934,5585,2195,26405,93126,221357,96988,153392,22861,5851,1475,1167,851,3986,10628,5486,5328,1953,10216,3998,18407,20888,13693,6290,44942,17462,7121,4499,1363,1041,730,895,656,1848,4479,5685,6806,3564,7118,3167,1721,3060,4387,1141,845,971,693,516,1879,1460,1114,1003,764,1033,748,809,500,708,19355,8997,2305,767,858,256,526,736,3043,1160,688,1095,975,522,464,730,515,1667,714,684,485,433,781,521,736,2773,2326,935,647,1537,907,849,859,564,683,634,872,952,1604,1100,732,671,896,594,2735,1048,3703,1316,2923,1730,971,602,1432,2283,1920,1420,830,1105,971,1090,670,6338,5971,5094,2865,3892,2418,1538,1033,978,894,1136,1371,915,720,750,1990,2107,4529,7386,2936,2209,1332,1964,692,880,1077,828,507,2592,3161,1987,546,1343,1782,1194,2914,1835,3583,3766,2764,832,979,1414,746,3310,21910,26890,16750,4838,901,1351,1300,1700,9129,57996,43397,35306,5499,3201,39420,24296,178669,294779,401853,279397,231829,32208,10073,11715,27004,55223,99785,139579,93681,50768,67179,254239,174463,323028,287128,246843,279015,194421,105327,14056,36292,79517,74187,47315,70660,56318,36630,125213,143777,123230,78208,70997,25985,29683,18904,17847,15517,39948,36239,17046,9566,9434,26844,15694,16901,9390,8441,6547,7288,5249,4802,4809,4761,4537,3475,10742,4872,4994,4868,4294,16823,10965,9180,2392,2926,3701,4295,4152,3656,3538,3103,2904,2875,27344,6229,6666,4351,2999,2624,2490,2105,2365,2193,2105,3047,2173,1974,11498,6442,1657,3146,1820,1762,1654,6222,4341,2041,1545,1356,1311,2000,1542,6886,5183,3167,7436,3845,1246,2511,1956,1485,1150,2969,1812,6059,4337,2508,1902,1718,1416,1261,1273,1166,2203,1506,1244,2234,1342,1330,738,1356,960,1054,3370,2844,2019,1324,1029,901,836,935,809,727,34409,36247,22978,13163,3694,1718,927,958,1289,1121,1548,919,830,841,864,817,933,852,19405,20715,6590,3235,1005,857,795,1005,776,3782,3085,2703,13165,12683,9248,2708,1465,1044,1273,1584,1232,14632,16101,11287,4115,2732,1290,23336,24350,17494,5475,19899,23166,15507,13019,2593,1355,1012,926,921,825,1111,1041,2487,2051,1732,1035,822,3326,4049,3706,2447,2172,2168,985,1197,1147,1071,12905,14425,9809,3256,1720,1422,1093,979,822,720,786,957,1144,2307,1393,1117,1384,1167,934,1280,1513,906,958,1016,685,682,1016,849,612,484,799,578,786,836,918,584,676,590,612,423,519,493,574,494,724,664,451,523,423,435,1177,820,536,361,340,386,481,457,351,533,440,408,369,590,360,332,413,551,307,453,301,242,413,449,266,302,291,334,410,297,353,585,396,339,272,496,283,381,252,396,436,245,388,369,347,451,364,362,292,434,585,504,413,278,353,264,369,263,295,327,336,416,328,423,300,328,405,272,345,351,332,437,427,522,318,271,439,387,338,355,431,319,352,282,1171,511,490,554,304,437,423,377,260,264,296,364,381,294,336,450,357,383,318,433,413,549,484,296,401,378,430,484,479,804,494,336,432,439,505,424,574,664,1136,399,702,475,647,781,691,565,568,563,539,747,942,775,718,766,963,2383,1429,1627,1112,1665,1548,1311,1211,1197,1193,1017,1182,1831,1412,1306,1426,1951,2599,2667,2046,2272,1645,1212,1455,1247,1508,1132,1023,989,913,869,1152,1323,1403,1048,986,924,763,891,909,652,710,641,588,644,625,521,559,734,654,724,520,675,520,721,666,556,494,445,449,524,567,556,448,595,429,609,448,395,466,486,475,426,659,615,518,439,326,429,399,530,555,516,394,565,306,378,445,396,399,535,336,579,584,425,469,337,298,379,461,469,439,368,374,389,391,404,393,351,467,305,315,308,301,384,297,414,319,435,371,407,396,497,
41.97,236,252,507,483,48230,2418,157124,937584,19292,1354,346,435,89887,132316,6328,89469,15296,7292,740,957,23088,154820,116620,7540,54227,2855,92356,786,20041,35895,192237,14321,90678,9754,5147,22994,73171,14055,38729,122832,11266,39609,6417,6314,11259,9020,23155,79801,66633,6950,9245,6185,4793,1078,16059,23514,65241,32585,2696,7423,3443,6339,1169,11042,19646,35940,4057,24628,7683,3490,5792,1055,7861,15584,25441,3780,11383,5428,2713,6788,1626,10036,13998,12307,1822,6063,3000,2992,93981,6566,6737,9726,9130,1223,3485,3055,4632,750,5039,8449,18385,3651,6470,9644,2052,2832,727,4511,3659,3627,552,3332,26827,4206,2438,924,3636,2296,1859,527,2207,1261,36294,8089,19634,1355,2944,9422,2129,40769,2185,2134,2267,3054,2066,1864,1264,2009,5426,18014,102843,22225,8190,9457,3440,1430,1071,2364,1789,2751,1282,27070,4955,1659,348,6686,6926,2465,1497,7611,2647,2211,889,581,3422,1148,1537,676,2075,2104,4645,33660,7390,4401,1255,3567,790,4827,1964,770,1692,1528,1513,563,1192,563,2521,12804,46999,23271,10500,6613,2139,829,1101,993,690,1276,393,41335,9105,1056,490,1573,1312,1051,2371,762,953,3550,912,575,586,785,689,1158,483,947,1045,929,415,628,557,1840,589,595,782,1026,4685,993,1202,509,477,429,771,992,842,5066,2513,2049,610,410,424,435,639,713,14530,4919,2866,768,736,394,616,641,740,456,641,612,990,349,389,482,609,528,459,813,6042,2040,883,549,406,796,525,2353,622,677,2205,1190,1029,583,659,341,892,623,966,1132,666,589,646,528,4677,1434,476,662,1260,935,820,555,403,378,541,626,794,399,8204,2545,1483,1442,2546,1061,1190,1652,574,662,803,4017,1880,759,569,676,1435,1704,1898,1972,9389,3441,9688,869,594,702,910,618,1366,3763,1905,3352,586,659,410,1132,9566,76821,30007,256380,39743,10795,420,339,537,2284,14543,5863,36504,5091,1864,7629,3561,43347,114906,241233,109129,149473,19965,5787,1265,853,1083,3838,10643,5337,5566,1591,10569,4516,19991,21644,12857,5564,34034,11719,3868,2950,1345,619,711,1170,549,1446,3274,4966,6089,2583,4928,2078,1258,2873,2902,908,541,590,488,412,2605,854,687,585,724,771,278,536,709,641,17239,7064,2353,501,802,472,640,511,2916,901,654,525,645,533,344,412,457,1683,532,567,520,329,780,466,732,3910,2220,784,504,1383,934,439,368,440,648,483,593,889,1927,1397,1068,600,463,654,2205,1011,2425,1476,2787,1066,538,549,1036,2362,1743,734,649,596,652,984,813,6270,5251,3676,1792,3362,2147,1361,1265,1088,861,776,1536,604,442,577,1717,1662,3519,4383,2681,1303,1467,1265,745,1082,1145,800,494,2802,3008,1409,547,1789,1692,637,2356,1565,5203,4468,2110,661,1008,772,999,8502,42890,41651,19694,9337,1327,1245,1779,2915,17938,77608,57210,45992,7327,4990,76859,44538,232990,345519,449743,304807,248657,35469,11123,14970,32528,60070,106156,139829,96017,46740,93893,281024,203172,341628,272076,220450,231004,164998,79194,12091,40823,71034,56766,35002,45919,50873,36981,112703,108452,86845,49146,43684,14345,14688,11014,11508,11746,31950,20519,9227,6606,8911,16019,10734,9870,5263,5104,5313,5568,4853,5014,5417,3662,3426,2459,5283,4300,4859,3915,3099,18140,10946,8248,2072,2709,2225,2991,2611,2892,2871,2562,2564,2562,41941,9052,6943,2986,2977,2014,2050,1556,2222,1843,1275,3590,2585,2001,10145,4533,1365,1875,1357,1720,1573,7053,3794,1453,1380,1162,1393,1406,1785,2697,2264,3614,7673,4166,1415,2066,1270,1060,721,1622,1111,3794,2864,1887,1965,1083,1038,658,1115,2565,2535,1296,926,1495,1424,966,780,1099,759,784,2759,2700,1996,1120,1029,456,763,780,824,744,37238,39921,25238,15213,3293,2045,768,733,1332,1052,1932,1048,1028,837,756,723,728,610,21402,22315,9642,4165,925,1025,900,655,916,1436,1330,1223,14964,13483,9084,3570,1437,961,841,1242,1940,9414,8582,7343,2331,1984,1360,21850,20928,15039,4524,23730,25939,18426,10925,2934,1473,952,736,1042,897,1101,1147,1312,1868,1251,1259,873,959,1127,1026,1762,1653,1374,1090,1057,760,843,11213,11772,8670,3015,1321,1117,1038,1063,818,687,784,720,955,733,803,929,895,777,619,1040,644,799,559,747,548,654,742,650,748,450,516,401,439,516,486,598,454,400,491,341,293,421,362,398,593,386,355,415,354,303,707,626,520,296,352,314,299,233,255,460,385,245,422,275,324,425,392,246,371,226,438,293,369,318,369,219,316,378,313,303,151,244,266,288,249,247,302,473,192,275,244,329,331,209,404,377,263,380,147,244,456,240,236,377,336,265,188,231,295,196,188,329,256,205,330,225,358,247,297,438,269,247,351,314,308,287,261,269,197,318,379,420,361,354,485,408,559,544,336,490,288,289,308,300,305,291,423,369,364,426,271,367,427,304,349,520,545,460,290,465,339,413,573,529,513,542,516,596,520,589,385,782,673,743,1213,490,668,635,857,564,547,586,539,762,540,707,686,774,799,1505,1095,1171,781,1131,1164,1016,819,894,1174,950,1111,889,1056,937,890,1780,1833,1492,1116,764,829,711,826,959,878,786,719,532,486,590,564,473,904,611,596,475,477,489,426,544,472,619,467,430,505,385,344,400,352,495,453,438,600,661,741,536,342,294,406,324,511,328,343,524,373,299,336,373,460,334,369,381,585,403,525,319,433,248,386,294,297,383,462,347,405,318,664,326,343,399,404,474,459,426,323,349,431,251,498,390,355,498,335,362,346,235,404,337,278,317,438,288,306,414,377,393,281,405,277,251,389,314,
41.79,235,444,475,510,67298,4346,194980,957197,21113,1927,501,1052,120202,158778,8860,112551,18250,7506,745,1322,30361,199273,158021,10848,70541,4138,80055,955,22822,53528,257283,19877,122233,12573,5388,22039,82090,20557,45041,176086,16431,52539,9366,5450,11973,9201,31316,98675,93194,9362,10504,7236,5017,947,17269,29149,88625,39545,4573,11090,3714,6509,1331,11708,21348,49924,6246,29775,13272,3921,6390,1228,12660,20188,34103,4258,18904,5728,2613,9893,1314,11473,17464,15543,3839,7132,3505,3229,113481,6480,9293,9360,12154,1623,3664,2767,6256,805,6109,10115,23004,4846,8114,9435,2354,3360,1278,4453,4614,3162,1074,3967,27037,4494,2953,590,4085,3016,1745,520,2844,1856,60527,15023,31210,1699,4866,14186,3079,52715,2933,1813,2922,3334,2919,2637,1576,2237,9839,33150,130259,22266,7438,10769,4628,883,1683,3525,2001,2459,1696,26964,3989,1642,516,7949,7943,3092,2043,9237,2540,1989,1251,679,3995,1358,1649,1201,1609,2724,6234,45977,8273,4977,3022,6239,1554,4859,2177,1088,1524,2290,1989,663,1313,457,3527,18836,53989,21500,11027,4648,2214,841,1890,1258,1222,1406,336,41290,8691,958,422,1898,1660,1100,2070,786,1343,3438,1275,588,667,667,788,926,927,863,1390,1077,607,807,969,2243,856,670,963,1240,4173,1250,1445,677,623,499,808,659,894,5545,2025,1330,1214,596,407,783,692,763,11953,5547,3361,939,614,412,669,681,661,433,1087,718,792,662,463,533,478,768,398,808,6859,3514,1465,589,788,547,789,5237,999,919,3336,1245,2017,1175,608,332,868,893,654,1081,588,964,737,812,14269,4082,580,1065,1233,748,648,721,579,636,681,813,861,538,7554,2403,2115,2204,1612,1153,1814,1786,758,955,911,4058,1808,848,684,874,1337,2475,2077,2329,14189,5539,15198,1454,718,505,881,752,1944,10765,4742,4229,644,661,342,2175,18347,132802,51943,324350,50465,16137,783,705,823,3484,20731,9667,44881,5841,2031,14832,7880,63723,158987,258929,118747,144727,18631,4844,1178,1648,1407,4048,10367,4804,5165,3460,12260,4710,20067,20035,12553,6365,33551,8774,2752,3726,926,1085,934,872,691,2132,4558,4954,5195,3085,4821,1631,1323,2372,2522,748,583,668,570,744,3037,1378,762,639,555,707,571,469,772,822,14068,6095,2220,737,599,531,475,715,3453,1573,813,847,1062,730,375,642,630,2101,1016,539,509,562,1027,619,724,4748,2744,1032,854,1379,1327,815,806,545,673,567,642,677,2504,2012,1060,576,831,697,3187,1547,2774,1516,2415,1047,723,606,1498,3465,1706,792,646,584,999,1199,562,4204,3881,2704,1154,2468,1652,2689,2830,2123,790,1056,1273,688,725,483,1826,3061,2466,3709,2015,1690,1137,2493,669,2743,919,796,815,4286,3408,1651,866,1688,1300,1167,2585,3413,9923,8488,3283,944,1017,1115,5136,42529,102699,79093,36451,13336,1161,2232,2239,8910,47189,112672,80522,66049,10925,16352,183815,126065,329496,418606,494549,328910,262688,42367,15429,23201,45777,61582,108775,139398,86172,42929,160518,305205,224901,337638,257724,201708,199570,145015,62531,11094,47001,65021,45561,29909,36504,52982,38449,101428,88194,64525,37687,28734,10676,10603,7023,10660,9285,25823,16846,7805,7200,8101,12714,8775,8004,4047,4931,5093,5129,4583,4582,4258,3380,3260,2491,4050,3423,4342,3541,3983,14352,9056,7681,2121,2244,2316,2604,2727,2943,2939,3270,3072,2556,61818,14399,7788,2727,2452,2127,2522,1696,2085,1636,1422,4421,4186,3015,6122,3135,1162,1967,1636,1658,1621,5704,3335,1621,1376,1944,1656,1291,1287,2022,1571,3564,6771,3595,1203,1829,1636,1133,1048,1205,1084,2316,2630,1726,2262,1373,1097,816,916,5039,6855,4375,1276,1441,1328,973,834,1116,876,876,2101,2523,2101,1202,895,957,1110,809,1058,780,39945,41906,26792,16156,4425,2184,826,1384,1837,2215,1831,2412,1985,1080,880,830,937,956,26461,25121,11836,6842,2376,2066,1346,1013,796,1243,797,1058,16314,16158,10116,4328,1692,1156,1043,2636,3092,5276,6291,3806,2155,2197,1448,18800,15880,12949,3706,24826,28556,18565,12300,4316,1868,1183,1038,952,1047,1150,1017,1539,1238,986,1045,839,1034,1038,1186,1198,1454,1289,887,1220,735,896,8464,8989,6978,2172,1049,1384,908,869,1011,797,784,941,936,718,946,868,994,819,573,660,663,608,813,611,511,627,641,700,519,501,733,629,553,1067,428,466,453,448,417,375,396,440,537,375,456,502,415,336,676,414,363,495,347,448,323,398,341,315,360,488,522,290,318,276,250,362,419,322,369,496,323,325,290,430,393,390,423,426,392,296,287,427,308,450,452,221,477,285,366,328,290,396,334,306,440,378,453,252,303,393,501,424,421,345,343,510,418,395,331,410,337,350,220,384,345,360,248,292,424,334,321,307,351,514,415,512,368,429,266,1011,919,536,339,308,1015,593,665,1511,380,525,481,583,280,296,324,408,357,330,387,435,309,488,295,437,441,1025,591,592,667,547,602,608,560,803,550,641,555,591,648,693,493,895,715,670,908,1157,683,723,868,595,807,596,557,905,811,673,906,613,839,1670,1362,999,893,556,882,917,821,858,769,764,985,1003,621,663,841,931,1372,1044,657,583,603,738,616,595,622,665,573,589,551,543,535,560,667,513,642,449,443,521,649,406,501,452,600,420,514,552,619,415,540,449,296,372,471,535,663,375,396,439,440,336,531,508,486,476,450,483,444,404,456,396,405,469,441,386,410,406,286,416,433,457,420,305,457,403,474,393,526,384,548,611,553,494,424,359,383,367,356,377,412,461,365,446,382,430,421,383,379,435,335,457,345,359,504,374,510,336,511,414,377,392,466,282,
41.62,234,364,493,1397,73534,2651,214732,942796,25158,1507,406,873,136670,190428,9240,118611,13953,5571,1130,1777,33278,223270,172574,12567,75376,3444,70218,876,24726,52170,294856,21862,132646,14423,5503,19404,85836,23025,50394,197267,16592,53913,7553,4838,10392,8586,30830,111318,98419,9226,12518,7460,6406,710,20421,31557,101594,46918,4019,11271,3622,6162,693,14896,21838,57132,7232,35036,15227,3810,7222,764,13730,26621,35479,3769,20026,5633,2614,9683,1189,11605,18934,16187,2736,8515,3519,3849,125204,7717,7962,13291,11232,1566,3680,3430,5112,637,5559,9370,24782,4667,7036,6005,2529,3176,727,4463,3928,3118,480,4178,20760,2871,2639,1370,3176,2084,1868,536,2349,1934,80924,19482,34242,1920,5330,13759,3742,54160,2745,2439,4423,2200,3008,2729,1822,2416,11018,39275,136883,30522,7468,12681,4908,1859,1132,2577,2162,2450,968,21211,2686,1430,554,7960,7445,2516,2635,6763,2061,1666,801,511,2190,1149,1522,644,1781,2679,6656,50593,9652,3368,3107,6708,2042,5238,2084,1125,1922,1979,1651,854,1201,619,4498,19291,57847,21406,11008,4102,2436,893,1070,1209,772,873,354,37290,8541,962,500,1575,1533,653,2019,1031,1516,3036,1126,447,623,616,993,638,541,827,1464,803,480,822,789,1617,639,506,795,903,3536,1045,1052,712,784,264,708,620,894,3790,1900,1255,1476,522,336,487,469,795,9914,3806,2927,620,434,798,442,749,733,360,745,715,649,663,411,513,554,729,266,1066,5131,3909,1389,599,564,595,590,4356,746,1013,2223,1359,4011,1003,670,403,1047,737,785,1034,465,562,669,502,24928,7299,634,995,771,1001,805,1092,506,999,460,495,1217,594,7476,2769,2203,2034,1685,1250,1880,1182,541,609,681,3165,2112,1019,417,506,1145,2293,2851,3962,15046,6980,16759,1878,516,1026,608,719,2468,14720,6288,6149,801,704,296,1950,27423,162899,65011,344604,52801,14623,728,483,822,4070,22261,9388,43609,6961,2330,22060,10383,79154,165016,262121,115434,126380,14040,3954,1745,1039,1353,4428,10806,3839,3553,3597,13524,4453,17306,12939,8615,3397,22423,5826,2115,1044,825,934,1127,901,413,2266,3368,3183,3312,1255,2137,1410,763,994,936,460,526,874,747,527,3954,1447,706,698,716,544,598,455,744,693,6166,3199,1277,562,574,298,367,676,2264,1070,559,1059,1065,809,231,453,375,1415,585,634,641,676,837,496,753,3792,3250,1937,464,1787,1099,1175,708,340,539,499,695,624,2807,1922,941,464,480,790,2479,1897,1881,1055,1164,758,1229,479,991,2392,1059,605,625,424,855,881,596,4237,2150,1171,802,2147,1178,3256,2335,1364,890,925,1357,716,477,482,1464,2277,3003,1945,1549,1260,749,2474,1334,3282,1066,839,1253,5577,4521,1534,681,1407,864,1116,1937,5160,14871,9002,4010,945,1001,1860,12517,70281,143066,100521,46077,15000,1545,3017,3302,16863,58394,126044,92784,71062,11814,28755,233421,165641,370062,452283,514106,335047,258129,38129,16840,28739,51613,63040,101863,112742,70390,33639,186283,310072,219962,313164,211367,145343,138100,90248,38976,11379,44239,40569,27586,22076,20398,47364,36432,67185,51753,38530,22750,14615,7036,6977,4604,7325,6821,14463,8993,6104,6337,5126,6869,4132,5371,2618,3275,3483,4124,3963,4100,4087,2677,2239,2003,3090,3403,3709,3088,3399,9451,5333,4062,1764,2070,1745,2110,2306,2282,2255,2698,2231,1751,68123,14616,6389,2503,2794,1636,1686,1210,1601,1980,1396,4533,6049,3798,3590,2445,1287,1372,1155,1522,1392,3918,2603,1237,1903,2278,1597,1191,1093,860,1182,2769,4143,1845,1031,1684,1173,1105,877,860,1084,1371,2023,1086,1872,1066,826,685,720,9120,7587,5555,1803,1373,1020,950,783,690,871,819,1999,3489,2869,2002,1275,1078,1048,685,1092,565,34261,38642,23385,13953,3648,2025,941,1126,1785,2234,2523,2490,2851,1458,1319,740,1070,796,22554,25329,15893,10843,2836,3839,1294,936,980,856,1009,1100,13150,13439,8584,3303,2170,1669,1160,2542,3183,2302,2401,1529,1683,1250,1112,9514,10060,6053,2164,22875,26322,16872,11453,2757,2508,931,978,1016,913,1094,1258,1231,1174,938,1087,740,961,734,892,1157,972,1306,799,1138,802,967,5328,4845,3463,1378,814,861,809,1071,914,713,884,510,436,435,573,490,831,506,467,409,475,557,324,932,386,441,573,406,510,365,549,433,434,1056,367,313,416,385,334,363,420,413,275,436,652,283,289,216,349,248,322,451,347,538,414,296,265,345,310,318,387,431,279,295,379,290,244,318,385,360,373,392,360,212,234,226,225,232,407,598,398,166,211,274,382,245,192,318,346,243,228,296,135,244,304,322,328,373,235,292,362,389,180,251,363,294,183,320,341,291,210,236,442,323,348,337,352,353,294,268,282,163,534,571,273,338,324,490,391,1590,2196,452,214,266,930,512,1094,1300,721,499,281,365,385,270,340,444,575,335,366,620,325,492,454,489,405,787,804,527,553,395,537,714,694,783,630,751,740,563,678,709,633,688,866,536,750,726,648,669,871,519,322,700,717,847,680,666,666,846,796,1320,699,529,452,634,616,429,600,614,748,499,853,741,351,350,518,796,680,516,564,377,415,361,438,477,376,351,520,522,338,324,417,287,526,484,423,373,434,514,324,444,469,297,361,284,407,390,430,342,497,353,359,447,524,571,385,355,438,345,240,385,379,276,406,392,328,550,299,319,378,342,310,388,415,460,409,381,339,335,394,290,503,430,356,406,250,292,488,341,324,424,284,357,412,331,436,293,335,292,327,300,267,199,285,235,301,383,420,346,243,432,228,496,321,353,361,321,334,232,377,301,411,220,
41.44,233,423,620,1181,86361,3560,281944,956375,21879,2454,488,1790,176226,238867,13746,154069,17457,6173,1245,2441,43170,283845,207362,15881,90906,4545,69902,1085,32340,67347,370883,26774,151940,18334,5506,21424,88409,26820,64315,238717,20230,61639,9618,7287,13440,8955,35161,143190,124627,12079,12610,10655,4893,1145,20345,39531,128441,53651,5977,14493,4133,6509,1231,16125,28250,68312,8426,43529,18719,3549,8394,1222,12900,28817,47579,5571,23834,6921,3527,11787,1766,15011,23072,19001,3208,10978,5670,3484,173664,8101,8872,13975,15527,1833,4408,3095,4398,1127,7916,13026,29044,5350,8085,6271,2205,3897,772,4391,4196,4534,1413,8063,23918,4841,2137,770,3821,2641,1668,680,3259,1853,107646,28882,41371,2352,8057,22755,4372,63136,3051,3992,4704,3284,2806,5329,2569,3734,19284,54317,155766,30488,7883,12515,4905,1636,1841,1875,2691,2453,1251,24648,5008,2010,714,8913,8107,3325,2086,6665,2946,2241,1305,515,1649,1418,1906,803,2179,3022,9484,58281,12265,2972,5788,7904,2317,6984,1710,1823,1541,2406,1589,969,1888,615,6863,25192,57030,19147,10071,4138,2423,753,1639,920,1248,1049,613,38235,7474,1308,562,1668,1853,1287,2285,1075,1459,3511,1402,669,763,761,791,1603,667,1032,1739,734,388,806,1211,1292,569,801,1156,1248,5848,1602,1507,866,756,499,816,621,534,4955,2216,1198,877,521,539,787,855,907,10670,4462,3256,856,560,663,697,613,933,388,1039,829,743,854,538,658,665,794,481,1006,4233,3406,1931,817,780,948,483,4591,848,815,2908,1643,5831,2605,506,342,1271,669,625,847,514,700,733,542,44958,12956,1130,1037,1229,1126,633,573,564,1355,612,608,772,362,5813,1536,2078,1010,2285,1672,2151,1629,923,748,725,4646,2110,1206,522,729,1234,2202,2021,3964,25137,9624,18627,1895,710,563,526,746,3457,20718,8910,6873,817,744,370,2945,41274,200225,77060,349726,54203,15191,753,497,1196,5715,26396,11379,39397,5780,2694,28279,14304,91175,161690,233904,100948,104377,10968,2966,1631,890,1110,3766,6624,4024,2110,3739,12556,4178,17358,11524,6813,2824,15212,3814,1236,831,1059,1545,1267,877,511,2372,2819,2098,2928,1266,2604,1460,875,1006,1100,592,526,985,806,703,4228,1308,854,629,638,645,555,517,598,913,3355,1890,721,631,855,499,560,730,2386,1165,638,847,1717,614,348,497,607,1374,749,693,361,545,568,429,608,4380,4321,2038,657,1582,868,1035,799,421,754,493,654,705,3608,2215,1523,624,515,625,2711,1707,1469,728,811,920,1044,629,1203,2100,1051,654,642,477,750,1246,841,2574,2189,892,782,1318,981,3503,2498,2254,717,890,1627,741,582,620,2801,4247,3762,1587,1828,1797,1158,5993,3080,6896,1843,1332,5751,13039,9712,2959,727,1619,2109,1366,4216,12906,28635,16368,6755,949,2727,2197,47049,140691,201904,137886,62767,19669,2678,4611,5931,32543,90871,140866,101581,78047,13670,73495,304970,233372,426761,484612,518810,341438,244301,36671,21735,36726,53022,65171,96962,92491,58211,45973,206834,300834,210884,295414,177949,119817,104771,70710,30127,10851,40290,35050,24720,14791,14508,43541,32263,48163,35913,25527,16056,10218,6521,7207,4139,7236,5890,8824,8708,6660,6093,4363,5373,3338,5091,2499,3420,3552,4210,4064,3305,3738,2957,2368,2009,3364,2982,3723,3602,3238,6471,4955,2914,1727,1871,1670,2435,1572,2090,2170,1972,2305,1794,69481,18558,6724,3579,6971,2007,1610,1576,1747,1751,1912,5041,6674,4710,3736,2393,1538,1633,1199,1413,1682,3044,2511,1486,2042,3002,2374,1245,1344,1239,1049,2230,3172,1853,842,1704,1168,1121,926,1180,962,1431,1046,946,1519,1056,1018,757,1062,13500,12824,8248,3381,2171,969,1141,718,1031,1017,858,1180,10816,11547,6296,4095,1016,1305,923,1315,791,32144,30994,20025,10670,3658,1882,997,1085,2000,2906,5480,4720,5953,2084,1038,982,1298,921,35365,39119,25167,15266,5754,4355,2303,1340,1179,1260,1135,1184,10015,8952,7888,2532,1426,1395,1372,3641,4051,2908,1523,1614,1212,1264,1231,7057,6288,4057,1541,17245,22567,15468,9512,3027,1731,1194,1202,990,1038,1240,1218,1528,1142,1421,980,863,1162,901,1008,1020,1387,1233,835,1391,1053,782,3463,3263,2448,1003,683,982,733,950,726,560,658,566,533,506,707,665,654,598,612,488,438,401,529,1124,525,578,475,483,577,506,477,516,360,906,487,457,377,340,267,305,284,390,316,314,413,470,401,382,355,452,497,475,324,281,328,269,303,289,386,401,373,320,263,367,244,360,276,383,389,338,215,240,352,290,404,543,272,410,291,366,278,387,368,294,262,418,348,455,460,423,314,255,344,419,271,321,402,495,254,414,738,411,436,342,386,275,260,252,292,378,257,323,292,371,316,281,343,386,369,381,305,329,756,1044,318,390,426,441,584,2950,2474,732,346,300,1239,1765,1889,2191,923,883,720,627,481,559,860,449,651,570,653,500,463,481,533,551,517,688,748,510,619,592,713,775,638,793,691,801,489,601,636,763,645,1026,894,590,832,680,627,719,595,544,627,642,704,515,744,747,411,577,567,1520,697,576,417,633,489,575,648,496,433,619,453,387,688,549,519,621,620,433,592,466,398,551,481,556,404,451,450,394,405,509,439,438,409,359,453,357,324,350,456,451,342,394,410,439,420,345,466,421,551,461,579,407,355,681,662,343,631,500,369,417,459,585,486,432,390,429,423,385,485,433,417,433,487,541,372,387,435,403,263,329,460,485,369,365,248,377,286,365,372,439,431,439,472,516,360,441,311,289,333,490,342,416,435,347,347,332,490,278,412,358,321,278,294,364,334,404,329,339,271,461,317,328,
41.26,232,361,467,1117,95227,5054,294003,906052,21254,1788,493,921,188210,247812,12819,164676,15373,5607,596,2319,49376,318603,238178,15544,97127,3478,60163,701,30145,75486,405235,28115,167131,17837,6411,17031,86899,26462,77836,258154,21846,68196,8856,4658,11995,9206,34790,153049,133353,12472,14563,9265,4424,848,22308,43528,133828,56079,6002,14202,4529,6528,603,15212,29783,76296,10352,43139,21749,3749,7065,1095,14491,37686,44595,6085,21002,9556,3185,9009,2189,16882,23635,21841,2605,7395,4703,2745,196420,7096,8664,14450,11754,2232,4154,3483,3960,927,6486,9459,26443,4771,8085,7952,2128,3277,912,3389,4748,4968,529,8004,25493,3981,1885,564,3257,1752,1824,560,3653,1829,103528,26856,42920,2138,9660,23963,5618,63616,2270,3833,2429,3133,2752,3781,2463,3214,23287,62052,152890,28746,6710,9981,3421,874,907,1876,3033,2527,1348,22989,3409,3468,744,9036,7552,1718,2759,4266,2279,1625,1204,490,1409,1844,1956,623,1668,2311,10772,57453,11753,2062,4918,8798,1626,4329,1766,1470,1406,2339,1503,550,1211,443,7335,24692,55636,21242,7127,4706,1969,713,1107,792,924,1219,280,41106,8193,1005,406,1422,916,779,2142,895,1021,1892,1226,495,985,478,505,802,674,647,1361,686,322,879,1093,1356,485,571,1065,1475,4854,1602,1710,860,477,360,1119,480,523,4927,1988,1158,762,458,458,750,495,614,9802,4085,2968,1067,381,348,517,684,721,461,887,595,414,727,664,417,539,690,334,787,2599,3387,1184,726,654,670,506,3655,677,664,4443,1262,9434,1842,430,319,478,661,786,923,659,977,477,650,47056,13116,792,931,853,1060,457,878,609,970,409,607,703,469,3596,1099,1091,1020,2962,1234,1138,1166,908,706,801,4563,1800,2128,613,763,1148,2177,2217,5403,31755,14677,20792,2442,611,920,596,754,4194,23810,10594,8771,999,582,356,5092,52511,209129,84807,326568,48927,14042,604,369,1068,6645,23240,11699,31321,4090,2492,30824,16358,96693,149318,184147,78081,67293,6659,2272,2250,633,1744,2450,4574,2723,1579,2998,9126,3500,11898,8318,4985,1734,8141,1208,620,638,596,1174,733,748,537,1806,1934,1743,1536,1427,2645,1085,652,1007,873,581,519,1235,890,700,3701,1508,1008,686,460,546,423,421,627,578,1350,689,449,364,764,428,453,443,2446,997,566,401,2109,997,288,302,501,1384,601,606,455,456,540,371,612,4506,4862,2056,620,1742,866,794,402,344,476,409,549,520,3043,1561,897,371,556,771,2568,1888,1634,606,549,345,901,531,1127,1577,814,619,651,367,773,2035,899,2610,1425,887,810,928,858,3683,2580,1700,731,798,988,1038,627,642,3262,3885,3770,1712,1154,1778,2043,7848,4960,7559,1976,1399,11229,19375,13659,3729,855,2177,1781,1983,5940,18153,34936,24315,7374,1084,4998,3767,74041,172771,230316,149551,70321,22208,2695,7346,9494,40495,100772,154637,104494,79932,12135,107427,326990,256461,445870,484752,486832,309896,202045,27901,21612,35584,47570,58830,76734,55785,34148,53996,205398,269150,175187,232383,119215,67379,47583,30123,14033,10444,26477,22514,15699,9799,10602,26502,18274,24447,18428,12663,8669,5807,5729,5472,3676,4653,3785,5051,7182,4394,4310,3263,3337,2559,5052,3147,2873,2199,3352,3600,2705,2449,1990,2218,1765,2685,2463,2461,2455,2448,2944,2468,1997,1694,1644,1671,3129,1572,1921,1504,1409,2078,1582,60829,13388,5336,2987,7447,1874,1500,1129,1229,1618,1525,3396,7135,3525,4228,2585,1717,1557,998,1056,1251,1736,1530,1417,2092,2486,1677,1243,1074,815,776,1435,1372,1264,1053,989,1126,1019,918,958,970,885,1025,990,1011,1145,977,823,908,14649,14410,8780,3787,2154,904,948,743,1416,1023,1049,982,16338,17984,9798,7171,1880,910,1154,1024,935,16499,17747,11253,8518,2722,1941,1255,1276,1243,1517,6685,6133,6695,2629,1300,1096,1107,903,36912,41683,29394,17832,5262,4110,2710,1831,1269,1294,1381,1494,4567,5117,3411,1761,1636,1460,1488,3328,3148,1917,1483,1015,1095,976,1324,2330,1807,1131,896,11799,13352,8785,5724,2111,1602,1325,978,820,837,1068,1001,1083,1313,778,934,683,865,886,636,703,840,923,707,1141,597,779,1218,878,1058,484,785,732,826,601,524,434,452,448,343,537,488,528,590,379,374,334,327,353,316,647,603,348,366,367,265,366,278,288,377,265,393,347,288,277,272,333,408,345,282,272,320,346,268,250,245,336,396,451,382,324,328,256,250,271,447,297,246,302,372,206,243,416,161,213,294,411,261,289,292,296,320,367,321,223,260,370,197,266,288,282,404,269,206,165,157,311,279,385,188,320,184,261,285,243,259,274,632,569,205,334,375,267,348,206,242,378,238,237,423,335,258,317,268,272,246,529,413,439,878,785,298,289,268,477,313,3125,2748,479,442,304,1160,2371,2114,2453,996,1065,801,540,482,496,721,602,429,450,650,663,510,517,491,528,621,628,803,415,567,450,538,598,512,847,399,526,522,549,712,515,663,684,737,520,502,400,531,545,511,420,365,725,633,373,423,536,385,486,342,1670,982,355,430,422,381,345,402,426,409,439,369,329,335,482,387,366,633,603,359,401,267,484,378,440,471,597,258,378,352,291,450,338,437,405,354,376,362,336,363,291,413,342,366,387,393,448,384,410,343,295,324,427,494,587,506,586,458,358,515,394,249,401,345,386,556,341,338,443,376,331,430,608,475,334,393,473,418,322,505,421,301,271,318,257,396,315,301,443,346,360,472,389,560,248,370,323,425,416,261,241,367,375,351,363,426,399,259,225,293,393,212,320,331,277,443,374,299,443,323,304,276,263,
41.08,231,595,476,2197,115989,4882,316302,871999,22623,2333,581,870,224917,268744,13464,180334,19708,5486,762,2515,49693,353332,239401,16605,105200,4903,59003,943,34036,84234,434462,35389,181343,18725,6532,16755,101492,28330,79388,277030,23258,63278,9900,6522,14270,10476,41159,156654,136254,13432,15442,9661,4054,1042,22816,46793,139537,68243,7652,17826,4204,5901,1166,18361,33158,79851,10977,42097,20982,3933,7056,950,17884,37983,48173,6927,22556,7355,2956,10208,1684,16454,29898,21518,4436,9308,4762,2446,226464,8232,9633,14684,14549,1810,4579,3803,4382,850,6242,8282,25734,3937,7889,9635,2847,3105,653,4457,4918,4759,774,10135,29391,3804,2815,572,3227,2355,2131,601,4347,2432,106768,27970,48744,2944,11514,26728,5659,58956,2547,4138,3461,1983,2655,3907,3871,2635,28161,71402,146455,28029,5565,10506,3486,893,1001,1953,3927,2995,1168,27066,4160,2884,589,9101,6440,1862,2780,3047,3064,2272,1550,496,2083,1489,1368,540,1584,3412,13548,62449,10975,2207,6751,9792,2420,6367,2558,1599,1876,1695,2271,624,1555,676,7871,27507,51047,22043,8171,6101,2439,596,962,896,1447,1108,501,42352,7525,1143,652,1525,1249,942,1499,983,1527,2500,1016,457,794,623,748,1115,770,1001,1649,950,541,713,1198,1763,641,643,621,1444,5849,1920,1823,539,506,387,653,695,816,5669,2628,1573,1035,549,400,638,926,648,11465,4024,3601,950,620,520,829,920,910,562,964,659,675,480,608,753,588,776,476,939,1930,3866,1516,597,954,633,494,3742,858,787,4119,1510,10738,2397,741,400,1076,895,1256,1351,667,785,691,479,53995,16518,1150,1116,922,1259,863,864,571,1066,507,667,1140,464,3181,955,1704,1376,4089,2020,1432,1378,768,745,762,4849,2036,2767,604,750,1808,2385,2346,11128,50538,20754,22834,1913,1452,1255,620,963,7074,33800,14536,10331,1023,1400,505,7366,78380,252606,103440,331744,47699,11976,699,438,1592,7366,25036,10522,27439,3425,4985,43054,21402,105154,146688,165540,70879,52108,5339,2421,1656,800,1586,2483,4806,2139,1818,3973,8034,4172,9875,6510,3080,1627,6091,968,734,845,1331,1586,1122,940,668,2309,2448,1607,1416,1974,3647,1911,883,1237,1447,666,555,1176,1115,955,4357,1697,867,628,600,626,569,414,523,775,1493,953,463,483,1051,635,538,717,2862,1602,739,818,2216,1352,524,380,470,972,962,896,503,695,547,574,565,5439,6639,2804,698,2007,1384,895,528,364,638,771,524,637,3104,2127,1142,761,732,738,2344,1447,898,609,643,625,1181,680,1967,1183,809,663,558,616,944,1999,1060,3052,1564,1087,706,1225,855,4073,3362,2628,958,1154,1450,591,894,833,5866,3907,4493,1909,2283,2163,3494,11706,6304,17276,4346,8112,39965,39909,22256,7533,1011,1878,2609,3512,10788,35240,49379,27833,10057,2060,18156,12517,156633,235799,277269,172137,75898,25524,4948,14398,22170,56141,110315,151097,103560,75603,18583,174520,361579,276454,448407,482786,448466,285769,176466,24511,23108,37985,41320,52438,63367,44199,25230,64777,194383,239101,151582,192600,94412,52160,30073,19691,16959,9694,22829,16837,12341,7640,10672,18514,14954,18240,11538,9176,7322,5875,5556,4440,3190,2988,3071,3168,6478,4677,4177,3421,3028,2950,3855,4982,3823,2887,2494,3029,2628,3185,2171,2218,2057,3746,3790,3779,2169,1910,2071,2161,2357,1732,1958,1735,3758,1612,1639,2182,1765,1709,1553,53422,10680,4304,5294,8588,2477,1539,1412,1251,1479,1561,1934,5871,4032,4399,2807,2139,2092,1040,1202,1042,1879,1507,2319,2033,2320,1561,1047,1494,1139,967,1325,1236,1068,976,1274,1022,1177,847,1365,2160,1599,1213,890,1175,1297,1089,698,1005,14903,13917,9256,3622,2308,1188,1383,1012,1145,1178,1180,957,29830,31002,19795,11249,2676,1224,2004,2516,1797,10908,13109,6925,5093,2389,2174,1420,1387,1340,1470,8397,8271,8753,3952,2157,1637,1325,1180,38213,43587,28655,18388,5832,4707,2335,1637,1470,1339,1358,1634,2720,2695,1908,1430,1541,1349,1329,2404,3254,3089,1636,1336,1138,1346,1226,1265,1401,1344,1051,7298,9310,7070,4642,1706,1548,1377,1042,1057,719,923,1006,1370,1036,1082,893,679,1077,667,643,703,812,755,601,1134,615,767,1033,629,726,600,603,603,547,527,658,482,509,475,560,431,601,691,656,553,336,378,486,521,418,591,403,358,411,426,287,317,496,436,385,395,379,493,419,389,322,452,363,475,315,422,432,292,381,450,314,345,552,359,318,468,230,321,358,298,366,446,395,310,497,309,442,372,418,400,376,271,307,268,347,299,405,396,410,429,301,355,377,587,395,455,383,536,370,364,317,275,344,367,281,360,308,262,304,363,459,353,528,342,656,442,348,316,482,382,433,489,370,410,268,299,430,492,400,456,468,550,458,441,823,649,514,341,468,835,788,2515,2916,1010,432,414,2206,1911,1915,2189,1060,1052,617,855,684,599,832,463,694,423,738,656,359,790,641,665,837,626,892,506,575,439,461,651,519,649,635,503,564,476,759,571,511,752,536,623,390,597,488,659,493,483,441,560,603,532,493,493,477,382,432,1651,727,612,402,525,561,443,384,369,507,554,531,338,382,379,426,744,806,506,317,394,348,346,440,348,587,357,515,400,347,535,410,371,717,521,414,499,423,453,505,396,385,469,430,373,395,368,454,395,337,528,463,598,421,530,661,468,393,538,385,514,317,305,361,483,363,383,470,422,440,349,433,409,433,472,408,343,344,685,364,435,347,330,540,358,403,485,435,397,387,526,454,359,364,313,517,366,403,348,493,496,334,353,361,475,488,283,364,348,551,355,310,324,396,351,424,298,428,394,362,350,385,374,
40.91,230,496,384,1449,101795,4751,294351,655400,14005,1701,376,991,208049,250584,13490,161179,17526,3275,687,3104,46565,329774,235731,13869,95643,3224,46608,661,30727,80785,426329,31591,173326,18878,5470,14309,113577,24314,76858,274945,25414,60604,10777,6247,12174,10264,36177,167615,146608,12525,14501,10282,3227,575,19744,51500,159804,65482,6627,16948,4172,4361,742,18651,34427,85282,8734,45098,23656,3494,6275,1627,17070,41155,58399,6455,29321,9613,3506,9523,1432,17105,34484,25702,3837,11072,4709,2213,299184,8323,10087,13217,11492,1444,5315,3562,5592,1162,6439,9616,21818,4132,7324,14578,2903,3382,727,3730,4256,3914,985,10719,35227,4218,2667,591,2876,1430,1966,517,5234,2210,94475,26721,52474,2374,11049,27339,6036,55360,2243,4854,1785,1779,2924,3010,1926,1861,30508,69233,131331,26413,7673,9877,2999,733,893,1765,3879,3249,1144,27611,4138,3649,967,8156,4701,1871,2831,2218,2778,2367,1422,722,1523,1305,1179,737,1060,2923,12714,64058,14447,1583,5991,11102,1840,5634,2095,1863,1448,2651,1573,795,1636,431,7381,27665,48084,26078,8352,4314,1762,476,690,675,935,1351,416,42425,9955,1539,646,1170,1233,765,1530,769,1465,2372,1185,401,771,748,524,1363,645,786,1576,997,311,834,652,1089,385,730,997,799,5161,1790,1740,562,814,404,946,757,775,6294,2542,1739,699,712,523,567,891,991,12664,5360,2462,973,532,440,613,867,980,463,1011,629,628,525,771,636,808,1008,414,583,1529,2977,1632,686,623,706,536,3206,1053,1078,2874,1133,9103,2337,512,384,1008,875,839,1231,717,833,933,562,53080,15758,1194,1089,1169,643,836,726,638,971,573,923,1093,317,2287,595,2233,1388,4766,2603,950,1087,524,646,1018,3452,2392,3945,420,778,2245,1964,2285,16860,66749,28441,31638,2592,1489,1337,975,2517,9895,39387,17245,10637,908,1278,578,10892,92645,283146,114906,343821,44936,9850,699,695,1298,8544,27103,11516,23100,2453,5907,52782,26636,117180,149054,148188,61528,36490,3408,2059,1506,987,1916,2551,2479,1083,2100,4428,7895,3497,8266,4918,2583,817,2059,850,1046,978,1119,2072,1386,716,527,1730,1518,1288,1075,2087,3083,1621,739,961,929,577,360,715,1196,492,3368,1240,1194,508,682,566,418,439,461,1012,1133,522,488,327,740,665,631,761,2755,1073,521,984,2219,698,575,568,405,1407,434,624,611,652,499,482,714,5329,5928,3276,1156,2122,930,633,527,330,626,539,873,788,2918,1861,920,488,283,771,1444,1216,915,668,630,611,1724,935,1740,831,797,415,438,443,823,1731,1137,3425,1484,1150,556,1163,785,5239,1867,2340,843,1476,1642,550,1913,972,6254,3080,2889,1948,2769,2298,3420,15643,7645,40496,7839,15504,59487,54604,26894,8769,1769,4383,6181,5303,19755,42299,56619,29424,12085,4179,30069,21149,188050,263757,291884,179173,77169,26926,7255,17772,26846,62643,115386,142150,94598,61113,25115,192503,363036,273999,428784,429058,342601,213063,110154,29287,21685,29771,27174,37135,38004,24423,12578,66126,158414,177209,104802,114346,46817,25947,21238,11605,14969,7448,13460,10302,11827,6676,9400,9746,7357,6760,5712,6444,5058,3951,3296,3556,2854,2400,2200,2752,3367,2620,2815,2388,2645,2284,2501,7729,5049,2584,2070,2289,2117,2184,2008,2186,2229,5829,3349,3253,2591,1895,1799,1534,1545,1121,1459,1427,3535,1837,1757,2339,1619,1519,847,27809,5551,2718,5256,6768,1967,1877,1238,1246,1261,1199,1448,2880,1790,3406,2840,1371,1502,849,887,847,1374,3748,3224,2100,1285,1381,996,1999,1312,854,1356,960,990,683,1007,828,1039,749,1307,4184,2481,1690,913,1070,1240,966,692,1311,11305,9144,7285,3316,2470,1571,1011,903,965,1327,938,1106,32459,36353,22291,14081,2807,2021,4716,4713,3207,4877,4830,2290,2353,2132,1650,1266,1199,1143,1022,8928,9242,9354,3858,2252,1163,1406,1042,30282,34776,23338,13347,5151,3282,2024,1664,1106,1208,944,1165,1109,1147,1020,1212,1506,1092,990,2106,2506,1879,1322,802,1125,1378,1014,842,1044,973,974,2523,3528,1673,1518,1351,1214,885,944,755,764,983,588,871,910,903,581,684,614,465,597,550,544,604,709,698,391,347,385,412,353,370,389,476,374,465,349,456,312,456,345,322,295,380,409,299,328,363,283,358,312,390,264,337,489,288,246,376,416,526,222,313,392,268,320,419,295,295,236,273,406,250,345,263,304,256,339,365,275,381,410,288,277,400,417,306,191,389,320,288,312,218,319,319,203,372,253,273,503,236,288,244,315,312,314,276,358,326,256,205,316,299,269,297,360,258,392,218,318,368,278,342,249,457,262,241,308,356,500,520,356,221,402,293,414,220,344,302,436,376,337,375,409,404,319,339,292,564,309,368,686,608,325,345,409,621,415,1384,2051,483,671,710,1678,1774,1488,979,475,629,554,579,613,324,635,512,614,497,432,581,444,416,352,433,556,458,625,511,438,362,336,581,458,453,465,421,484,494,495,374,342,507,691,381,401,384,342,414,306,503,338,527,422,267,399,367,461,395,469,1950,718,343,500,335,370,363,457,480,417,359,358,307,272,278,335,587,595,293,521,373,285,297,294,515,517,339,430,390,411,292,534,513,524,377,310,456,408,414,542,394,265,397,377,371,334,250,306,295,414,473,377,326,618,571,430,276,300,320,350,294,335,292,505,461,429,341,240,633,399,346,341,401,290,442,366,300,279,382,450,440,390,317,261,381,316,331,408,280,489,483,367,348,317,367,367,274,347,431,256,257,300,319,315,334,318,323,333,388,286,305,361,307,384,251,236,258,321,284,317,300,285,440,
40.73,229,447,599,1892,125157,6241,374947,734096,15184,1951,539,1864,267560,310351,18776,211579,21615,3933,947,3643,63637,422548,266519,18610,111454,4826,53030,1024,38846,108090,516539,40222,192574,23096,6481,16382,122288,33512,100989,314018,27219,72477,11658,5536,13345,9602,43910,194755,168130,17416,16415,12416,4182,646,21593,56333,164205,72900,8525,15102,5659,4727,626,17412,42543,93109,10165,47990,20094,3877,7562,920,18471,44066,58525,6470,28523,9368,2989,8910,1420,20513,33950,23378,3574,9226,5116,2652,426227,7928,10120,17972,13155,1830,4804,3876,4829,981,5911,9424,20859,3995,7305,15387,2041,4523,2174,3878,4154,5049,1109,16332,39777,5260,2451,917,2080,2442,1960,724,5203,2113,89265,21121,55799,3138,16499,32669,7358,56429,2306,5737,1992,2379,2951,5383,3666,2560,41184,85483,130609,26795,9194,9326,2620,834,1082,2862,3656,3092,1073,35804,5720,6561,1381,7726,5516,1868,2594,2154,4963,2386,2335,1024,1921,1574,1995,758,1473,3565,16439,65607,11918,2361,8568,11162,3431,6069,3022,1764,2368,2135,1800,1019,1866,581,9323,30075,45410,31757,12183,6596,1891,593,1555,806,1269,1642,752,60524,10760,1407,828,1501,1486,1166,2279,717,1686,2492,901,374,742,685,723,692,653,913,2127,972,550,755,1374,1241,630,769,1232,1634,5776,2360,2187,507,599,437,647,594,985,8595,3230,2048,997,738,399,903,1074,727,17305,7363,4906,1069,527,620,972,1075,1062,568,1055,799,774,613,1186,587,716,869,812,858,1508,2990,1369,717,874,515,698,2131,841,840,3338,1728,8244,2141,681,385,943,981,1105,1343,1130,781,1089,568,49094,14280,1445,1624,1606,1047,1203,1103,884,895,590,576,1180,736,3009,1212,4047,1795,8958,2703,1807,1409,660,928,923,3659,1461,5490,750,1148,1827,1983,3890,29422,90471,38045,35722,3617,1758,2180,830,1806,13414,44175,19813,10333,1329,1827,947,17642,117265,294916,121195,314794,39238,8274,796,600,2476,10268,26472,9667,17327,2467,8470,55887,28397,117897,144031,127370,52324,27001,2533,2789,1621,1549,2572,2164,2813,901,2117,3754,5876,2670,6227,3904,2036,938,1264,675,873,795,1701,2789,1363,946,549,1127,1027,1033,1367,2726,3194,1503,839,1466,1477,474,599,891,877,669,2983,2011,821,816,764,767,457,404,579,760,1567,649,602,504,1072,423,632,565,3730,1447,630,804,1656,916,425,531,416,1036,583,789,839,1228,709,450,838,4773,5525,2195,694,2671,1754,753,469,573,935,486,788,683,2686,1930,1234,727,545,1119,2251,1232,797,557,878,584,1644,709,1752,1373,817,711,626,560,1861,1736,1443,3617,1997,1152,1081,1763,916,6209,3015,1813,1360,5146,4299,1115,3033,2586,11705,3530,3527,2695,5502,3197,5845,57869,29134,134032,28815,48651,107635,78348,39569,15271,1772,16851,20958,12325,26627,57998,61329,36198,14023,9618,79275,49159,240869,296486,298751,182897,72545,24440,12820,25382,37381,65171,109629,133444,84033,52527,40018,211357,356618,263231,407166,378832,290461,174613,83169,40685,24630,27333,23080,31204,28426,18976,11669,61435,137528,143156,79442,83340,31958,24682,18627,9995,10510,5504,12162,9357,11296,6429,6216,5728,4525,4082,3793,5961,3733,3899,2936,3774,2853,3052,2283,2034,3078,2629,3414,2470,2388,2696,2393,11807,6650,2046,3678,1823,1551,2078,1594,1833,2199,6199,4279,7788,3371,1888,1919,1445,1666,1184,1633,1621,4150,1580,1621,4581,2670,1312,985,19196,3286,1918,4036,5823,1834,2073,1657,1096,1120,1012,1079,1986,1620,2945,3085,1781,1452,1187,1084,1108,927,11268,14512,7800,3603,1382,895,1749,1311,1001,1454,1041,1102,928,1157,970,1283,1063,930,11268,9627,6971,1724,1281,1545,1536,1171,1085,8794,6994,6058,3386,3869,2492,1316,1001,1213,1390,1124,1362,35227,37256,25118,13679,4109,2223,12965,12784,8947,3799,2465,1715,2564,2304,1592,1563,1582,1066,1403,8067,8588,8276,4094,1876,1366,1654,1803,26886,28775,19069,12851,3577,2837,1563,1538,1225,1867,1347,1328,1268,1312,1259,1787,1742,1546,1388,1509,2217,1414,1069,1039,1145,954,1444,1135,1045,915,829,1577,1833,1011,1265,1261,1553,1379,960,842,753,646,870,623,777,740,855,522,758,628,453,544,504,410,488,613,423,521,515,452,478,456,552,446,525,315,398,348,358,350,339,341,453,373,631,467,333,450,290,290,419,301,356,346,305,394,382,610,471,387,412,459,445,360,496,374,361,293,336,460,425,405,310,411,331,406,519,498,488,510,393,487,352,600,426,462,393,401,392,300,330,393,442,518,457,317,232,330,335,255,346,407,226,531,430,273,303,331,261,389,330,350,436,359,443,472,414,477,368,447,301,382,291,257,346,426,273,415,551,741,412,488,446,418,408,463,376,357,309,513,414,477,540,334,548,545,650,575,426,415,514,596,522,390,580,680,615,994,782,446,546,403,1585,1200,1138,669,521,609,529,627,559,442,565,615,435,481,476,409,553,484,509,478,600,609,597,521,454,490,523,527,489,537,368,451,512,503,512,420,466,465,548,540,346,382,432,437,528,530,393,561,430,526,476,445,493,350,582,2222,1030,523,448,355,481,391,423,513,382,465,398,505,429,387,533,529,632,408,520,326,386,425,488,660,412,443,423,377,357,467,427,500,649,421,425,413,334,379,440,474,330,416,402,383,398,391,396,430,542,457,332,463,358,493,572,374,392,345,381,338,440,362,321,372,469,538,445,374,323,432,457,348,413,467,443,335,374,633,466,328,458,416,422,400,367,358,470,345,309,369,469,351,366,395,297,376,380,384,349,339,309,503,372,440,428,344,339,375,472,471,319,429,591,351,410,385,404,419,284,345,276,357,
40.55,228,381,626,1834,122379,6620,382717,641477,13709,1813,443,2743,258897,292372,15607,208088,26281,3210,808,2729,65935,425067,266380,16336,119246,4518,51359,1206,35545,100943,508088,42343,188979,24107,6733,15861,120751,30367,85067,304367,27355,66482,11826,6138,11239,9387,41371,185951,166647,15614,16509,10453,3089,634,21084,56237,160986,71711,7911,15704,5889,4649,766,18992,38624,89496,9675,46095,24454,4372,6727,1780,15896,45685,60462,7656,23935,7542,2663,8218,1069,17906,33382,24217,2753,7828,5396,2212,509585,6589,10693,15609,12459,1590,4737,3460,5571,1056,5674,8741,17833,3363,5630,13857,2809,6330,1588,2888,4410,5117,1486,17758,40132,5631,4209,639,1938,1504,2333,583,6935,3123,62057,11211,53223,2348,14795,34120,5930,48842,2370,6185,1667,1662,2512,5208,3988,1919,43195,85361,115988,21823,7902,7797,2835,801,703,1791,3390,3419,738,41623,5205,7490,1579,7015,3955,1557,2654,1670,4333,2223,1538,719,1853,1746,1806,533,1118,2879,16420,61157,9627,1938,10124,11980,3066,5198,3831,2016,1771,1401,1210,852,2059,585,6372,25989,41036,35767,13378,6859,1403,1007,1029,765,1059,1469,344,63054,12649,1050,469,1204,950,826,907,561,1368,2523,1189,270,913,604,654,1194,651,1043,1359,1289,296,844,1006,1021,513,538,752,947,5831,2537,1985,579,903,489,531,707,1778,7870,2310,2933,1265,617,453,525,612,943,19219,6896,4538,768,516,427,745,737,958,332,870,868,675,551,757,589,625,517,391,1311,1186,2820,1059,720,728,823,565,1533,782,856,3148,1480,5424,1751,546,471,858,797,1095,1417,565,1264,765,808,30059,6902,1512,1038,1067,861,1121,778,666,816,478,540,893,492,2476,1004,5829,1822,9963,2763,1355,1022,587,1318,699,2623,1526,6543,878,613,2281,1721,5009,39265,103151,41934,36904,2602,1335,1934,797,2494,15610,40666,17418,8418,957,2911,1154,21286,116999,279166,107887,261598,29563,4670,597,522,2035,8554,21023,8781,10113,1105,9824,55384,27595,101127,110212,84198,33029,15124,1222,2249,1032,1079,2094,1630,1287,692,1999,3534,4276,2224,3592,3002,1690,704,841,563,486,843,2241,2037,2115,935,758,1245,720,849,1034,2239,3607,1576,914,942,954,431,450,952,586,577,1771,1915,831,480,565,625,397,636,436,735,1421,490,583,433,548,338,547,530,2485,1282,692,578,1180,652,416,457,341,974,408,719,669,1064,560,610,519,4456,3021,757,701,2796,1800,694,415,485,977,766,656,822,2531,1581,1036,627,611,1106,1284,551,848,570,732,578,1857,1243,2235,845,1055,731,625,663,2822,2607,2003,3018,1780,1949,628,1752,1310,7774,2633,1197,1754,7553,5092,1174,3261,2672,22153,5805,3339,2140,8484,5087,8053,127643,68730,201146,51760,78700,126893,94040,46735,18145,2609,36009,36238,18519,29748,61965,64796,35961,13483,14650,109410,74322,260331,305780,298033,175581,62224,20228,19699,31488,40594,65222,98631,106550,66161,31401,45230,209476,325612,232762,334165,272980,167115,90509,85924,44319,26310,18769,15404,16475,12358,9225,10115,42309,86812,68914,41713,37385,20019,16912,11536,6772,5340,3924,8085,8667,8320,4702,4360,3255,3002,2636,2295,3305,2500,2648,2584,3590,2275,2244,2000,1742,1936,2040,2390,1856,1891,2008,1821,11475,5518,1911,4924,2472,1141,1929,1599,2088,1899,5287,3151,8876,3408,2292,1959,1569,1338,1189,1363,1276,3606,1994,1962,4898,2991,1472,1046,4649,1903,1622,2683,3139,1186,1671,1547,1107,1140,1041,968,1855,1839,3410,2556,1386,1119,1205,1264,802,758,17865,19078,10144,5187,1407,880,1326,1266,926,1314,1023,1018,1017,960,905,1041,1176,951,16023,15062,8487,2068,1091,1159,1184,957,1264,3610,4123,2515,5875,6138,3646,1153,1241,1220,1341,1288,1774,31442,32859,20436,13401,3377,2061,19052,19440,12094,3385,2022,1363,2777,2128,1682,1328,1323,1274,1163,6836,6312,6305,2825,1986,1536,1484,1198,13581,14397,9579,6072,2582,1605,1349,2178,1292,1162,1068,1091,1145,998,1018,1821,1336,1429,1246,1318,1017,1057,935,878,1092,902,1064,838,901,685,843,607,641,670,854,737,495,698,613,730,558,610,382,480,503,384,623,358,540,408,317,349,345,338,375,395,472,371,529,383,566,543,387,464,289,296,357,402,341,350,388,503,295,299,333,261,449,505,325,306,403,275,314,393,256,564,372,362,363,262,351,310,398,323,305,410,299,276,315,314,314,227,329,244,451,268,313,324,491,293,321,352,356,270,357,325,456,259,319,232,374,287,283,360,221,242,406,273,260,473,351,326,392,231,426,330,291,493,358,440,258,318,312,352,338,248,246,475,361,334,365,400,496,371,349,678,327,263,426,633,298,319,394,394,345,367,423,299,408,483,527,417,331,409,561,366,298,464,455,539,412,466,354,430,408,490,508,430,605,329,362,407,1023,767,485,528,510,440,477,323,542,633,555,505,570,423,587,502,420,279,448,483,373,429,417,366,444,424,353,391,507,409,404,351,406,363,383,325,442,431,486,363,295,274,442,439,404,361,385,416,349,385,334,408,378,403,472,1978,1293,300,447,391,344,390,461,331,424,287,419,316,373,259,509,448,592,371,415,379,373,403,491,340,392,525,374,397,309,429,454,507,480,468,332,362,373,295,391,362,387,330,301,339,294,326,366,433,362,311,394,432,414,352,549,354,536,374,445,355,458,353,301,581,375,382,540,369,283,304,306,363,333,309,339,436,306,348,391,295,308,403,263,455,427,395,296,381,467,269,354,351,471,324,276,317,298,357,378,295,265,317,338,401,298,287,452,349,484,257,225,295,376,237,321,302,400,219,420,422,285,279,
40.37,227,409,701,1617,116627,5528,346135,606880,13782,2850,426,931,252456,287658,14886,193662,21777,2509,436,2796,62857,395168,257941,18369,117807,3792,48510,871,37633,104711,500390,38874,177415,22989,7656,16359,111095,29374,94805,298663,22936,70397,10635,7013,8716,9690,47286,184340,158328,12794,16622,10506,3173,823,19096,57076,152607,73773,8410,18342,4590,4686,612,14981,38063,88547,9823,42736,19650,2806,5937,1218,15456,42562,57029,7055,20713,8510,2192,7892,1650,19211,36551,20733,3090,7703,5487,2044,598406,6272,10747,16375,12148,2978,5194,4165,5317,1066,5219,5964,16016,3607,6180,15611,2606,7413,1929,2503,3049,6971,1250,17909,38980,4744,2957,685,2957,932,2136,823,4753,2346,48654,9203,50711,2587,12315,30056,7205,40983,1593,5428,1717,1245,2360,3547,4506,2019,43215,77116,108902,20279,8688,5729,2706,682,913,2233,3780,1963,855,40366,6958,7961,1659,4422,4630,2896,2280,1897,4374,1642,2483,654,1636,868,1929,1207,1988,2977,18870,56245,10378,1518,9860,11561,2535,3480,3557,2169,2589,2124,1553,1238,2614,867,7293,26464,34417,33983,12107,9055,1340,500,617,1132,947,1457,497,67458,12447,1708,497,1193,790,1346,1137,552,1334,2605,1177,467,829,726,972,561,677,917,1497,809,423,646,827,1013,477,726,772,1043,3865,2349,1661,579,856,536,973,830,2012,8909,3164,2354,833,483,432,655,817,1293,18254,6237,4856,891,753,334,665,956,756,294,1158,1032,1026,606,457,604,792,1153,623,1030,1331,1953,1119,620,843,560,482,1937,750,1050,2203,1404,2803,1018,612,419,1314,613,958,1049,559,796,626,661,20890,4412,1201,873,1277,777,1351,950,541,478,722,453,823,366,2587,1297,8070,2643,14148,2204,1196,1114,569,915,991,3185,1233,7568,882,1232,3340,2209,6031,46613,105679,45564,35427,2500,2407,1737,734,2351,14500,42081,17517,7720,1084,1750,1284,24167,122357,256965,100636,230950,19483,3344,678,485,1815,8563,18433,8756,8071,870,9397,51349,26017,89997,95720,63970,24976,8643,1034,2054,1534,1148,1490,1840,1168,495,2723,3079,3624,1341,3198,1895,1577,951,833,649,586,575,2036,1405,1002,804,563,854,734,747,1043,3325,4145,2484,731,776,1268,399,421,563,769,849,1384,2198,634,615,771,567,593,514,652,687,1094,498,556,342,586,306,422,502,3437,1143,777,718,577,389,353,518,427,661,362,603,800,1162,631,692,818,4015,1412,710,516,2381,1842,962,390,525,745,807,1170,724,2363,2144,726,707,630,1003,1868,752,869,548,836,946,1691,1229,1637,1729,843,844,604,985,2946,2105,1541,3626,1890,1718,961,3365,1589,10967,3291,1334,3702,15208,9405,1426,3236,3277,47465,9373,3915,3622,8310,6976,13930,218801,134725,292252,81692,111665,151720,105108,50075,18294,4897,52081,51119,26982,34555,66508,66494,35683,17618,22215,134514,89102,274484,304067,283938,166804,50672,30246,24540,27603,38838,62971,90414,82197,49246,27100,45455,202762,294517,213240,290113,216148,124932,62499,92513,44155,26257,13846,9823,16413,10254,8514,8728,48074,64649,50634,27885,22855,17793,13283,8550,4536,4298,3523,6385,7013,6502,4131,3570,2965,2657,2256,2634,2581,2580,2755,2352,3063,2295,2330,1590,2371,2083,1510,2030,1722,2231,2638,2144,10324,5352,2198,5531,3064,1383,1634,1706,1829,1677,4721,2683,10323,4349,2389,2254,1735,1148,979,1831,1134,2993,1312,1608,4900,3695,1606,1191,2162,1026,1199,1722,2130,1405,1656,1444,1120,1551,1103,1182,2884,1632,3813,2745,1362,1155,1304,1092,956,1027,20901,22780,14525,6482,1596,1017,1109,1378,1092,1460,1423,1175,1195,1351,970,1587,1010,1169,20902,16849,11993,3316,1678,1116,1333,1284,1158,2326,2190,2049,6008,6703,4462,1460,1404,1099,950,1431,1402,23262,25632,17764,11162,3366,1860,23526,24168,13008,4217,1773,1891,2354,2215,1428,1546,1365,1322,1130,5502,5718,4997,2631,1720,1290,1733,1070,7191,9397,5786,3973,2040,1182,1674,1642,1055,1356,976,1181,1042,1175,1284,1364,1084,1313,1044,1021,845,845,755,1034,885,1118,1471,690,866,737,727,704,504,824,736,727,620,656,581,530,580,442,426,432,527,669,577,356,476,440,523,282,536,335,379,388,345,490,499,720,287,497,397,347,437,269,350,423,254,405,350,391,276,386,396,277,349,255,382,452,240,447,402,372,374,348,342,284,320,208,279,247,327,430,182,610,371,215,367,204,464,263,468,234,372,381,304,248,400,387,353,420,296,197,215,311,366,229,273,333,400,208,414,365,298,335,422,282,306,265,267,334,330,289,314,378,224,340,359,299,264,461,370,444,342,353,291,292,366,351,246,537,477,464,402,344,318,377,455,715,432,380,482,359,332,262,441,588,488,378,393,455,518,541,350,542,362,665,457,433,431,663,606,530,451,506,403,409,438,642,459,514,572,680,397,346,420,404,330,655,464,398,354,374,374,445,372,337,442,313,441,310,408,352,466,334,503,383,395,374,307,472,346,372,352,473,387,468,302,470,317,333,349,403,355,320,356,410,486,417,307,311,371,402,279,542,655,2276,1007,481,355,393,358,462,346,407,368,405,490,427,335,350,371,518,548,385,420,349,418,435,347,259,324,401,329,426,289,310,511,300,380,320,456,472,322,446,326,349,322,371,391,391,378,282,433,260,465,447,402,319,363,539,420,372,290,269,436,316,355,294,331,387,265,392,436,305,350,353,222,290,280,414,320,391,344,394,339,505,391,287,313,281,302,504,339,341,319,480,524,320,349,328,317,395,359,264,323,245,420,238,291,440,282,314,441,367,448,270,331,340,383,457,382,446,383,297,322,476,315,325,
40.19,226,451,466,1850,112287,7333,347140,592333,13985,2567,537,1653,242966,276734,12919,199865,25419,4146,1043,3863,62532,412003,249813,16955,112048,4688,51268,1086,32900,103212,487360,35444,173699,22106,7214,17334,110975,29769,94816,298983,24355,62025,12091,5980,10220,10337,42289,187922,155197,13887,15732,11691,3474,1201,22810,49666,153640,73924,10392,16784,5206,3564,905,16646,39658,86502,10631,40313,23506,3024,5902,861,18353,44956,54170,6968,22172,8963,2981,7426,1083,19332,31697,19991,3390,8123,5053,2102,839875,9655,11323,14749,11245,2272,6201,3866,8165,1347,4982,8322,15423,2582,5406,15699,3139,9451,3074,2845,3516,5718,1822,20331,40545,5300,3989,856,3450,1111,2477,633,6335,3266,48614,9232,47857,3183,14799,29560,7450,36853,2240,4983,1148,2077,3756,4048,4550,1929,46266,76132,95784,15772,10273,6915,3311,629,1453,1768,4957,2455,943,39964,6695,8708,1515,4304,3356,2635,2641,1904,3310,1281,3450,807,2491,1180,1581,663,1678,2814,19878,54090,11005,1659,10179,10023,2794,3205,3754,2127,2227,1316,1917,910,1695,638,9456,25574,30817,40284,11159,8101,1423,753,1008,977,1210,2012,741,63325,13578,1417,626,995,1394,983,1453,668,1221,3429,1282,492,779,978,760,1229,567,1324,1489,1010,597,882,1217,1527,783,636,1120,1093,4626,1797,1690,743,979,467,1031,827,3930,8363,3453,1634,1345,849,387,806,935,960,15437,6475,4446,926,726,562,1291,887,898,634,1049,1042,853,537,645,730,533,1024,425,1290,1443,2859,1412,774,850,789,754,3459,946,868,2438,1751,1835,855,835,418,1089,804,1250,1353,696,841,719,1548,11620,2655,1397,1184,1062,1698,2149,1305,868,883,706,639,889,540,3509,1690,16580,5890,16155,2336,1088,1161,685,825,1240,4456,2220,7986,787,1080,2386,2468,9252,62638,113010,45242,33147,2260,2286,1795,1126,2502,18614,36906,15647,5637,873,3220,1555,27778,124517,232321,89999,186194,17915,3545,1449,850,2377,8062,12321,6474,6263,1490,9180,50620,23708,81856,77884,47541,17782,6275,1084,1913,1261,1003,1651,1267,1172,761,2766,2555,3857,1624,2689,2262,2087,990,954,735,505,611,2019,2299,1470,951,841,799,1084,1037,1741,4343,11858,4560,1628,1710,1485,542,465,744,1702,1292,1886,2668,930,604,698,697,631,812,802,1010,2008,1096,657,673,991,470,722,838,3599,1046,635,566,484,452,358,633,394,1477,431,1021,831,1356,784,651,647,3902,1560,678,640,2289,1400,1027,436,362,1744,799,873,902,2491,1659,868,939,671,1077,3305,1180,1217,781,1241,945,1827,1042,1706,2211,2030,996,625,1752,4199,2370,2154,4073,2051,1925,1864,4268,1880,39018,7599,3259,13901,36290,18983,3140,12375,6628,138051,31575,10233,9113,15368,8368,82316,415507,288963,497889,147906,177033,183422,118476,59265,21047,12496,103905,89846,48112,44242,69660,64830,58156,29771,32056,177371,113545,277582,305789,266094,151463,42845,48153,38282,32625,37453,59339,79015,63528,35567,18398,48996,184532,267636,184442,242617,161246,91434,38911,84045,41334,24704,11131,7938,17747,9156,15461,9663,44726,40282,29340,18074,15798,15492,10537,7159,3470,5636,3485,4968,4915,4985,3905,3643,2812,2094,3279,2074,2235,2756,2513,3537,3788,3666,2122,1824,3874,2538,1904,1887,1973,2124,2117,1924,8862,5401,5062,8773,4641,1741,1469,1822,1512,1952,4209,2491,8841,5584,2616,3322,1383,1344,1433,1306,1210,2130,1876,2091,5608,3309,1733,1354,2486,1633,1527,1515,1336,1342,1962,1357,1092,1163,1466,1544,2782,2735,3511,2236,1214,1178,982,1320,1133,940,27817,28800,15869,10314,1578,1510,1141,1381,1505,1514,1514,1225,2011,2641,1494,1466,1557,1257,23177,22975,15455,3607,1490,1438,1335,1811,1442,1658,2389,2085,8743,10351,5479,1789,1324,1667,1467,2060,1677,19555,20983,11487,7931,4029,2528,26372,27570,18157,5240,2360,1631,2079,2177,1658,1749,1669,1356,1473,3187,4542,4348,2165,1908,1830,1348,1285,3769,5143,3918,2421,1832,1657,1488,2323,1410,1449,1544,1301,961,1085,1085,1546,1377,1596,1197,1158,996,678,1088,702,887,1081,1049,609,917,739,586,662,702,614,638,580,596,506,980,563,472,537,462,492,639,643,604,485,718,701,600,524,341,437,365,347,553,408,431,617,533,407,405,475,310,284,430,426,494,411,368,455,340,463,336,503,520,465,497,407,501,424,428,262,446,343,446,230,418,410,421,358,582,371,322,411,534,400,339,313,351,282,360,510,415,475,414,483,502,466,362,361,295,406,381,522,417,369,361,484,346,388,283,427,365,422,433,290,439,536,385,355,316,377,414,357,404,394,522,340,560,289,396,452,377,443,481,546,420,375,346,485,504,547,493,406,370,501,732,635,469,536,604,345,454,564,435,442,476,509,485,572,347,518,482,565,548,562,479,463,439,401,521,512,436,465,557,510,559,602,459,530,617,576,481,620,547,556,478,434,459,448,391,480,413,442,557,389,391,489,385,370,543,589,379,555,405,500,450,450,475,390,328,491,496,388,503,406,410,706,388,435,505,436,348,427,420,408,447,447,450,440,420,400,406,533,386,2513,1057,487,313,591,347,586,453,546,459,519,378,409,317,394,397,455,508,330,435,357,430,381,422,446,321,448,491,319,378,374,312,393,470,481,420,408,358,459,486,505,325,381,438,531,431,480,404,302,412,377,320,417,375,620,512,438,322,502,412,316,379,509,344,433,337,337,378,343,385,448,556,373,551,435,308,381,418,470,430,303,461,471,395,455,338,373,450,388,554,418,372,484,354,406,373,433,393,352,345,399,445,381,321,478,278,399,390,372,456,352,508,295,567,434,433,380,309,308,373,371,362,346,
40.02,225,407,520,1055,104024,5607,322108,527620,15883,2356,422,1360,226904,261451,15247,184072,24793,4023,1219,2641,65042,369936,218903,16008,97433,4687,51040,1030,30534,92963,444377,34579,156793,21842,6691,16330,104411,26657,91132,272498,22680,54541,9363,6884,9770,10526,40468,164371,140723,12957,15172,8772,2636,562,20387,50934,131781,62614,7452,15664,4066,3270,644,14086,32571,78911,8575,36354,18746,3618,4869,397,14235,40746,52097,7569,17206,8538,2509,5579,690,17796,30246,19432,2414,6773,4251,2051,1081008,11553,9273,14607,10980,1634,4595,4401,8697,1296,4059,6526,11954,2801,5264,11208,2785,10680,1073,2279,3186,5887,831,18792,28367,4524,3757,430,2376,833,2514,381,5122,2721,54281,12390,36934,2520,12732,26664,4488,30681,2025,4528,1065,1632,2611,4286,3864,1586,40670,62530,68045,12741,9977,4339,3447,490,1096,1389,3019,1687,819,30409,5616,8307,1503,3955,2283,2283,2469,1612,2078,1712,3769,1379,1773,1172,794,957,1222,3946,20042,40430,7236,1199,8621,7202,2023,2963,2016,1181,1615,929,1777,761,1681,494,6112,21054,22460,30265,9837,5913,1620,491,787,713,1434,1427,428,58395,10159,1481,520,1141,1123,1077,1100,576,1857,2462,1056,417,588,796,705,1441,597,1133,1271,1439,600,603,593,1451,368,720,1067,1040,3683,1539,1702,584,652,326,834,698,5507,5823,2074,2057,1244,660,371,521,1508,1145,12785,4654,2597,653,587,400,757,802,603,430,1590,710,755,504,502,601,763,819,500,952,1535,1645,832,553,675,775,556,4289,873,1220,1890,1282,1367,682,481,454,1105,690,863,1262,508,872,739,1759,3556,848,1512,879,765,1139,2218,1435,1109,749,579,810,775,361,3730,2716,18878,7338,18554,2176,1044,1520,751,866,1128,4174,2129,7383,871,878,3327,2343,11627,70801,113276,47445,27199,1977,1957,1601,757,2720,15520,29425,12874,4472,992,3250,1601,26335,104606,186792,70983,112716,9401,1579,1981,692,3073,5044,8115,3060,3471,1941,7606,34878,17485,57121,47892,23737,9516,3920,648,1772,1040,1324,1033,1396,1027,653,1906,2836,2234,935,1991,3318,3629,1205,1510,850,704,803,2053,3479,1717,1411,511,847,511,912,1966,7820,14660,8019,1646,665,1204,440,503,681,2533,1260,3213,2755,1031,627,718,812,477,1036,710,923,821,762,445,692,725,713,777,671,2284,1540,852,384,456,474,355,487,495,881,650,652,1086,964,553,585,651,2550,1605,420,614,1974,1439,686,585,403,1265,664,655,688,1473,1272,946,817,745,1340,6695,1627,1570,969,1073,1311,2203,990,1401,4285,3300,1985,692,2025,3316,3151,2126,4470,1629,2104,1068,5219,3371,74260,17925,6353,27270,49953,27050,4547,27781,15742,189293,52629,15746,12552,17534,10070,161950,508513,347203,597724,178778,196522,193371,119155,56808,31075,17140,122852,97607,57173,49752,65627,51362,69953,40289,38390,189428,122989,267702,261805,206488,116173,35382,57261,38510,26659,24497,42876,47747,28779,50695,26012,38791,143538,184949,123833,144026,68825,66854,32426,56086,34694,19256,6040,5332,11968,8087,16494,11351,32232,15904,12833,9559,7341,7317,4993,12805,7158,8237,3613,4108,4344,3246,2380,2639,2279,2063,4533,2321,1920,2731,2251,4734,3876,2695,2197,1967,4577,3115,1400,2062,2733,1970,1421,1501,3761,2879,5339,9156,4768,1212,1732,1430,1328,1186,2122,2043,7020,3677,2140,3043,1832,1286,1315,1175,1138,2073,1216,1368,3495,1960,1299,1232,2852,3683,3074,2082,1124,1242,1316,1324,1087,944,1600,1274,2936,3164,3813,2000,1014,1117,1014,1263,1075,908,26385,25414,16010,8027,2173,1578,1490,1697,1443,1216,1258,1059,3346,2579,2182,1485,1420,1437,22569,25567,15102,5045,1743,1428,1293,1566,1487,1803,2420,1780,8515,9018,5402,2509,1125,1340,1366,1759,1535,7467,8952,5107,3845,1926,1913,24287,23059,12939,4351,1970,1544,1781,1868,1572,1336,1311,1122,1278,1849,2017,1688,1695,1707,1531,1380,904,1138,1168,1096,1568,1093,1124,1365,1330,868,1079,892,748,911,736,732,1286,668,1038,969,640,714,513,621,580,641,563,583,545,707,512,311,451,460,493,382,439,337,515,810,995,345,338,327,458,422,316,310,352,724,928,501,334,458,366,493,239,353,363,368,342,454,294,377,526,287,435,264,352,343,368,325,374,288,348,320,224,302,534,368,313,263,267,349,334,387,356,314,499,300,329,283,257,227,311,279,339,451,263,259,259,291,383,343,246,378,255,197,235,411,455,326,449,392,357,286,225,303,331,389,390,384,241,352,373,275,444,295,364,603,323,301,254,391,547,365,306,315,409,493,305,385,569,364,494,314,416,283,359,441,367,331,418,519,432,419,453,481,487,675,572,411,526,561,474,374,382,413,431,416,353,546,437,439,320,562,387,418,465,579,394,389,342,399,576,379,449,355,570,417,789,537,482,515,395,404,401,478,366,417,330,298,360,512,451,434,494,317,295,345,266,298,359,266,385,273,305,270,481,506,341,325,290,353,280,398,425,379,432,283,408,416,431,349,520,359,326,332,302,333,401,372,526,293,457,329,395,357,1549,652,362,417,408,356,299,375,288,380,515,224,335,305,425,344,445,422,473,331,368,262,415,342,502,409,526,336,361,381,277,415,323,344,312,440,312,330,275,374,265,388,337,270,416,388,378,381,392,322,279,326,339,268,528,441,337,286,335,338,335,541,298,378,297,326,385,398,405,308,290,202,294,389,347,421,303,373,429,283,438,259,368,306,327,280,298,371,365,292,396,397,309,269,360,416,437,373,409,264,186,327,388,296,375,308,427,261,312,307,382,538,440,347,349,434,390,241,364,302,422,361,454,
39.84,224,399,596,1632,99991,4540,317544,528571,19860,3152,545,1465,221550,250188,12882,169909,20946,3711,797,2302,57771,328819,214768,15157,111704,6727,48907,985,28408,89734,401507,30836,148495,18606,7997,15415,105328,21907,81458,257261,22429,55844,9045,7039,7253,12543,37065,144815,138438,13548,23975,9727,2534,718,22800,40184,137723,63649,8208,14414,4209,2948,686,13494,35221,63638,9835,35922,17045,2891,3647,664,15998,37149,45285,5408,17602,7037,2469,4405,1309,16735,26001,17591,2714,6637,4994,2366,1700883,15992,7898,13013,10650,1690,4547,4396,10568,1980,3447,6090,11705,3084,5426,8898,3361,13182,2069,2197,3373,6136,1287,21236,23357,4112,4689,916,2834,1541,1819,833,5249,3482,78630,19176,33386,1944,10809,26570,5162,20721,2007,3817,2478,1829,3655,2809,4485,1593,38405,60160,52987,9077,10117,4057,3389,560,899,1606,2680,1470,1269,28887,4904,9753,2408,2874,2188,2140,1877,1990,2263,1583,2542,1381,3867,1130,1205,955,1534,2827,16878,38558,7804,1272,9103,6903,2923,2631,2078,1655,1800,1309,1874,748,1391,1031,7832,20481,17892,25309,7940,5486,1759,818,1184,949,1226,1300,658,49147,8751,1436,601,1363,1146,938,1181,772,1857,3147,1112,388,710,641,783,1230,603,1276,2043,1458,591,787,931,1220,1071,705,1329,1370,3850,1493,1585,773,807,459,1178,814,6980,4126,2640,1703,1961,665,525,1089,1253,959,8919,5037,2781,1137,739,562,710,724,1174,533,1551,1009,834,944,597,515,833,855,455,1146,1589,1531,1358,640,1267,904,787,7026,1048,1394,1970,969,1321,885,658,521,975,789,1103,1150,689,1171,1037,3270,2419,1121,1442,899,1369,1966,2408,1580,973,1112,1369,929,802,566,3132,6158,29412,11755,22361,1760,894,2268,508,929,751,6007,2284,8648,1075,881,2851,3015,16858,77740,108461,43009,22627,1628,2177,1536,863,3254,15310,26081,11888,3519,1219,6086,2452,25348,101818,157121,55910,80377,7475,1622,2152,1651,2211,4788,6089,2614,2198,1508,7352,28460,15039,47009,40073,17281,6742,2868,912,1732,841,2219,1357,2112,853,655,1813,2297,2204,1474,2220,7921,7932,4278,2246,1067,382,796,2091,6387,2925,1694,563,858,938,1691,3835,17362,24247,10756,3551,1648,1572,575,835,874,4020,2033,3973,2727,958,786,1052,688,564,1562,927,1137,1932,1281,615,1032,928,729,667,653,3131,1845,622,623,946,929,457,449,558,1022,700,563,1423,1047,596,564,713,2940,1536,796,671,1905,1055,758,620,555,1063,1500,734,834,1464,1288,1169,1013,975,1118,21788,2788,1295,865,1464,1640,2183,1220,2546,3945,8308,4079,1187,2629,3131,4038,3063,5755,2297,2529,1981,28560,12394,165051,48817,19043,62008,68233,41026,6834,121118,69194,290696,92351,27333,19966,23125,24337,324098,693643,466177,752930,231287,234737,204667,128132,55768,50931,33773,130061,102920,57759,51093,61464,68001,87473,51292,53481,187540,125602,256061,240498,165465,96481,46984,57735,38413,22157,19899,34317,35838,26463,102798,53805,42359,108012,143012,88153,102345,41319,53345,32594,44245,28339,16356,5296,5513,13711,7492,16470,11512,24366,10960,8458,6972,5562,4975,3300,29907,15601,16303,3419,3174,4484,2797,2404,2826,2475,2238,5974,6920,3678,2838,2145,5198,3447,2842,1990,1735,5481,3004,1940,3090,4653,3413,1778,1670,3007,2527,6148,9262,4691,1370,2552,1493,1556,1839,1769,1689,4361,3675,2436,3604,1566,1467,1736,1235,964,1780,1225,1665,2397,2079,1217,1113,3640,8202,8277,6344,1444,1215,1570,1453,1092,1206,1806,1373,2654,3869,5704,2488,1392,1542,1511,1652,1281,1223,23986,25353,15500,7950,2205,1469,1634,1798,1245,1920,1642,1440,4888,4635,3110,1730,1670,1706,25503,26538,26759,10035,2536,2075,1616,1745,1533,2320,2952,2256,7762,8034,4567,2118,2109,1951,1772,1984,1631,4207,5123,2356,2752,2011,2134,19864,23296,11836,3489,2269,1740,2153,1786,1552,1380,1677,1234,1265,1208,1750,1918,1906,1698,1590,1555,813,1193,1171,990,1154,1372,855,1153,1158,957,1187,1132,899,604,687,931,875,588,963,827,735,698,506,535,531,535,501,475,606,1266,514,317,449,483,433,565,507,414,427,1538,705,623,482,422,482,411,454,467,385,733,875,441,421,270,464,327,358,695,478,499,601,438,362,290,406,311,327,414,312,395,386,399,387,408,455,526,386,510,307,390,372,403,431,390,330,464,487,341,579,500,329,335,376,501,323,335,466,400,383,322,389,378,443,374,285,420,436,277,374,357,388,348,323,477,340,387,396,322,328,407,357,327,421,393,352,469,434,356,378,343,449,427,550,423,487,375,441,554,402,451,500,524,423,367,435,453,491,411,423,453,540,636,503,511,448,454,492,624,732,648,626,507,441,611,585,428,592,458,474,481,490,540,452,489,559,534,533,652,450,473,509,502,467,436,540,395,630,416,439,354,536,450,519,693,539,426,415,605,442,379,468,398,442,390,669,442,478,516,367,435,498,563,427,383,437,346,382,497,441,431,572,512,494,475,418,404,357,452,407,412,608,522,339,407,430,570,483,425,376,400,515,334,526,255,429,382,552,494,1183,640,392,370,565,433,336,287,519,357,387,395,273,380,505,405,435,554,453,438,457,442,393,506,373,435,362,381,378,504,320,562,410,413,469,495,373,463,410,392,347,412,413,346,370,411,381,422,330,594,483,393,377,408,556,584,498,381,369,453,301,363,478,456,401,349,471,273,487,600,374,363,407,314,651,378,406,481,389,425,350,584,387,334,330,545,297,539,452,464,423,601,383,472,362,360,319,429,455,360,386,575,381,421,369,423,412,422,414,369,416,460,274,320,352,525,292,374,357,350,676,361,317,
39.66,223,441,583,1643,90604,6401,276778,529644,33777,2790,660,1322,183733,212282,11037,149794,13408,2746,1097,2718,49958,292669,178540,10443,152096,9039,45233,679,23053,74146,363056,29081,128413,17150,7286,14794,110495,23564,70347,220070,18088,51361,8664,7355,7537,10916,31561,131690,123858,10951,33290,7629,1877,875,20919,36736,116450,55640,6462,12319,4426,2476,746,12255,28928,58360,6336,27802,15710,2843,3059,613,12017,32265,38045,4654,13171,7049,1710,4074,1558,15866,21673,14558,2914,4480,4854,3190,2115446,27169,8799,11063,9108,2101,4638,2838,10483,1546,2414,4145,8129,2376,4612,7262,3820,11215,1933,1546,2707,4878,831,19185,16468,3777,3484,463,3158,1363,1167,700,3325,2743,87768,21022,27136,1248,9212,18231,3762,14738,1658,3049,3071,2033,2435,3165,3402,1006,29467,46400,37057,7223,7196,2451,2477,616,757,1639,2070,1693,1020,20097,4207,9239,2048,1891,1712,1616,2079,1310,2642,1140,2087,2213,1796,1087,859,672,1197,2567,17396,26025,5480,1434,6467,6474,1466,1676,1028,1612,1870,1007,2578,706,1441,360,5822,15219,13866,17214,6358,5411,1263,537,458,1029,1166,1067,514,38890,6933,1096,521,778,791,928,930,640,1054,2800,1172,360,776,443,613,771,457,878,2193,1025,511,745,728,1007,655,668,1071,2116,2292,1011,1764,646,939,516,844,965,4966,3927,1093,1038,1755,492,449,765,877,852,5928,2870,2041,842,621,501,883,1067,970,520,965,657,718,897,573,661,700,867,438,1151,1915,1265,679,782,922,458,468,4611,831,1230,1014,679,1563,836,551,482,770,861,1754,1541,736,1164,1008,4028,1709,789,1467,1181,2130,1748,2566,1650,918,895,762,823,1205,523,2781,6853,35508,11289,23080,2114,900,1822,838,789,1153,5562,3120,6863,653,864,2539,2460,17225,78344,93754,40037,17853,1362,1931,802,643,2966,11204,14382,6826,2179,1339,5582,1948,22976,74807,104209,38215,49226,3277,1024,1397,1435,2416,2959,3437,1480,911,735,5440,22406,11586,28466,22952,12487,4708,1900,790,1284,829,2253,1318,2313,650,829,972,1881,2391,739,2462,13229,11962,5540,2132,1288,651,1108,2587,9736,5406,1679,782,1189,790,1446,6017,22723,31209,14297,3826,1504,1731,514,458,1144,4093,1835,3919,1770,916,886,855,1084,810,743,657,726,2922,1322,750,1375,576,507,566,489,2255,1550,633,583,822,702,641,604,518,700,483,567,777,721,1014,581,678,3397,1221,884,653,1643,1935,540,488,671,799,2303,779,649,1725,1321,1498,1257,983,1436,33975,4895,1570,979,2080,1903,1530,1172,2687,2998,9800,5121,1470,2918,6845,4475,3075,6002,3272,3291,1796,56897,26321,213211,72557,27122,87672,81825,47856,10479,187657,110460,343138,110119,35616,21530,22251,39539,382151,771088,498417,778857,248224,239905,205183,124169,55163,52912,39792,119382,81945,51471,46831,48836,83143,95228,63013,48961,168481,111634,210388,167525,91690,83989,49766,51392,28665,16627,11115,18353,27195,32704,133382,72148,52934,93206,82768,39921,35921,19047,31746,18535,19039,19160,14045,4624,4795,18927,11755,13199,8085,10288,4235,3250,3444,3572,3370,2260,38687,19952,18900,3513,5347,5057,2539,2070,2008,2144,2522,6423,9680,4900,3480,2128,3809,3176,1886,1867,1445,4493,3308,2115,3069,6222,3576,1472,2185,1478,2387,4515,4905,3090,1569,2053,1617,1288,1468,1547,1213,1854,1826,1622,2482,1424,1245,1927,1536,1288,2232,1094,1409,1788,1407,1098,1068,2212,12359,10728,6932,1544,1016,1164,1093,1394,1360,1015,1214,1756,7613,8541,4753,2646,1902,1662,1509,1429,1347,18980,19200,11063,4840,1832,1587,1345,1535,1284,1563,1369,1560,5173,4735,3264,1662,1832,1721,34566,34992,36741,15594,4144,2125,1857,1291,2185,1841,2217,2616,4213,4731,3152,1540,1586,1641,1896,1481,1738,1682,1728,1584,1947,1682,1643,10621,10639,6926,1987,1854,1664,1670,1581,1324,1458,1076,1095,1235,1101,1055,1036,1255,1486,1157,1346,684,1065,992,823,767,892,929,1101,1111,529,826,789,667,569,501,495,935,533,706,472,478,513,436,422,429,404,622,421,363,933,490,358,340,505,319,444,462,449,278,1366,834,431,313,474,444,420,400,382,475,425,715,403,443,264,513,384,351,249,323,370,255,224,325,273,336,349,355,315,353,346,265,247,302,297,330,261,446,367,356,349,305,363,349,263,237,370,733,442,333,408,255,459,289,211,346,215,362,301,335,258,276,299,412,309,376,250,354,355,349,308,349,316,313,383,439,376,358,353,474,397,413,304,312,324,467,485,442,576,378,354,419,512,418,448,609,317,554,367,366,349,377,353,360,312,348,426,578,472,567,565,414,445,393,520,550,329,470,494,300,468,477,525,580,483,364,501,429,404,348,534,438,451,358,352,350,393,478,366,444,532,425,373,691,296,440,417,303,484,383,342,455,473,357,525,383,546,487,374,339,418,390,411,450,344,503,484,325,255,289,262,256,267,352,458,377,483,282,362,443,442,335,370,324,268,394,397,320,394,375,343,651,332,396,482,362,373,387,316,544,351,399,387,371,439,329,340,416,249,1104,559,421,380,305,345,386,342,364,361,388,262,425,359,299,529,408,332,316,347,381,456,300,392,325,283,272,312,347,313,375,331,299,355,390,382,281,288,320,419,263,350,371,428,351,424,387,321,412,329,424,364,287,468,553,401,366,272,460,286,402,311,311,353,336,363,339,375,300,274,424,405,297,380,327,310,216,357,334,324,315,329,386,508,305,324,367,393,351,258,412,343,237,332,368,458,391,282,365,341,425,271,317,265,287,331,330,283,396,381,376,382,365,331,393,399,426,424,243,370,402,277,247,
39.48,222,451,559,1164,82608,4775,260364,548543,56885,2956,516,1267,179324,199709,12128,140514,16297,2989,859,1733,43902,265502,167784,10040,286048,17901,50126,1823,22412,67794,329422,24308,120672,16729,7419,16827,133323,19015,61164,204774,15438,44996,7859,6434,6423,14512,28400,119545,113880,11721,70394,6693,2088,870,30537,34398,101546,51970,5030,10863,4794,3231,615,11959,25288,55504,7699,27522,13325,2896,3783,704,14273,30087,34003,5005,12231,5760,2315,5051,937,13410,19629,12602,2696,4643,6579,3581,2980875,44541,6268,11000,8971,1324,4346,4045,12045,2105,2543,3777,7284,2300,4660,8297,4320,16275,3217,1643,3163,4121,1362,18809,15558,3615,2746,993,3810,1238,1654,1015,3417,2661,83675,18861,21203,2180,8133,17069,3709,14210,1647,2584,7277,1921,3232,2455,2145,1202,27303,39839,66596,5746,5626,2726,2905,615,1227,1238,2247,2653,1087,20371,5448,11596,1576,2102,1546,1375,1895,2191,2856,1175,1721,2958,2105,1443,1320,710,1242,2638,14844,21427,5156,1200,5674,5705,1783,1841,1457,1683,1868,568,2639,1245,1386,549,5410,14422,12025,18121,12855,4365,1166,914,992,892,1791,1365,622,31085,5938,1369,649,1368,833,1058,1107,706,2223,3229,1170,446,745,673,1025,1034,567,986,2765,1307,544,736,773,1705,626,869,935,1189,2525,1429,1854,511,833,380,1017,1088,5102,4355,1985,1685,1398,603,586,853,1202,954,6825,2428,1640,1452,598,490,1008,1022,1011,581,1661,788,752,832,697,689,906,1228,554,1118,1775,1564,869,979,1139,875,831,3562,1022,1111,1150,571,2175,1011,603,686,848,928,2362,1495,548,1011,1965,7077,2983,1276,1019,964,3087,2878,3749,2585,1232,1004,798,1031,1466,614,2893,12641,42744,15330,23595,2063,970,1825,1024,912,1794,5557,2623,5900,753,923,3100,2498,19203,73843,89446,32075,14013,1378,1520,856,713,2850,10831,12742,5495,2266,1787,10840,2568,19913,59745,80334,31479,36444,3207,1316,1779,1018,1627,2607,1977,901,877,1343,5397,16352,7980,23567,15785,13331,4418,3650,779,958,1342,3428,2109,3730,956,629,1395,1409,2690,1056,5113,24864,18043,8744,2954,1541,1126,635,4748,16457,7073,2670,931,1109,701,1761,10584,30378,34501,15539,5156,1381,1506,538,1243,1919,5206,2699,3778,1218,931,1772,1771,1997,1319,1026,595,933,4354,1672,750,1058,795,412,536,750,3612,1031,561,650,838,484,386,567,619,948,688,644,676,587,737,716,794,3291,2007,637,830,2821,1651,912,878,664,1677,9565,1609,831,1792,1511,2324,1500,725,1949,50095,6853,2896,953,6898,3143,3605,1229,3512,11436,13636,6661,1929,2860,30828,10305,4194,8633,5639,7262,4940,161910,85960,316766,118333,57997,128641,97287,56477,28091,302769,202214,431179,132254,45114,26635,24600,94084,467337,834920,538413,768381,252846,241253,195100,116424,75823,78632,39847,112229,65101,39614,55708,84722,135777,95608,154709,95947,177476,95935,175251,131106,71189,77718,47594,44408,21308,15377,9199,13971,36257,36903,146559,81719,51852,75613,60849,30187,21389,16183,20134,12475,10827,15056,10585,4486,4571,26414,14181,12583,5737,7931,3174,2513,3114,3147,3719,4612,46366,23882,17662,3423,10203,7046,3354,2357,2063,2252,2869,5453,13841,6976,4389,3032,4825,2420,1927,2502,1744,3801,2966,2681,3399,8955,5197,1876,2652,1887,1733,3742,3163,2096,1293,2871,1541,1499,1493,1715,1345,1483,1682,1292,1953,1429,1278,1330,1294,1290,2310,1605,1059,1522,1437,1462,1340,1625,18456,13156,9128,2929,1678,1313,1532,2183,1532,1579,2017,1563,20003,22490,11487,7482,1602,1761,3181,2744,2315,14584,15271,8068,4993,2452,1806,1567,1874,1653,1605,1705,1708,5229,4751,2682,2246,2462,1836,48264,47718,46290,19834,5607,3297,2182,1844,2096,2654,2174,2637,4159,3426,1940,2353,2012,1873,1811,2055,1611,1838,2021,1719,2180,1849,1842,7015,6123,4245,1497,2119,1466,1847,1423,1413,1348,1472,1215,1173,917,969,832,1162,1148,1377,1042,960,1144,766,738,763,784,676,634,763,519,792,809,650,623,458,562,640,596,507,646,624,698,482,562,479,537,527,427,466,1652,610,412,366,308,528,455,455,442,442,1024,583,487,329,392,328,315,367,661,435,463,587,351,560,375,481,308,424,414,437,425,314,403,417,357,360,394,312,303,351,334,383,408,288,454,340,341,248,331,313,381,283,348,366,325,316,366,349,379,474,378,401,303,334,400,454,443,467,340,452,353,339,373,408,438,400,481,484,372,448,488,447,479,389,421,413,623,435,501,361,421,465,388,392,654,491,429,487,561,445,541,556,541,572,564,432,590,499,706,456,592,538,626,613,498,628,577,428,567,520,563,481,492,558,613,411,563,524,502,560,594,480,587,625,476,604,490,436,582,527,481,570,634,583,390,482,500,531,545,425,339,477,515,469,501,512,512,407,470,409,473,517,383,521,636,483,554,497,329,586,437,520,426,555,510,429,434,442,439,457,433,424,385,427,424,429,483,519,433,489,428,367,409,393,387,413,347,459,458,465,457,556,570,384,466,364,322,388,370,489,566,403,405,407,406,362,375,405,415,1375,634,424,349,436,535,613,349,449,403,345,448,307,420,413,293,441,441,315,452,367,341,315,432,343,307,377,391,403,422,439,427,370,381,470,333,325,427,409,352,526,435,336,484,409,409,341,357,491,419,523,328,422,373,444,484,357,271,508,287,588,343,454,576,404,425,395,415,360,398,280,387,466,377,460,399,400,431,353,388,317,365,316,431,399,403,356,441,393,405,369,457,612,453,334,448,430,507,377,391,315,444,376,463,450,320,373,356,362,350,460,523,300,485,467,378,390,329,446,436,413,385,379,
39.31,221,401,618,1558,73006,3993,226792,542053,83315,1795,470,1361,140847,167110,10994,131108,12497,2678,1552,1446,39807,232444,137873,7872,373091,19778,50137,931,19376,55223,290179,22081,103245,16806,7587,14129,148565,16354,58353,169190,13621,38330,8377,5886,5492,11209,23992,104078,100946,10496,95322,9340,1693,586,39237,28668,82997,43030,5531,9819,3681,3074,561,8267,30060,46149,5448,22053,10644,3143,2074,689,10715,24538,28502,5042,11501,4267,1430,4142,611,9539,14960,9204,1699,4195,4489,3663,3396895,54697,4981,8476,10372,2072,3649,4525,11661,1274,2268,3655,6450,2221,3776,7655,3310,15930,1839,2148,2019,3238,585,16545,19029,2803,2552,452,3233,960,1248,540,2210,1816,79120,19700,16192,1448,5586,12124,2242,10696,1159,2412,8804,2347,4185,1826,1367,869,20726,30970,88274,4811,6398,2711,2419,646,842,866,1375,2682,1404,24753,3766,9562,1894,1761,982,1588,1541,1076,2980,1184,1626,2567,2094,1074,1036,834,1398,2749,12213,18255,3081,815,4328,4380,1301,1267,1114,1615,1399,802,2451,634,920,383,2738,9384,7867,17347,21603,3817,1931,799,1032,926,1432,935,416,32669,6361,1104,482,1355,885,798,1291,1358,1436,2276,673,514,810,629,863,1056,577,871,2300,942,402,668,618,905,626,1191,970,1526,2578,1441,1391,574,1062,519,601,734,3341,4614,2234,1566,942,366,307,573,932,642,6006,2151,1716,1350,728,452,769,754,1044,504,1342,715,628,1154,657,615,874,1074,650,1329,1253,1688,738,973,927,642,932,1602,628,1717,1778,752,2422,997,657,534,1030,1258,975,1359,769,718,2409,8468,1950,963,845,1064,2434,1868,2200,1608,1571,1115,814,648,1045,709,2465,11996,45351,16963,21780,1974,895,1821,607,835,1762,5544,2480,3692,520,797,3289,3422,21105,63940,62342,25177,9965,745,955,815,566,2096,6288,6363,3246,1408,1975,9539,2123,15254,37694,47748,18334,20610,1946,1146,1866,1165,1428,1375,1304,1192,746,920,3136,9598,4825,14191,12394,16194,7035,4536,773,1921,1636,3969,1423,2703,655,1075,988,1518,2583,1417,6549,25921,18031,7666,2835,916,757,700,8768,18965,10786,3382,964,1026,499,1933,16200,34911,32194,15410,5049,1012,1183,748,976,1932,4510,2205,2361,608,896,3215,2726,3398,1651,886,741,492,5117,2977,748,796,565,439,767,650,2766,1008,471,568,850,1139,373,1054,615,884,428,598,640,761,859,901,898,3000,1686,758,697,2796,1109,997,622,570,2054,15271,1476,921,2191,2124,2384,1494,1094,2363,51768,8343,3590,927,16396,7168,6317,1565,4092,17618,11539,5430,2904,2646,57957,14511,5728,9522,8536,9519,8056,227249,126028,370129,141691,73891,141364,109378,59330,44623,342535,233999,449416,132915,45872,28793,37132,118828,482363,822793,531643,696945,229281,221199,170489,98706,81720,87986,42134,78239,35105,23511,57078,145436,183049,107190,194714,135580,180026,92528,127482,62227,50335,62590,31678,24642,10392,21974,11960,16459,36643,33056,137541,71396,39995,37225,27367,13112,7786,5935,8729,5855,3683,17414,6970,5185,5751,24886,13836,10585,2953,4968,2020,2068,1982,2371,2924,5719,40190,21599,13660,4519,13803,5739,2336,2134,2030,1687,2262,3450,10914,6711,5229,3607,2292,1609,1768,2201,1521,2671,2723,2675,3274,7880,5993,1743,3541,2354,1251,1728,1509,1665,1380,2498,1436,1156,1626,1703,1164,1901,1286,1178,1774,1497,1272,893,1546,1279,2405,1894,1633,1512,1256,1478,1227,1544,20329,15455,10279,3225,2041,1590,1667,1724,1671,1122,1408,1277,27250,27042,15558,8160,2099,1761,5393,5929,3352,9913,9858,5502,3100,1913,2132,1746,1853,1603,1696,1825,1588,3959,3567,3024,2199,1683,1858,47018,49711,48706,20682,6357,3327,2303,2485,1874,2066,2521,1817,1870,1728,1371,2267,2510,1689,1733,1559,1286,1718,1371,1233,1230,1974,1486,2343,2158,1360,1034,1546,1378,1251,940,1118,1284,1024,987,854,844,743,645,976,778,851,669,514,880,600,616,489,450,384,522,574,385,453,520,435,380,485,467,436,423,368,557,621,303,465,335,339,424,421,364,359,820,628,391,315,357,378,386,299,258,275,639,418,436,226,449,352,297,288,538,369,403,322,333,402,389,297,281,381,311,349,283,320,384,305,356,373,452,419,267,340,252,485,307,300,456,202,350,347,474,464,322,436,453,242,303,419,262,293,315,365,273,341,205,258,334,439,289,359,442,386,395,350,437,296,503,318,360,371,307,390,692,375,377,439,393,403,430,407,558,415,370,455,389,447,428,531,309,580,536,489,359,375,413,665,433,625,449,509,551,501,420,557,522,522,508,523,485,493,495,464,371,443,463,420,478,338,360,492,374,414,374,454,396,633,471,508,293,490,439,421,450,396,458,329,368,387,345,406,438,341,357,330,397,381,438,415,393,370,452,568,334,440,345,257,700,390,397,390,385,395,341,371,387,283,344,438,328,408,288,333,374,423,345,466,234,363,338,426,409,360,462,312,383,285,409,313,334,435,370,271,281,574,519,390,310,399,289,489,288,347,285,493,227,275,359,285,470,371,349,1230,568,534,377,425,421,549,593,272,312,299,306,518,536,450,424,340,384,433,391,298,366,351,276,406,346,449,399,386,337,457,360,458,379,385,278,306,280,404,320,500,337,373,391,323,361,409,479,262,261,510,413,376,313,851,611,351,297,279,293,306,343,285,387,403,461,384,368,323,441,257,319,372,287,364,353,445,360,317,299,458,332,350,327,340,262,322,320,435,349,323,473,440,488,303,296,347,354,383,429,418,272,248,357,388,292,342,364,328,600,433,379,348,364,346,273,353,265,406,456,300,439,235,
39.13,220,425,708,1430,68801,4635,219381,504118,126897,3100,527,1022,133063,171013,8867,122476,17153,4308,966,2257,32300,211932,129240,9410,548198,34132,47999,1627,16681,56477,253650,19956,92892,14473,7511,16168,174383,15128,51051,157019,12456,34948,8063,7802,5009,17436,20832,95448,90396,7983,143993,6047,2433,741,86872,25053,77048,46903,5335,8344,3901,2446,640,11191,40920,40019,6302,21944,9647,3077,3101,670,9806,20819,27848,3733,18419,4410,2089,4427,885,8992,14292,10773,1874,3729,5389,6174,4098452,80875,5078,8844,7764,1547,5296,3840,12653,1558,2618,3877,8191,2450,3553,12828,4508,13876,2812,1406,2181,3857,765,14450,29826,4484,2020,826,2672,1055,1827,497,2319,2393,67649,15319,13817,1875,6378,11738,2498,8292,1217,3433,15166,2742,3171,2087,1589,972,17939,27034,130152,4980,7900,2836,2913,816,1034,1173,1877,3833,2549,34217,6659,9110,2000,952,1529,1556,2194,1157,2619,1557,1443,2873,1415,658,1321,767,1596,2542,11440,15441,3292,1022,4073,3944,1187,1581,1639,1535,2849,1292,2420,630,1059,458,2990,9489,9230,23986,26296,5302,1822,791,971,974,1785,1091,736,41698,8819,1781,649,1325,1030,1294,1308,2019,1653,2912,693,436,695,803,930,981,933,1255,1796,1054,511,1264,1298,1522,572,1763,1138,1644,4310,1560,1643,607,709,352,1131,1097,2303,6725,3516,2402,1835,778,492,974,1190,884,7417,3695,2322,1709,689,738,1139,1277,1263,512,1707,1312,725,984,652,634,742,919,421,1022,1834,2306,1466,673,1116,1089,1050,1568,1098,1044,2054,1287,3724,1540,797,408,1185,907,1475,1625,830,1193,4611,11761,3728,1128,1005,820,3067,2542,2333,1730,1926,1565,890,942,1556,634,2655,19374,47654,18531,18368,1896,988,1571,737,980,1913,4440,2500,3179,853,1048,3095,2741,16931,57008,51595,21879,7852,859,1079,809,852,1897,4593,3668,1699,1606,2192,10909,2030,12653,28289,39760,12972,16802,1772,811,1029,1254,2090,1164,825,730,906,626,2165,8125,3959,10877,11302,28605,12767,5478,757,1413,1853,3799,1964,2724,1041,1068,1260,2158,3529,3952,11453,26910,18879,6754,3056,1921,1248,1154,14259,22307,12594,3702,788,1948,658,3229,21762,41269,33277,14820,3610,1232,1251,685,1526,1865,3572,1715,1844,971,873,5855,2939,4272,2246,1030,693,803,6961,2917,925,836,615,808,869,1022,2529,1365,836,609,1065,689,541,1095,860,1323,596,728,602,694,915,749,6710,5740,2144,842,944,3161,1898,1150,859,1014,3611,29253,3417,1174,2880,2736,2474,1852,1504,3629,46977,9516,4069,3467,64960,33455,18915,3393,7663,41208,22544,4426,8672,5880,114923,28536,10143,14376,20623,20415,26548,337685,207234,456816,162741,127746,164872,144863,76922,78313,375682,263569,458510,130766,44285,26612,73286,180319,479653,802000,519222,607948,204148,199545,148229,103996,81371,92053,41689,59462,28015,19708,59459,255202,277922,151315,254719,193315,177404,83981,107031,39136,39698,44580,25590,18195,8604,25400,14321,17105,35262,28115,114606,62221,30885,27901,13906,8059,5376,5026,5823,5121,3693,23322,7497,4291,9104,24680,14264,11292,2688,6058,2428,1911,4099,2557,3079,8602,32259,17153,8458,8312,12909,6168,2679,2046,1872,1734,2693,3069,10821,5839,5200,4281,3085,1982,1931,1663,1407,3257,2159,2390,2980,6514,4305,1593,4136,2932,1245,2412,2718,2577,1232,2164,1533,1912,2088,2138,3716,2887,1621,1178,1708,1752,1480,1231,1461,2010,2793,2249,1669,1936,1526,1569,1350,1483,20147,14761,10512,3871,2173,1869,1828,1600,2193,1667,2238,2448,37207,35325,22701,11834,2504,2288,15231,16244,8542,8594,8647,5047,2857,2170,2226,1816,1854,1906,2028,1720,2354,3309,2993,2638,2850,2060,2295,45187,44265,47543,18085,5567,3541,2443,2617,2159,1755,3005,2125,1671,1492,1916,2282,1973,1606,1690,1525,1289,1149,1343,1268,1434,1657,1749,1286,1344,800,1255,1566,900,1066,812,976,1052,894,732,879,698,807,780,672,675,580,806,485,560,633,524,525,521,556,687,636,571,804,519,509,470,465,498,400,579,328,481,629,391,358,352,343,417,510,288,349,824,604,396,430,281,389,399,340,325,366,441,371,346,308,340,425,355,355,308,362,366,413,431,358,391,315,424,268,432,271,391,501,452,495,353,334,462,357,346,520,368,280,470,328,830,382,777,460,675,563,393,376,399,475,517,401,473,511,288,497,332,373,433,469,500,622,369,543,546,544,439,543,537,605,493,679,485,567,486,518,606,502,623,581,433,554,431,564,568,636,427,555,593,627,498,610,522,676,465,622,623,737,427,542,385,697,628,452,752,590,598,605,610,531,642,561,474,484,526,469,540,464,590,478,521,454,422,543,482,588,593,570,502,549,549,429,411,460,529,378,456,540,480,473,340,483,510,354,502,396,518,332,454,509,476,416,404,662,434,460,498,390,415,457,811,528,546,530,355,491,453,482,482,487,290,477,432,322,380,434,434,461,560,556,513,439,465,454,412,299,347,560,348,333,349,437,401,517,396,410,424,467,416,340,348,386,461,393,519,400,431,384,343,365,385,360,450,415,368,1058,510,537,395,419,407,316,342,403,393,404,453,398,469,398,430,374,442,411,504,368,447,414,452,550,424,388,349,329,346,383,443,356,454,397,330,360,605,382,521,388,362,421,342,423,358,502,351,536,432,487,446,435,334,463,398,399,407,337,458,375,394,402,430,410,393,422,336,520,380,443,414,360,433,606,551,339,405,491,366,475,437,359,386,449,584,399,458,357,570,679,331,453,424,485,382,535,359,496,389,503,483,447,399,366,446,412,442,409,335,373,462,350,462,397,395,336,471,432,407,450,370,389,
38.95,219,377,411,784,53866,2972,185954,486291,136668,2058,392,1055,96007,143966,8536,108119,18491,3066,597,2026,30786,171026,106719,8878,609372,31659,47223,1552,14682,45937,223982,16454,84157,13367,6220,14908,184106,15717,43943,142162,12429,30584,8597,4976,5429,22722,20689,75124,75156,7572,159572,5816,2011,557,120917,21819,58923,33760,4414,7377,4445,1858,597,13705,46640,30305,3970,18825,7336,3097,3739,665,7145,17508,19828,2534,21227,3717,1725,4336,517,7610,10583,8991,1500,4850,5437,6155,4425833,83932,4656,6557,8338,1331,4110,4442,12682,1853,1988,3541,7425,2394,2875,13491,4195,11418,1967,1538,1933,2597,512,12263,32142,4220,1368,483,3827,1126,1346,477,1701,1720,56393,11330,10838,1545,3978,8984,2131,7154,970,4606,17616,3737,4207,2093,1437,1124,12888,17945,147611,3774,9074,2888,3029,378,625,986,1490,3860,2763,40431,9767,8237,2107,1319,1420,1934,1564,1226,2990,1384,1092,2296,1756,613,1056,952,761,1995,8596,13366,3223,1532,3094,2459,693,775,1214,1269,2092,939,2191,483,840,430,2606,6760,7835,26915,26904,6339,1526,799,684,711,987,1045,885,52857,10496,1499,590,1488,771,867,1061,1742,1551,3304,1172,307,524,707,1064,984,380,866,1949,734,582,839,1324,1306,389,1967,1109,1449,3776,2415,1698,445,795,416,1121,895,3620,7045,3821,2866,1252,475,308,704,1254,721,9254,3609,2654,1147,493,403,759,1264,1139,470,1434,916,864,1298,693,718,698,1076,532,1086,1938,2491,866,942,988,1253,872,751,1037,1014,2643,933,3795,1137,624,493,913,1005,1289,1971,708,1456,5462,10167,3204,873,1027,913,4449,1505,2448,1883,2146,1726,595,1428,1626,541,3181,19788,45883,17477,14052,1728,623,1115,410,987,1318,4243,2184,2006,789,963,2634,3006,15188,40183,34917,13130,4987,970,862,503,684,1050,2479,1532,938,1040,1738,8578,1841,6550,18011,23076,10155,12513,1305,1426,802,1246,1676,751,768,718,687,862,2175,4500,2314,8871,9927,33254,13588,5237,1022,1180,2290,4055,1749,2320,1095,756,1035,1917,3236,5794,12854,27693,14333,4451,2461,744,1026,2007,17526,20557,11436,3256,642,1343,739,4306,24667,39296,23328,9965,2683,1156,1225,1014,1136,1783,2363,2043,1817,779,978,6937,3231,4049,2046,759,471,792,6648,2264,1453,442,577,835,609,1013,2760,1084,780,809,836,824,415,2008,925,1000,421,900,563,579,889,1111,11246,7852,3335,864,610,3362,1973,1350,1078,1462,4431,33099,3353,1234,2163,2788,2548,1967,1429,3059,29809,8746,6717,7442,101657,50319,30470,3805,11878,52055,30536,5274,14600,11575,139758,37522,10828,16225,34911,22658,39073,382288,237207,484067,170430,146448,172330,192053,113525,92414,376268,259797,429265,109006,38272,23646,81995,296751,441850,687138,445637,409891,141445,147038,93080,106867,76424,84201,32289,27862,25761,19272,58933,310395,306200,162431,270359,200234,126778,56242,55003,16111,24722,22765,11389,8478,8075,24682,13403,14588,23084,18087,61104,33833,17097,9754,5179,3607,3381,3078,5809,7909,4895,24990,5699,3114,9814,17939,10735,8901,2038,7073,2259,2147,5298,3582,3598,7786,15600,7728,4602,8767,12056,5473,2355,1736,1557,1681,1697,1673,5357,3751,3696,3640,2903,1996,1844,1442,1561,1352,1852,1515,1979,3093,2831,1422,4091,2355,1202,4923,4762,4142,1181,1775,1406,1488,1892,2014,6111,4626,3493,967,1562,1690,1767,1421,1581,1951,1964,1747,2709,2507,1654,1771,1429,1703,15034,12278,8717,3751,2223,2212,1635,1530,1426,1619,2470,2410,39084,38010,21719,12669,3205,2483,22431,21839,13026,7354,6307,3727,2337,2154,2125,2121,1743,1538,1757,1986,2646,2612,2698,1922,2188,2002,1456,34118,36358,34193,13704,3729,2880,2461,2241,1634,1749,1989,1653,1442,1478,1631,2036,1450,2183,1581,1461,991,1084,1221,1020,1113,1599,1786,904,1003,782,1117,1216,691,719,518,639,876,806,654,656,626,432,697,904,519,654,468,429,639,341,660,490,362,375,781,323,271,417,395,400,329,445,362,419,347,205,291,864,514,300,306,528,338,436,282,324,268,320,502,249,342,351,458,220,337,268,402,356,252,336,461,388,374,466,419,417,321,356,290,261,362,339,336,376,339,243,388,350,488,355,401,347,314,552,417,432,322,488,285,352,851,495,1084,473,883,442,472,486,346,320,411,447,363,353,486,473,522,426,422,529,447,637,605,544,343,482,434,596,742,496,517,546,596,423,354,404,498,609,477,491,552,416,759,507,513,624,491,549,447,665,510,464,513,478,605,679,511,609,453,399,495,425,456,362,395,413,542,552,468,359,318,393,537,473,632,434,517,423,456,398,451,428,431,344,386,391,510,631,489,339,412,353,393,362,484,395,324,665,586,402,442,394,390,455,698,344,303,434,379,411,463,319,346,318,442,390,292,363,505,412,550,429,420,345,498,492,376,296,352,363,353,347,456,387,314,385,272,570,313,324,367,394,335,334,330,309,425,449,348,427,496,292,329,370,405,309,369,441,554,353,239,253,354,328,462,389,413,293,295,424,441,439,298,374,403,1230,475,585,331,379,359,388,331,396,313,304,354,460,290,349,348,415,302,342,391,354,438,627,319,449,445,420,378,307,401,310,373,288,394,492,361,381,424,447,398,369,341,402,368,454,415,499,454,420,275,382,351,546,379,313,428,355,440,251,404,280,413,431,299,288,379,373,558,380,280,418,350,302,403,436,328,447,376,398,429,326,422,502,388,291,474,524,329,346,310,468,562,489,491,398,388,351,451,362,330,397,410,440,464,287,473,288,349,400,425,495,452,459,281,339,488,388,423,337,550,372,377,291,
38.77,218,547,520,1122,54469,5088,189211,471946,169269,2617,442,1277,99333,132593,8953,100863,23219,3801,1318,2284,30046,153824,102440,8033,739124,38950,49915,2917,14872,40698,203787,15667,79611,13904,7487,16763,199311,12605,40472,131139,10601,33271,8021,7101,4195,43519,19115,71693,74748,6889,190056,5641,2110,834,187372,21985,56397,31801,4422,8637,3336,2311,552,20333,69119,31009,4386,20292,8735,3159,3292,918,7672,14830,20559,3496,26237,3775,2727,2757,910,6537,11982,8648,1526,4529,5318,8250,5004744,99642,6123,6786,11317,2217,3995,4169,11276,1548,1570,3589,7972,2084,2714,16252,5044,11765,1776,1756,2561,2262,885,9783,36925,5102,1234,554,3012,1232,1684,659,1411,1887,45350,9891,9547,1344,3486,7619,1585,6121,1646,7233,20634,4068,4493,2955,1038,797,20357,17533,159579,4530,11654,4072,3039,850,741,1433,1146,3467,3325,47235,12421,8110,2343,1440,1995,1909,2101,1170,3548,1182,1113,2391,1851,1251,994,711,1201,2017,6842,10970,3057,1128,2575,3943,1010,1003,1499,1876,3646,1252,3316,829,1064,546,2262,6895,8301,35380,27516,8197,2193,1007,595,949,1674,1157,1317,63822,13233,1817,754,1326,944,1087,1178,1672,2918,2895,1256,446,900,557,1011,1499,574,1350,2749,1485,660,1578,1285,1080,519,2461,1704,1569,4962,1968,1796,609,873,621,946,1104,4881,10043,4420,2458,1314,674,479,1210,1503,842,9863,4240,2943,1230,639,710,962,1254,1214,800,1673,993,1210,787,868,751,889,1176,664,1786,2703,2795,1139,914,1232,1967,1525,905,1375,1250,2313,1155,3568,1152,1062,695,1499,682,1964,1579,1050,1703,10238,13750,5539,1115,1190,1099,4612,2142,3515,2485,1679,1228,1093,1064,1288,733,5184,19775,46901,15048,13581,1765,1002,2086,952,1152,1779,2648,1822,2009,840,1261,2894,3387,13241,34468,24304,10241,4609,990,1016,810,705,1375,1835,1542,771,1230,1938,9320,1401,5404,15253,18200,7498,15610,2610,672,821,1907,2235,1016,1063,1024,1119,878,2351,3484,2158,9079,12670,40601,16766,7033,1180,1708,2855,7077,2774,2039,1372,1237,940,1863,4176,9619,14897,21333,12120,5488,2001,975,1849,2218,21140,21546,11338,3420,692,2200,2118,7458,24492,35949,19476,8679,2017,1971,1681,888,1163,1159,1873,1245,2148,900,807,7159,3364,4066,1715,1045,688,651,6113,2929,1032,633,705,4022,2205,1512,2523,1164,669,944,1578,1009,483,15115,6545,1746,640,1239,891,1432,1356,891,31117,13960,11610,1493,908,2912,2373,1867,2597,2212,5069,34078,4421,1830,2277,5680,3735,3355,1910,5476,19565,7133,15024,24087,158269,89721,59981,8768,29466,77371,49179,6247,30513,31049,181373,48694,16052,22818,77709,40279,54950,408116,288179,497140,174120,166889,173138,234470,196918,109671,365749,251454,374406,94084,33266,98186,214549,564543,407508,600187,387906,315514,108002,116025,66823,102546,64716,75103,29228,27474,22511,15726,111926,346501,304740,161149,261638,182151,90393,41805,37260,10100,18772,15420,9781,5472,13155,22218,13214,12775,17057,13742,39889,22911,10020,4416,3540,2936,2698,2850,10409,11453,10328,19238,5999,3731,12418,19929,10232,7749,2060,8240,2312,2160,11745,7406,3611,6995,10350,4754,3736,7849,9064,3336,3614,2227,1648,1884,1629,1635,4006,2352,2896,4493,2571,1837,1583,1899,2048,1442,1470,1884,1887,2250,2012,1511,3733,2928,1252,14669,14161,9827,3057,1920,1509,1894,2065,2114,15074,12329,7067,1769,1990,1567,2779,1352,1965,2694,2131,2131,4567,4164,2225,1854,1910,2093,13655,10255,7579,3296,2479,1999,2172,1797,2034,1966,2965,2004,36791,36162,19968,13101,3360,2821,31660,31708,17636,6254,5157,3502,2587,2613,2008,2090,2518,1863,2325,2639,2654,2365,2591,2789,2880,1909,1881,26760,27033,25076,9720,3633,2916,2152,2693,1738,1436,2024,1970,1243,1697,1710,1978,1618,1484,1580,1282,1327,993,969,1095,1293,1101,1234,1089,863,664,874,761,779,1515,618,654,722,851,495,469,433,513,499,1007,832,554,546,450,501,450,367,456,482,331,690,670,420,478,351,461,375,355,433,604,352,465,639,503,424,365,499,376,291,502,461,305,452,379,490,331,496,369,428,470,352,441,499,361,478,364,516,469,350,496,331,534,323,235,286,348,353,228,691,360,416,315,374,364,328,433,765,518,834,575,626,901,647,659,696,651,1857,946,1745,1167,1497,1215,723,649,606,806,521,417,534,535,534,744,618,666,687,808,851,859,823,587,668,539,836,693,511,765,772,746,652,1044,707,531,640,710,818,717,639,749,672,698,811,602,530,682,659,697,635,595,724,429,467,514,638,507,567,727,437,661,611,462,515,467,463,409,468,374,721,488,434,465,453,752,604,556,465,407,604,402,563,566,458,415,601,499,489,431,368,423,403,416,357,516,385,567,420,526,461,330,434,508,390,367,499,443,435,397,481,427,582,373,405,424,568,540,447,392,472,704,556,436,421,414,409,397,485,363,419,338,519,651,421,418,397,495,411,458,385,465,352,476,399,487,335,385,356,364,409,547,383,409,377,301,489,529,516,273,433,349,376,381,527,405,408,422,352,322,362,363,400,386,495,1292,705,336,356,362,508,332,454,493,389,365,427,442,546,428,356,429,468,416,418,363,398,393,461,447,308,383,451,396,426,409,398,565,357,405,440,522,384,375,302,442,410,405,475,308,299,446,325,481,385,396,399,483,416,647,479,440,374,410,392,436,429,353,419,331,359,381,574,365,450,453,442,512,558,635,509,498,456,665,439,485,540,415,563,450,349,391,392,360,668,573,555,717,737,570,561,485,420,361,474,426,506,466,402,409,471,428,424,525,447,399,347,444,336,442,356,406,349,453,471,381,353,379,
38.59,217,354,476,943,49370,4878,173368,453085,179707,3413,409,516,86375,119324,6591,97632,28409,2559,1293,1182,22495,137849,87771,6125,824582,37123,45206,2231,14699,35974,177792,12595,60367,16804,6472,21944,205549,11798,31622,107977,9808,29304,7712,4825,4817,66226,14340,65283,63374,5548,195281,5944,2077,866,225754,18509,47985,29822,2887,6541,2526,2006,718,19773,79717,25255,4156,14329,5741,2856,2136,806,6251,15252,14632,2765,26843,2692,3238,2567,599,6603,9916,6692,1178,3703,4595,8886,5240578,104008,4949,5769,7092,1317,3499,4645,11561,1399,1623,3132,7038,1889,2287,14688,4099,9337,1287,1393,1308,1758,776,8636,36968,4048,1305,498,2637,977,1042,486,1386,1934,37565,9191,6960,1210,2719,5059,802,5767,955,7948,19112,4594,4137,2538,1171,821,24177,13611,174032,4735,12907,3315,3424,971,1047,820,1334,1677,2335,47608,15120,5072,2325,1354,1323,999,1657,928,2211,2105,1043,1315,2646,687,741,718,1402,1719,5536,10593,3052,1097,1853,2463,675,1118,1274,1558,2993,770,1639,554,712,552,2364,6685,7003,35659,18334,8738,1486,584,838,1056,1169,823,1672,62894,11225,1654,730,1437,813,1200,2127,1859,2935,3390,1209,352,729,756,1245,1203,631,1467,2075,1792,370,1103,888,935,433,1601,1234,1546,5029,1847,1607,626,786,314,1169,834,6619,9057,4126,2161,1568,867,466,681,1258,999,10355,4264,2449,1344,592,441,1110,1033,1036,392,1957,824,812,1112,608,723,682,1131,633,1350,1955,2036,1397,998,1023,2723,1608,941,1159,1038,1688,1299,3150,1374,793,655,1305,947,1440,1354,931,2094,11156,14535,4999,1172,1026,778,3896,3201,4557,3354,1515,1129,802,1094,1274,789,3283,21053,32745,11515,8298,1492,677,2084,722,973,1460,1521,1219,954,670,912,2485,2708,7214,18287,18942,6767,3074,791,1166,724,517,776,858,1159,472,1298,1118,5479,1074,2885,7473,16035,6591,18017,2136,740,771,1656,1566,860,1031,794,1725,619,2383,3294,1851,9060,12244,38795,18323,6331,744,801,2336,6311,4176,988,1180,800,889,2693,4317,13045,15505,18396,9384,4553,2365,1005,2356,2374,19796,17535,7427,2469,814,2938,2477,9814,20957,24100,13234,5020,1492,1568,1607,513,792,1122,1498,880,2194,1189,638,5396,2917,2297,1179,657,685,596,4529,2191,786,559,1159,6238,3218,1789,3793,1147,721,613,2799,1692,449,34924,15110,3701,550,1079,804,1616,1096,976,36951,18737,22271,2952,819,2767,4186,2407,4675,1592,3866,27227,4856,2258,2172,8024,7060,4623,2716,9736,5603,3271,22577,43557,182315,104437,75451,10009,43180,87960,54688,7080,40369,45062,191610,48650,18777,25584,98275,49942,59198,400307,406462,489170,202012,176969,159630,252815,230099,125046,303986,195763,258209,56623,20309,167138,313379,690036,430244,632207,419564,176144,50776,54587,60986,78419,46493,50292,17537,37110,21307,11127,137724,335267,264905,135462,208633,114818,52973,17114,13986,4933,8927,7145,5019,5202,15844,19153,9908,10854,12747,7141,17164,9628,5277,2075,2493,2964,2581,2958,10277,10611,12733,16430,4021,3849,10795,15975,8265,5543,2097,5123,2586,2364,14405,7268,3145,4758,4278,2479,3168,5567,5212,2507,3501,2422,1201,1773,1845,1529,1834,1777,3532,2845,2066,1826,1587,1821,1520,1177,1748,1438,1520,1200,1625,1625,1907,1917,1094,22486,20203,15212,5715,1937,1730,2145,1726,1503,18829,16187,10722,2467,1966,2006,2754,2180,2035,2561,2611,2320,4940,5095,3095,1944,1568,2126,7589,6743,4718,3436,3046,1856,1826,2719,1896,2027,2529,2107,26653,25690,15844,9753,3429,2981,33295,31413,18105,5681,2913,2667,2825,2441,1915,2333,2046,1588,2036,1998,2271,1899,2720,2436,2500,1581,1233,10267,10130,11871,5236,2562,1881,2187,2734,1686,1474,1945,1262,860,1327,1340,1716,1143,1811,1358,1198,1286,876,767,1319,741,912,845,640,712,593,438,982,465,1819,806,414,377,415,332,297,557,353,468,897,616,497,391,299,325,491,444,345,337,322,697,439,386,402,456,380,414,398,380,395,472,345,231,320,289,373,313,432,357,270,267,414,394,290,240,219,398,356,388,239,333,511,292,402,351,457,386,458,342,349,364,264,432,316,380,350,264,348,387,771,793,384,474,630,358,494,619,751,961,586,947,973,799,621,520,1083,2265,851,2643,1351,2145,736,448,627,808,635,509,469,646,667,663,792,767,678,730,618,862,835,905,622,770,742,682,962,937,1064,733,553,608,726,1363,585,681,502,543,496,680,621,701,501,523,590,534,436,587,534,601,641,666,502,480,546,649,509,497,514,582,515,469,377,380,399,511,591,473,363,379,400,364,404,510,474,414,382,574,394,291,492,401,421,401,338,396,425,475,364,350,452,472,341,384,344,337,325,343,461,300,491,359,391,321,359,389,400,455,410,365,518,435,484,265,302,400,354,320,317,475,348,346,362,300,269,465,363,303,440,397,470,344,444,388,278,360,398,495,436,379,331,355,424,558,496,351,290,411,295,330,478,357,417,343,489,377,385,527,458,455,411,337,374,488,255,327,344,447,386,542,307,429,303,354,913,382,343,334,301,374,354,417,312,347,552,361,343,351,542,273,556,291,374,310,316,349,341,382,478,404,411,340,403,361,379,414,356,435,329,282,333,340,309,287,359,333,360,313,498,406,366,461,447,324,240,298,403,332,430,715,340,449,335,374,304,398,447,298,284,490,312,383,331,358,413,518,446,621,487,511,437,383,359,352,440,298,390,335,399,396,347,456,474,322,767,571,462,534,446,422,476,327,419,460,340,372,552,412,444,369,434,350,342,383,463,423,435,439,371,365,323,281,398,333,347,390,306,
38.42,216,342,634,1038,45792,6378,161326,486686,202674,3455,476,1028,78226,107593,7976,101097,31149,3588,2734,1439,19217,125962,88598,5991,927564,51295,51462,5826,12722,38877,167115,15378,61803,17058,7330,37328,233370,15219,32136,105313,10881,27431,7728,8152,7554,106708,14720,60617,53093,6662,218846,4506,2332,2182,325424,24003,42272,26782,4513,6364,3236,2886,432,18526,106500,24120,3567,14729,6530,3030,4141,610,5819,12982,15216,2328,28860,3320,2660,2829,854,5329,8162,8357,1769,4354,6338,7785,5650481,112688,7045,5081,6875,1340,4236,4326,9893,2305,1910,2710,6387,2042,2666,12755,4719,8569,1297,1183,2001,1800,575,6206,32716,4448,1395,584,4091,1868,1357,601,1275,1936,46756,9149,6419,857,2780,5242,798,4641,1606,10202,20123,3412,4789,2573,969,590,23870,11342,172432,4564,12275,4244,4500,715,716,939,1316,3347,3007,44318,15200,4640,1996,1678,1416,1458,2073,792,3806,1260,1243,1998,3931,647,1211,941,1788,2414,4954,13235,2567,1494,1348,2735,817,1081,1411,2227,2655,1238,2477,587,1093,521,1383,5444,9814,33570,19531,8603,1906,685,1009,1069,1607,1127,1332,61582,12668,2340,529,1830,1297,1183,1840,1899,3192,3110,970,435,800,526,1252,1521,554,1584,2622,1793,486,1063,716,1334,439,1163,1598,1943,3668,1904,2272,618,820,585,1057,1034,10061,8142,2788,2105,1848,724,721,1137,1126,1120,8368,5096,2616,1308,610,540,1287,1216,1690,959,2411,1196,1293,1295,816,741,766,1284,436,1895,2718,2121,1103,1013,1502,4007,2178,847,1392,1568,1609,1332,3577,1337,763,685,1200,1537,2082,1481,1169,2158,13016,14390,4539,1863,1138,1517,4482,2422,4660,3017,1212,908,849,1352,1259,653,4748,18427,32431,8957,8874,1972,911,2653,761,935,1319,2070,1425,1335,692,989,1912,2580,6680,14397,14764,6278,3158,1069,861,981,750,873,932,1103,531,1083,1420,3959,988,1445,7772,19104,5689,26344,3185,762,774,1348,2143,1030,1174,1169,1878,504,2706,2570,3448,10890,16158,39203,16268,8061,894,1350,1369,7763,4007,1297,1045,698,966,2938,9843,11734,15807,15232,10525,3747,2268,1315,2200,2953,19588,13361,5867,1384,846,6947,3763,9432,18849,20473,7594,3095,867,2460,2080,634,915,1282,5440,2886,3211,1591,1260,3975,2536,2221,1841,2265,504,765,2469,1663,1113,598,1713,14763,7691,10971,5562,1515,824,1664,3771,2042,963,96823,46760,11111,974,1750,992,2138,1331,1614,39074,21154,44744,5509,1357,3161,21495,10007,19425,3090,3498,21460,10912,5460,3771,19162,20157,13151,4284,30430,7242,4827,24905,63756,213342,134817,93095,12450,80976,107130,65593,29323,53332,94863,196314,51643,24533,28996,112451,159329,85414,473603,678987,521303,267419,166397,143989,270209,259896,142919,259400,161877,196837,37951,32207,321035,507634,843896,529625,701233,460035,187008,39537,35454,53314,63297,35378,38233,14988,44871,31688,15474,149469,309784,223021,114353,165871,80292,36553,11824,8945,5212,6312,5523,3659,9980,20543,16012,7962,10052,12768,7213,16204,9281,4051,2410,2667,2454,2849,2470,12139,11328,16839,11302,3669,4675,9321,12477,6727,4429,1847,4748,3521,4101,15012,7704,2945,2302,5223,2220,2888,2666,3095,2526,3096,2283,1608,1916,2689,2090,1554,1797,2737,2437,1695,1531,1493,1746,1572,1926,2271,1688,1717,1473,2022,1982,2402,2137,1366,40113,34609,26283,9700,2009,1854,2876,2409,1807,24306,18617,10216,2920,2333,2035,2422,2130,2270,4796,4258,4671,6094,6271,3802,2356,2140,2607,5479,3896,3374,3363,2999,2869,2715,2503,2252,2725,2562,2375,17575,20975,11659,7560,3008,3097,27760,33281,15990,4753,2966,2647,3522,2521,2104,2263,2038,1929,2008,1834,2303,1968,2571,2035,2633,1997,1486,6042,5647,5650,2813,1894,1513,1578,2646,1683,1261,2622,1838,954,1105,825,1366,914,1116,1129,812,1072,572,636,2451,558,699,740,599,530,580,401,504,368,2568,766,420,445,542,383,455,533,393,507,1710,493,504,412,452,540,452,467,462,552,447,541,426,433,329,340,404,402,447,427,386,450,429,479,421,378,322,371,344,287,380,303,414,388,297,551,374,429,389,437,312,316,553,380,472,284,381,273,373,297,253,515,305,450,416,448,288,395,371,765,1105,745,862,644,843,883,1014,1415,1189,1643,1218,1324,1186,767,1118,1166,967,2517,1868,3264,2104,2544,1550,771,797,834,1088,855,750,809,665,771,702,771,822,922,1125,680,886,971,819,944,657,802,623,651,890,844,813,1018,1746,2702,1169,750,947,813,579,771,641,577,721,766,663,630,530,655,503,545,548,600,599,593,520,592,560,485,669,603,583,498,650,429,598,410,504,466,392,425,489,529,508,592,482,464,465,407,486,426,577,397,578,638,401,373,488,374,447,553,349,500,420,454,436,479,405,528,543,492,468,535,478,522,576,391,378,388,592,392,616,516,491,348,490,343,432,454,394,457,544,455,343,398,429,399,308,434,378,377,385,402,378,436,357,511,397,477,486,411,423,364,510,482,429,367,363,360,418,382,457,418,441,419,469,488,421,321,344,475,345,443,453,424,397,396,389,352,429,441,397,344,531,476,820,600,457,407,476,344,385,427,438,403,679,545,438,333,312,474,467,511,454,472,367,374,438,408,381,449,383,521,435,564,533,362,455,438,434,421,437,485,379,478,466,374,313,423,388,362,554,373,491,383,332,379,538,466,473,580,420,466,394,455,360,432,407,416,449,562,504,561,464,357,499,448,561,823,672,740,648,399,642,447,559,524,464,426,402,597,615,497,532,409,665,550,830,956,541,407,471,395,450,486,435,600,415,538,395,441,529,418,422,449,386,462,421,435,573,376,423,463,517,419,388,353,634,
38.24,215,437,380,964,45474,6104,151130,505929,205525,2556,416,509,74718,101193,5712,92783,26227,2768,2288,1420,17066,117998,80889,5338,957274,47743,55276,6218,11076,28955,150432,13721,57171,14256,6454,50947,224216,11215,27535,99976,10317,24521,5503,5010,9946,126658,16477,48720,61401,5453,222362,4297,2345,2782,343082,28032,37620,25188,3681,5369,3253,2158,458,13883,107743,21772,3711,14561,5027,2352,2374,651,5466,11441,14752,2087,34388,2999,2086,3238,876,4815,7858,6473,1217,5075,5277,7818,5751218,116482,6238,5246,4723,1610,3303,5232,10388,1750,1628,2065,6056,1376,2505,8935,2586,5541,1000,729,2036,1268,455,5453,21255,3411,1741,655,3372,1351,1219,409,1477,2147,50120,12465,7812,757,1940,4157,897,5487,1349,8458,18199,4316,4319,3072,878,1091,21313,10257,162588,3463,9878,3836,3233,512,872,755,1337,1968,2348,30618,14770,3694,2740,1493,1190,1388,1788,511,2067,1579,700,1342,4333,1020,818,877,1492,1909,4480,14580,2891,970,687,1583,415,1013,1337,1965,3307,602,2689,531,964,352,951,4289,8953,26885,12101,5960,1811,826,1092,811,1150,1572,922,42644,10191,1897,391,909,1062,1009,1442,1378,5053,3575,811,413,660,561,1150,1214,585,1016,2970,1298,478,715,681,1183,528,1151,972,1131,2225,988,2239,658,694,516,1153,732,10487,4822,2083,1563,1252,721,341,1167,1294,935,6625,3675,1818,1177,584,533,908,1068,1549,648,1965,983,1181,1007,767,992,626,997,336,1429,2516,1727,885,898,1595,4222,1462,523,1247,1385,1193,1315,3300,1340,874,598,1150,768,2014,2377,641,2043,10414,11362,3769,1074,748,1010,3707,2551,4575,3178,1094,758,732,1710,996,529,3942,11210,16808,5001,5011,2047,878,2353,998,821,781,1409,1580,895,642,755,1147,1833,2879,8612,8750,3692,2757,668,602,1005,714,738,948,1420,638,879,735,2649,848,1525,4087,15459,5079,25117,3421,794,610,1073,1663,820,1585,821,952,388,2945,1568,3037,7916,14179,32227,12905,7102,1277,754,1067,7541,2944,1205,756,766,900,3225,10068,12868,12276,11380,6906,2059,1363,1145,911,4257,13385,7762,3325,1213,508,7501,3845,7793,10746,11162,4453,1241,620,2667,3138,797,835,1155,13828,7210,3798,1353,922,2450,2546,1243,5155,9279,807,827,1418,1525,796,816,2022,16686,8475,23576,13149,1667,1129,3071,3885,1872,1350,126615,65179,15223,1260,3199,1832,2181,1452,2574,34867,16199,55723,5420,1508,4211,44254,18552,31657,4421,3126,8946,11550,6476,4080,25559,39229,21522,5133,52041,9594,6321,23624,76423,215101,188896,117856,20206,101765,108174,94083,55292,78971,122680,184036,48036,26356,34009,101315,243994,146576,664993,798420,595172,297380,136421,94129,259459,252748,137212,145143,86715,89174,38364,36606,385855,565723,852426,543557,683495,422152,176326,27208,25855,38722,36249,21038,18834,11735,50413,36110,18501,139182,232695,147232,71027,87414,30976,16088,5271,4101,4280,6953,4677,2634,13986,20717,12283,5609,12434,9999,6210,10791,10151,4898,2994,2014,2285,2613,2571,7154,6685,14573,7317,4001,6075,7080,8353,5364,3326,1663,3590,4197,4215,11598,7703,2352,1519,6315,2253,1967,1825,2022,2416,2857,2279,1923,1981,2438,2405,1609,1852,1972,2335,2239,1970,1571,1512,1629,2920,3111,2261,2213,1443,1954,1752,2009,2400,1663,45152,40916,36854,11240,2687,2126,2534,2002,1924,21037,16085,9462,2686,2613,2228,2863,2240,2433,9279,9039,9206,6858,5951,4447,2504,2387,2474,2636,2715,2662,2858,2385,3132,2807,2305,2468,2285,2562,1978,10106,10460,5402,3651,2857,2738,20255,19387,10225,3247,1811,2440,2377,2211,2314,1865,1960,1911,1978,1551,1896,1469,1934,1567,1667,1533,952,1595,1268,1343,984,1613,947,1046,1381,941,787,1435,1367,917,729,785,651,501,712,826,837,718,417,462,2812,594,427,530,409,450,357,374,412,340,2207,764,298,409,424,395,409,250,405,339,1048,433,377,507,276,387,307,438,375,381,310,456,519,346,446,302,278,449,383,333,325,337,420,363,364,241,412,277,284,297,351,450,357,366,326,482,353,438,328,206,323,367,215,220,269,405,351,320,215,461,406,651,706,619,465,494,359,629,547,475,1324,904,954,745,641,1754,1115,2170,2011,2265,1064,1372,1672,827,1383,1122,1140,2518,1288,3206,1520,2333,1469,920,1109,993,1032,759,841,1050,897,897,765,831,948,648,806,999,855,1098,609,642,697,569,635,674,815,772,806,711,2120,1796,1108,866,658,516,479,795,632,579,337,412,430,676,448,744,774,549,575,365,493,629,459,510,465,487,432,573,460,520,651,387,465,356,337,354,532,386,365,531,391,325,412,366,384,339,559,345,377,341,378,407,531,420,370,412,399,480,433,533,413,412,268,478,324,340,334,422,371,549,381,272,532,462,463,323,372,416,479,382,320,448,352,271,382,242,295,468,389,438,302,390,369,438,327,323,289,357,315,333,433,403,291,447,331,323,346,226,285,330,392,297,301,427,415,392,355,399,360,357,275,444,328,376,371,377,379,321,317,337,270,440,282,342,311,407,367,326,356,358,538,456,722,377,437,414,306,289,408,407,327,419,268,444,268,437,293,317,395,382,331,221,368,465,263,300,302,427,380,268,347,485,474,417,285,363,268,248,413,284,356,469,532,401,493,359,524,398,370,468,593,288,540,339,373,577,435,475,361,394,637,331,434,393,619,416,505,552,352,440,460,466,595,404,602,712,793,507,550,469,473,459,300,351,420,382,458,466,448,474,530,590,845,442,920,683,472,487,307,358,375,343,398,347,552,464,474,339,553,381,371,323,364,385,368,416,379,346,316,353,395,391,345,449,427,
38.06,214,556,436,820,45496,5363,161628,532350,212711,2509,488,896,71034,104736,5783,93895,20213,3570,3779,1242,18155,105091,78613,6785,1005342,52518,94197,7163,12022,29838,151026,12513,56526,17779,7418,85760,222457,13289,31956,101327,9839,20597,9524,9119,23564,168650,14928,50071,54360,5525,231212,4728,2540,4297,347896,23874,34004,22188,2793,7177,2461,2373,751,9664,122678,20359,4220,14258,6274,3439,2920,876,6355,10595,14346,2467,34650,3629,1866,3205,679,3817,7356,7784,1349,3795,6141,7105,5869960,119765,7700,4804,5418,1048,3275,4322,9531,2551,1573,2821,5940,1717,2139,8783,4010,5245,1413,1720,1298,1393,679,5180,18835,3475,1222,590,3791,1376,1199,546,1135,2254,66973,14930,5790,986,1599,4988,970,5835,1363,10184,17180,4028,5308,1966,1005,651,21627,9932,142400,3855,8887,3521,3659,700,660,822,1203,1386,2894,23910,14841,3344,2279,1162,1226,2219,1924,871,3828,1255,832,850,3067,662,894,754,1708,1904,4787,15451,3299,994,843,1897,655,1310,1455,1947,1586,806,2700,587,1058,421,1096,6046,7747,21431,12541,4234,1735,859,794,1078,1732,1483,1263,33430,6421,1630,696,1254,925,1124,1994,731,11802,3591,1511,407,944,671,1253,1451,632,1447,3156,1241,793,988,717,1418,766,921,1417,1991,2160,1658,2481,739,869,463,741,1277,8299,4201,1538,1578,1459,1001,459,912,1626,1304,4575,2200,1651,2001,955,903,901,1571,2014,733,2247,1455,1630,1941,689,917,1572,1311,568,1338,3170,1748,963,1481,2305,5020,2210,851,1451,1605,1006,1362,4710,1794,898,604,845,1095,2050,2341,1009,3867,12196,8354,3675,1647,960,1370,4473,3497,6604,4422,1792,695,884,1335,1356,575,3223,8521,14094,5482,5513,3042,991,3295,1176,1034,1512,1481,2427,818,754,745,1951,2065,3098,6522,7382,2909,3898,821,1046,885,637,858,800,1610,616,915,1291,2230,737,1238,4417,21601,9176,27436,2839,1351,836,1820,1602,1064,1928,1140,1221,710,2522,2241,4447,8531,17540,32855,13545,6957,1084,1184,1259,6638,3545,1417,870,551,1020,4991,15350,14005,13313,11475,5542,2071,1448,1073,1162,8062,12697,5160,2304,1844,994,10216,3934,7659,8650,8532,3733,1199,592,6107,6885,1145,1846,1866,58577,32592,10435,3273,1224,2742,3105,1441,28100,49257,4708,973,2166,1052,1801,1620,3662,16901,9090,80205,40707,2262,1148,5139,7186,3819,3845,167465,88922,24095,2824,3231,1458,3089,2150,8339,69635,13650,58511,7669,1832,17398,84818,38819,52122,6546,4857,17782,19152,8711,7833,34802,97940,52318,12059,163227,25499,7644,21469,80687,224581,363671,237726,42823,185322,111295,164030,95997,132402,159930,165023,44763,24578,41289,82881,431890,276022,960085,987195,697004,337397,150776,87072,262003,236653,123046,94160,80275,66440,37885,53991,504365,577120,838246,519390,647339,370276,151217,20676,23463,29769,26187,20486,15988,11028,48365,45716,23266,125357,200547,125579,57660,57683,19027,14038,5222,3962,5544,8148,6651,3148,16079,17325,11080,5370,10932,8835,5283,10488,12418,5319,2907,2678,2211,2688,2273,5298,6288,11165,7494,3460,6486,5182,4961,3136,2317,1472,2505,3075,3507,8199,5533,2508,1461,8077,3075,2090,1756,2074,2653,2749,2469,1568,2037,7996,5736,3714,2125,2102,2284,2077,3018,2293,2387,2019,3940,4192,2702,1724,1925,2631,2507,2400,2161,1848,54946,48457,42206,14626,2922,2833,3014,2453,2680,17802,13151,8878,2758,3134,2618,2520,2817,2862,26563,25904,24278,10558,6970,3911,2892,2863,2845,2798,3488,2528,3110,2891,3000,3078,2824,2492,3026,2545,2260,6294,7520,3115,2851,3046,3285,12780,12263,6514,1999,2009,1985,2412,2547,2249,2368,1731,2332,1753,1478,1633,1565,1459,1610,1690,1327,1052,1383,878,1029,858,1158,1133,1179,1329,1030,763,1952,1358,712,712,765,625,542,680,795,659,509,775,518,3032,807,315,724,577,360,396,392,431,348,1858,811,484,534,414,287,326,497,329,467,1219,411,402,563,420,430,458,429,405,411,396,437,500,367,447,423,442,343,292,455,354,410,468,366,475,390,390,442,354,253,327,461,355,489,423,442,483,341,531,424,585,492,485,720,531,494,525,487,425,1001,578,1382,1094,1018,1025,719,626,841,1020,1109,1740,1595,1426,1202,1147,1867,1927,2272,1928,2614,1738,2160,2018,1081,1857,1436,1508,2733,2095,3636,1811,2719,1458,1322,1108,947,972,1032,984,911,879,929,913,1182,782,1169,807,767,1018,836,772,683,694,620,655,853,1157,669,656,647,1439,2355,1316,854,1196,708,522,619,732,593,628,527,407,509,379,1069,1108,502,511,649,559,541,512,519,496,411,450,537,645,513,469,359,484,399,404,524,571,481,522,447,532,460,495,464,464,548,426,386,408,490,450,369,536,559,558,437,505,477,493,411,393,413,379,482,499,462,460,588,433,425,409,464,450,368,469,474,388,497,424,416,459,395,478,439,415,340,393,483,332,365,453,450,438,517,387,408,411,364,485,354,479,561,499,405,422,344,307,558,391,414,423,379,349,473,422,433,361,396,449,376,396,451,410,375,315,502,439,457,399,421,519,398,487,475,400,482,463,388,444,395,393,369,672,363,407,466,486,493,383,347,438,372,444,399,398,471,381,329,424,418,513,469,407,430,372,343,484,340,408,473,328,476,291,445,397,414,482,360,442,466,562,657,549,685,533,340,362,535,553,411,407,422,584,427,512,507,465,853,703,628,601,577,551,534,601,480,591,482,588,484,514,713,550,561,575,933,726,543,685,435,524,672,512,518,651,447,556,643,574,513,579,647,774,540,670,717,602,460,482,442,585,439,386,539,434,506,625,513,517,518,502,510,490,371,550,380,434,484,428,442,470,383,445,440,489,
37.88,213,406,384,1008,33311,5663,131534,472161,198949,2964,472,1031,51644,80209,4506,72426,13837,2847,5135,975,15622,86654,63124,4458,961042,53693,121931,3848,9280,22591,119605,11655,43726,16825,7284,96557,209989,12886,21476,79992,8294,17116,7146,5255,24191,156961,12119,38750,42156,4829,231066,2784,2312,4364,204611,17364,26048,20936,1850,5240,2159,2180,456,4285,119170,14147,2543,11600,5095,2085,3110,661,5022,10608,12530,2404,37086,2615,2185,2159,889,3503,6979,5722,1051,4073,6457,6365,5770433,121547,6450,4104,4832,636,5452,5149,8312,2905,1447,3502,6384,1442,2136,5692,3929,5529,1045,1077,1495,1467,788,5400,10098,2369,1228,474,2541,1038,799,384,1617,1998,84753,19163,5377,1135,1720,3818,1008,4689,1245,8892,13648,2902,4233,1615,2118,1850,15240,9337,117756,2967,7481,4561,3516,683,910,709,1198,1202,2136,16366,11919,3484,3364,1057,1033,1641,1775,1287,2274,1376,640,574,3345,441,684,920,1433,2422,6527,17608,3572,1891,1100,1728,441,961,1498,2015,1341,1039,2365,652,998,638,1056,4669,7102,15692,10170,3352,2477,669,969,977,1499,1207,678,19301,4236,2076,404,1254,1145,988,1446,894,17529,3416,651,341,957,753,903,1362,825,1751,2766,1405,313,1293,872,1677,730,1047,1370,1972,1583,684,1716,647,1127,562,692,724,5699,2264,1077,1546,1210,674,449,835,1298,1365,3228,1465,1081,2606,643,550,1280,1189,3211,829,2747,1618,2650,1550,644,502,791,1045,336,1091,2242,1718,1086,1459,1772,6232,2350,602,864,1116,1687,1124,5125,1568,817,548,1188,1007,1520,2265,996,4908,10684,7730,4302,1266,965,1069,4751,3833,6778,4908,1766,768,1048,1479,1671,493,2893,6218,10105,3105,5949,2215,1311,3304,1008,1265,1064,1148,1265,881,1206,945,1979,1613,3194,4070,7060,2715,5466,612,669,578,793,564,670,1192,920,1271,1066,1958,875,1240,3723,25301,10701,24308,2185,1649,833,1174,1295,579,1709,1175,989,515,2830,2174,3420,10005,16971,29360,14170,7046,1352,665,1313,6156,2947,1084,776,601,852,7349,18729,13258,11933,8413,4907,1412,796,1137,1086,9846,8027,3230,1347,1570,553,10937,4072,7199,5874,3764,4404,1271,647,6538,7103,1234,1684,1681,82744,49074,15019,2772,2404,3459,2602,1490,54269,91090,9359,1142,2011,921,1681,1488,3779,12102,6228,114565,58993,2886,1000,6430,18426,7257,6208,179487,89892,22828,3936,3718,1695,5587,3548,12218,127073,18038,45650,4486,1834,27199,96716,44682,54616,11838,7365,29076,21804,13391,8661,55396,131645,74093,13026,269048,40400,13126,17342,75996,298334,451806,295636,57053,215560,94666,190551,116761,146414,174939,121443,52196,20149,36088,62664,552259,345172,1057657,1044998,715393,343243,136560,88292,228496,176403,85069,50871,72908,48748,24788,68057,552063,560713,738855,453125,513304,235979,95224,18686,19451,19138,17670,21222,13967,6881,42189,47926,25781,83533,117518,74842,32033,20691,7568,7821,4878,4031,4761,9087,7042,3396,15176,16585,9295,5696,10241,7194,3649,9519,10598,5085,3494,3028,1799,2509,2109,2496,4037,4755,4306,2132,5516,4074,3340,1798,1873,1572,1652,1698,2039,4093,2961,2357,1643,6285,2157,1570,1588,2114,2030,2117,1783,2136,2392,9952,7093,4206,2889,2339,2334,2047,3719,3167,1983,1844,3478,4021,3327,2502,2042,2718,2858,4274,3984,2621,55662,48518,41513,14682,2773,2759,3289,2234,1882,10100,8571,4714,2464,2820,2583,2807,2363,3052,37423,35223,36743,12374,7298,3793,3371,3349,2975,2812,2352,2363,2306,2096,2159,3373,3146,2926,2927,2550,2095,2546,2655,2224,2515,2295,2564,4233,4791,2437,1731,1841,1431,1876,1428,1489,1527,1710,2548,1388,999,1209,1013,1086,1170,1041,1215,618,747,1175,625,487,644,571,673,1092,789,672,1096,825,330,599,779,365,418,448,495,398,406,377,352,1236,935,456,709,381,418,282,430,300,347,1125,570,352,517,309,358,319,327,357,254,319,398,441,394,237,313,488,232,291,254,412,266,290,488,393,494,501,270,382,438,455,380,330,196,321,298,351,511,346,514,258,281,465,548,477,387,381,395,332,481,688,499,676,619,522,685,507,616,612,1437,682,1709,1089,1143,1221,671,704,789,1281,1103,1883,1775,1595,1517,1085,1805,1679,2553,2514,2462,1932,1652,1853,1639,1230,1799,1669,2853,1639,3918,1971,1881,1188,933,1214,712,807,881,810,942,829,844,770,878,534,802,824,573,718,732,640,627,712,908,635,471,542,771,522,539,668,919,759,722,495,406,354,423,448,492,355,357,600,602,368,592,461,443,453,537,477,431,391,404,485,384,495,468,421,631,412,498,339,499,454,436,541,398,417,340,494,323,285,488,371,436,405,460,313,401,339,554,284,331,351,445,333,467,572,291,365,477,353,439,370,486,461,393,401,378,334,365,340,388,339,612,374,484,354,274,479,380,381,386,310,491,334,333,366,427,424,330,448,403,351,326,504,416,329,355,345,323,337,341,374,413,396,416,404,379,375,470,229,354,386,322,367,307,389,317,358,400,382,387,299,368,310,349,396,309,487,274,580,365,403,388,311,357,319,347,391,455,664,358,426,412,421,528,290,226,292,461,380,405,535,456,264,403,343,329,359,338,381,394,423,335,263,301,268,341,406,335,420,317,443,371,350,477,383,371,498,516,324,386,510,405,397,532,560,413,437,368,515,548,490,474,546,973,638,579,724,527,535,554,457,398,656,385,492,716,425,466,526,524,551,706,1080,750,608,610,486,567,419,604,479,482,336,401,361,630,507,638,657,458,455,594,511,427,503,440,449,507,497,450,487,384,432,457,391,461,363,376,485,496,565,485,391,280,420,410,447,326,375,409,388,
37.7,212,515,555,1630,40129,7972,148192,533805,278493,2951,436,1171,59726,92568,6268,86787,15363,4849,4750,1377,19439,102565,74930,5068,1260418,66631,228993,4945,12659,26922,139039,11722,52308,23624,7322,159243,262873,14418,26135,92527,8607,22801,7987,6164,44900,173447,15825,42590,49574,4878,330271,3501,2573,4331,167434,15526,32762,22346,2686,7288,2873,2509,664,5735,138376,17700,4296,13336,5853,4109,2230,973,5601,12655,13440,2991,53326,4283,2114,3032,720,4385,7707,6955,1394,4722,5738,5878,6099313,144482,8207,5039,5680,1170,5721,4900,11390,4356,1749,2616,6586,1556,2391,6163,4642,5343,1057,1172,2287,1984,711,4425,11353,3990,2118,502,4174,1339,1197,715,1300,2350,99293,29779,7607,1694,2156,3595,914,4719,1842,7242,12990,2533,3993,2396,2414,1462,16571,7917,102903,2805,6193,6588,4055,957,1077,720,1708,1699,2395,16891,13187,5395,2114,1960,1111,1262,2624,1625,2947,1613,1004,1056,2454,599,952,839,1899,2318,8219,18295,3932,1890,960,1674,722,1029,1709,3252,2182,710,3095,752,953,466,1318,5218,7697,13551,11732,3417,2774,766,838,1493,1571,1585,711,16309,4024,2089,605,1979,955,1592,1958,931,35504,4704,941,467,1194,886,1173,1580,759,1923,2401,1428,728,2090,810,2066,726,889,1448,2004,1912,879,2291,996,1111,1069,1215,1188,3688,2684,1187,1659,2235,859,446,878,1579,1268,3279,1548,1778,3002,683,1359,968,1787,3290,954,4005,1852,2075,1835,1059,686,805,1714,577,1876,3451,1661,907,984,3555,8166,2399,877,1326,1635,1318,1183,7581,2612,1161,669,1365,1029,1538,2915,1830,5268,12490,6759,6725,2091,1315,1012,7317,5229,8941,6555,1828,1229,906,1709,1751,779,3236,5191,7573,3551,6418,3370,1372,3956,839,1722,1768,1684,2048,1112,587,1556,2634,2020,2645,4264,7915,3337,6022,745,781,905,851,714,880,1047,1045,1436,1180,1889,1302,1264,3828,30813,12362,21964,2430,1297,1337,1199,1168,740,2016,1366,760,677,2589,4025,3925,13729,21179,25675,11494,5539,1923,1169,1244,5324,2215,1079,741,493,1079,9161,19493,10135,13383,9448,4030,1946,1482,1478,857,8048,4154,2502,1136,2823,1042,10891,3732,7066,6650,3828,4401,1585,1401,7000,7517,934,1711,3559,118214,75539,32225,5404,2494,3229,3696,1727,114750,172003,22824,1470,3589,1367,2776,1960,4544,10261,9958,160745,92198,4679,1175,8166,112923,56762,12653,169229,84734,20275,4690,2445,1678,11249,7738,31756,349113,42497,31392,5038,5307,51703,108991,52171,73873,41023,17738,55501,27998,35485,17689,112433,178304,101365,16652,519542,83715,24453,37659,72682,515987,612880,385323,74635,217444,111200,221967,138378,165142,205065,139439,61801,15873,35840,111405,788278,505898,1176754,1104619,712373,333224,133624,81351,203657,140612,68007,46997,63763,39578,19072,96825,587448,524663,664370,388189,432819,175549,72130,20217,17067,14474,17548,21211,13601,8796,38852,46534,24495,64374,89857,55987,21509,14362,5567,5416,5831,3489,4330,8950,5603,3688,12121,23192,13888,7430,10282,7449,3711,9678,7115,4783,2686,5503,2555,2426,2994,2372,2367,3105,3810,2380,5083,2792,2681,1838,2297,1895,1971,1968,1837,2356,2489,2604,1831,5189,2613,2080,1949,2747,2457,2154,2268,3564,2710,15025,11609,6810,3660,2443,2759,3073,5092,3312,2576,2731,3782,6669,6794,3136,2699,3588,3481,14312,12437,6592,52616,45035,37839,13077,4137,3275,2844,2949,2432,7355,5496,4113,3424,3223,3313,4449,2558,2641,54386,49688,48778,17997,10711,4234,3914,4074,3368,2243,2480,2561,2271,2548,2890,4077,3362,3366,5668,2223,2169,2108,3313,2397,1952,2505,2790,2210,4495,1591,1375,1414,1405,1350,1216,1474,1922,1656,1790,987,951,784,874,755,838,1018,786,735,1025,691,806,633,560,651,685,1092,755,695,1165,1013,562,489,856,477,606,410,451,377,387,400,576,1629,990,446,436,481,430,446,430,394,468,515,558,402,469,490,457,440,430,454,424,413,391,398,376,448,457,733,412,505,353,319,427,439,421,462,467,589,453,469,504,464,447,301,530,797,644,708,421,339,354,340,434,470,486,625,470,414,525,494,521,677,617,951,926,898,1083,1216,1157,914,1610,1187,2774,1680,1861,1294,1306,1325,1431,1476,1632,2308,2335,1724,1550,1589,2311,2151,2511,2509,2361,2340,1929,2098,1655,1530,1408,1652,2576,1557,3558,1792,1643,1045,972,1116,1107,1337,834,772,832,834,876,849,1090,666,756,728,775,768,858,689,984,560,661,704,546,540,689,652,573,749,740,730,519,562,493,560,522,584,471,541,665,454,560,694,615,559,434,433,475,507,605,514,572,612,637,449,395,646,534,483,431,388,508,537,545,620,475,422,424,556,486,606,484,358,332,538,507,533,371,537,533,443,446,541,500,438,469,451,560,339,438,358,588,557,540,404,476,463,406,371,369,618,460,456,549,377,497,536,417,314,446,436,416,611,426,469,340,381,400,337,439,372,456,337,460,477,365,373,606,440,401,452,513,423,474,490,450,385,379,364,540,434,598,372,390,559,422,377,314,483,455,469,416,344,491,446,425,377,427,516,428,386,414,389,368,342,394,483,385,437,432,903,668,458,362,424,376,427,403,338,487,397,370,366,543,379,417,567,447,379,529,445,497,437,525,517,397,533,456,504,513,539,472,401,450,486,519,475,511,639,855,729,959,556,620,606,537,763,534,517,532,632,567,643,883,810,1088,729,1064,477,490,543,569,582,617,588,416,730,837,601,617,775,638,571,692,863,671,606,488,479,496,407,545,510,543,601,585,556,614,499,588,690,467,634,527,465,541,404,379,462,480,341,450,520,409,513,496,478,495,481,347,452,464,337,360,454,695,645,538,473,401,434,462,332,
37.53,211,385,361,1002,39731,7058,141602,545307,319838,2670,427,605,57765,89167,7082,81748,15605,6830,2959,1050,18262,94983,62456,4896,1313695,67281,291866,2476,13385,29299,133387,11329,50331,20803,5137,208089,266236,12992,26873,89605,7668,20819,9504,4765,49578,128308,15452,37658,45935,5141,331101,3217,2779,3324,79625,14920,30420,20743,2701,6628,3150,2007,697,5911,136576,16623,3937,12019,4455,5879,1599,357,4874,15512,14047,5681,48721,4520,2522,2629,361,3670,8985,5493,1023,3672,6262,4504,6132446,155921,8705,5790,5041,1076,6233,5806,11767,4861,1209,3576,6341,1551,3620,6756,3352,5015,879,896,2327,1905,601,4111,15392,3190,1458,321,3788,2229,1185,485,2335,2539,117382,33635,7574,1113,2301,4695,961,3477,2077,6228,8120,2357,4619,1260,2735,2087,13176,7300,68091,1964,4910,6237,4538,784,1771,883,1574,1267,1979,22669,13762,5569,2113,1130,879,897,1868,1797,2547,1609,710,1010,1753,566,1234,615,2158,1990,10204,19070,3897,1535,972,1313,707,1134,1538,1967,2145,602,1775,557,1482,517,1237,6060,7593,16486,8452,2942,2126,786,613,829,1121,1198,579,19044,5106,1655,665,1560,1269,855,1542,837,46514,5146,873,446,894,842,1055,1640,505,1991,2495,1509,549,1460,703,1602,550,1063,1381,1508,2136,803,2010,1004,716,661,747,829,1615,4426,1421,1700,2318,901,433,1424,862,1706,5849,1674,1488,4126,762,581,1442,1885,2363,905,2816,1850,1677,2274,746,685,973,1201,336,1477,2872,1301,918,1330,2799,8616,2054,1349,817,1601,1064,1261,8236,3874,1094,1227,1386,1050,1021,1883,1656,4314,7534,5047,9387,2761,1235,1081,6588,6115,6852,4891,1854,784,662,1215,1689,518,3003,2695,4476,3223,6496,4225,1550,3081,1110,712,1199,1451,1142,797,687,2487,2465,2333,2448,2829,8152,2941,5171,428,720,855,701,869,673,1135,795,1009,642,1682,1221,828,3171,29315,10768,18674,2007,1186,942,799,1281,497,1843,1059,582,660,3009,3936,4071,13683,17839,19003,8166,4951,1153,823,973,2848,1115,1302,777,388,2142,10083,17241,7095,9264,6936,3606,1330,1370,1095,615,3858,2587,1504,573,2859,831,9507,4134,6458,5606,2170,4976,2301,1329,5149,5572,1034,2488,2386,124271,82305,40022,6425,2839,3087,3818,1463,149010,215630,32928,1848,3728,1896,2785,2295,3983,3849,12424,172863,98059,5206,1200,6128,183272,107896,14272,114699,52715,13186,4696,2053,2155,14383,11211,45361,523292,66864,14541,6367,9453,61088,113208,55361,102184,54851,26514,63266,35689,53200,28398,134867,199831,104250,17279,603458,101465,29702,78275,60509,600958,683868,421475,79010,148704,122941,231696,146830,159470,224163,146831,60751,12849,38861,174084,884426,569020,1191418,1098677,655867,291444,104068,67705,162598,88495,37939,39815,39349,23373,10601,112502,577537,421695,475193,266107,270189,83930,32540,17644,12239,9992,16870,16668,9668,6601,27946,32719,16857,33199,45404,28837,12040,6893,3194,3528,4045,3603,3061,5182,4294,4958,8125,26124,14454,7220,9743,6628,2977,4620,2906,3521,2029,4872,1778,2414,3883,2395,1931,2146,1944,1523,3575,2315,2438,1234,2693,1979,1924,1690,1423,2201,2317,2235,1457,3141,2682,2929,2407,2947,2403,2113,1970,4655,2394,18236,12595,9492,3378,2517,3276,2171,3909,4655,2807,2200,2884,8559,7979,3811,2718,3360,3174,20001,18551,9693,41213,35074,30525,10810,3940,2979,2813,2325,1855,2401,3118,3761,3851,3634,3745,3548,2448,2935,61431,53892,52658,19239,10489,3469,3262,3950,2699,2361,2179,2156,1734,2239,2503,3434,2456,2171,5262,1784,1329,1514,2337,2283,1474,1715,1881,1410,3946,1278,1238,1255,1122,847,933,996,726,905,1111,844,726,839,667,893,787,482,649,435,696,546,535,396,515,433,315,678,387,377,1061,521,401,408,752,440,332,399,410,429,339,374,464,426,450,559,303,584,274,500,385,390,403,412,421,391,435,309,288,314,353,442,297,426,263,403,474,346,414,395,326,341,339,300,312,426,226,410,435,390,324,322,247,276,380,426,377,597,714,1343,437,470,458,654,424,673,466,513,380,339,640,466,663,785,950,1009,1026,1183,1389,2274,1303,1243,1367,1338,2906,1765,1867,1952,1054,1136,1408,1387,1743,1932,2778,1618,1277,1404,2387,2052,2356,2015,2528,1543,1744,1623,1211,1332,1062,1211,1556,1958,1465,907,873,633,853,996,892,879,614,620,678,807,727,752,597,485,524,713,725,716,627,607,507,605,515,483,467,524,557,564,520,571,678,685,507,466,489,410,461,598,447,369,392,538,467,466,477,517,402,363,519,557,514,435,365,468,373,428,480,483,371,401,351,393,387,440,353,560,627,475,463,419,471,416,343,295,441,401,514,419,445,274,346,477,322,447,428,518,253,337,570,458,283,399,346,419,282,328,432,299,408,392,628,518,427,360,265,330,322,469,365,308,368,322,407,402,298,384,370,360,475,377,294,367,372,377,267,430,627,473,468,393,413,462,329,488,358,461,416,517,468,469,408,364,494,384,303,643,383,376,310,383,340,424,361,307,663,316,431,476,410,309,374,358,522,399,445,250,412,381,302,340,319,864,407,445,355,331,462,405,418,353,369,380,357,387,412,324,432,422,415,383,512,496,375,318,528,392,451,419,429,318,402,476,364,448,649,412,647,521,503,851,861,484,743,537,446,525,537,616,464,422,480,535,462,651,810,899,1000,906,818,539,573,497,559,504,413,536,491,777,758,644,420,537,661,682,585,532,512,464,583,405,552,529,441,624,564,429,515,514,405,444,491,420,548,464,447,395,414,395,358,517,542,308,428,416,332,482,468,424,324,490,528,357,379,404,461,349,576,317,415,450,451,286,348,269,
37.35,210,482,449,1308,39375,7048,138905,694565,356590,2426,529,918,60114,86736,5183,86603,16712,12458,4856,1571,18971,94244,65156,5039,1424859,79602,455915,1930,15605,28180,127766,9285,47247,24631,9689,283941,266375,16506,27212,83047,8140,19624,10406,7304,52885,94215,14214,38533,47890,5936,372249,4826,3381,1999,58296,17256,35000,21160,3086,5812,3902,2892,740,5901,143500,20163,3265,14669,4135,4585,3027,569,5609,22196,14655,6251,58537,4899,1885,2762,501,4722,11126,5599,1122,4868,8071,4508,6137914,185766,10110,8392,5143,1169,4988,6214,11601,8010,1645,5119,9410,2172,3372,11533,3929,5076,857,1493,4349,2495,796,5588,23756,4906,1633,675,4667,3529,1394,561,1941,2840,117619,34258,5462,1363,5185,3795,828,7196,1743,5323,5830,2498,4795,2327,3083,3706,9375,8934,58148,2706,6891,8954,5232,646,2088,994,2293,1886,2104,33627,11331,6115,2780,2114,1481,1513,2284,3418,2834,1708,1077,1122,2910,817,1091,957,1853,2429,11440,19983,4202,2256,940,1548,637,1097,1793,2434,2298,1142,3697,970,1880,459,1186,5636,8066,28633,11417,4954,2508,1417,879,1337,2101,1659,823,27661,6175,2161,609,2783,1420,2156,2126,907,64958,5683,1507,472,1214,714,779,1774,638,1624,3692,3047,1439,2596,761,2526,571,1007,1431,2319,3115,1022,2866,1475,997,713,1313,990,1865,8030,2598,1865,3275,1159,491,1078,1533,1169,6922,3830,2901,4662,1151,740,962,2001,3096,660,3667,2372,2009,2264,1174,851,1057,1504,508,1650,2784,2000,1124,2108,4246,6011,2777,3380,1488,1325,1605,1172,12590,4009,1486,1299,2046,1158,1649,2674,1337,4962,6717,4216,9751,3596,1202,1373,9103,6659,8046,5844,1613,1100,820,1486,2191,765,3633,2879,4468,3195,5557,3554,1432,2913,1006,1283,1134,1448,1104,670,664,1751,2794,2659,3399,1619,9919,4125,4197,1003,766,1008,819,734,739,1331,722,1104,1097,2201,1707,926,3459,29298,11555,16340,1698,1146,1020,1309,1191,841,2638,997,918,635,3462,6361,2948,15286,17803,15250,6928,4613,996,995,1040,1797,1267,1423,735,513,2777,12611,15954,6185,10339,6358,5079,2136,1261,1431,859,2542,1447,1268,708,4108,1610,8467,3875,7017,6503,2810,7745,4228,1655,5679,6074,761,3481,4277,122218,81373,53828,7456,3797,4094,16106,9147,200117,292086,41181,2996,8076,3124,2095,4125,3017,2121,12219,167993,90377,5182,1676,11708,292615,195576,25251,83036,36633,9816,8906,4720,6428,19752,24068,76567,863359,102951,27515,11610,27504,71724,105437,104397,150008,87843,50954,70781,40545,89739,46909,170056,208753,109447,18247,614721,121724,39531,284252,157638,746581,799077,476042,85788,105315,127572,236903,144694,149338,252419,145399,61848,15044,67691,290005,1000076,652456,1193324,1054641,624340,256663,88463,71545,124971,73983,32621,34042,28541,32086,14800,118812,546076,368267,384015,201843,201988,50753,21754,11834,12244,9832,15175,12666,8628,6917,22947,23094,10961,23528,36770,23765,7962,6082,3232,12205,7387,3220,3186,5679,3965,6813,6393,24144,14000,6792,11648,6831,2965,3383,2715,2951,2314,4496,2598,2892,4779,3463,2380,1951,2159,1651,2815,2421,2423,1977,2922,9633,7151,2859,1888,2695,2504,2421,1783,2868,3331,2910,2791,3503,2834,2807,2706,4596,3263,18008,13302,7861,4585,3693,3164,3194,4386,3556,2921,3563,3174,11836,10601,5643,3307,3329,2829,28633,27630,13383,31843,29208,22026,7623,4378,3375,3249,2871,2532,3390,3115,3790,3483,4032,3650,3812,2483,2805,58472,56106,51437,17994,9613,4092,3224,4405,3032,2304,2685,2268,1818,2194,2561,2498,2531,3130,5290,1707,1360,1720,2700,2350,1581,1734,1868,1437,2738,843,1118,1125,796,916,606,856,799,1157,598,638,534,738,610,597,618,602,522,350,616,507,398,451,480,615,452,546,612,459,1139,882,397,457,599,536,470,664,384,419,336,390,353,325,454,503,375,389,319,527,442,447,420,411,525,326,487,379,404,381,503,325,300,470,358,467,352,328,294,611,591,340,365,388,352,355,420,372,636,402,539,458,388,455,580,491,677,1053,1531,1437,618,693,632,884,636,1035,791,1079,831,927,989,835,997,1360,1079,2023,1793,1953,2397,2155,1880,1782,2053,1580,3047,2657,2657,1851,1644,1513,1509,1685,2042,2779,2623,1783,1762,1513,1891,2109,1860,2008,2130,1646,2189,1249,1370,1270,1179,1064,1403,1191,1359,960,933,750,929,1035,860,679,814,854,876,798,732,755,685,673,503,841,693,727,484,676,539,539,398,464,524,613,737,464,536,426,513,519,567,577,633,525,735,455,514,648,638,406,620,596,560,475,770,427,393,479,568,521,512,559,555,587,599,460,541,541,415,576,342,378,537,477,480,373,491,493,469,347,494,399,739,417,576,482,568,494,397,439,443,469,577,453,424,491,401,502,436,387,403,533,536,404,577,372,373,411,484,471,425,344,411,409,396,447,362,428,337,495,507,573,345,330,490,491,502,362,536,385,354,362,390,351,420,484,455,530,408,332,337,439,482,382,402,422,517,410,422,377,418,335,308,421,513,391,381,326,509,500,396,357,538,362,420,580,426,403,394,385,599,315,422,312,674,444,577,470,334,752,483,395,453,470,507,586,594,605,463,433,509,390,404,563,420,406,462,570,535,473,531,564,521,449,429,538,643,454,456,500,429,471,559,569,726,734,663,808,966,596,967,594,704,641,555,579,553,668,467,878,584,840,812,705,1102,835,916,784,538,507,611,552,549,673,556,534,695,760,503,612,649,723,603,607,562,518,462,531,486,494,629,603,425,581,513,484,412,587,420,657,462,475,436,527,393,528,408,421,381,328,460,402,611,344,471,451,540,346,339,368,356,426,570,387,415,403,387,494,515,425,366,333,
37.17,209,388,462,1198,41513,8029,147806,824370,350070,3307,401,736,62291,90576,6439,81281,19795,17716,3063,1826,19985,86329,70581,3689,1467089,81202,557114,1222,13919,28648,124730,10502,47606,22906,7161,274485,276944,17554,31357,89529,8412,19236,9321,7633,32553,47773,21714,37476,46621,5942,406965,3616,2305,877,34511,19104,33165,20013,2350,5316,3206,2395,619,7127,131355,19715,3322,11610,4609,3774,2993,561,6277,25021,11600,8143,62240,4219,3209,3529,768,5266,16603,5780,930,4125,7291,3772,6063191,195164,10310,6181,5771,707,3966,5627,10897,6752,1591,4002,9667,1781,4302,14119,4274,5262,1251,1483,6034,2910,1297,7564,28951,4690,1093,555,3159,2538,1278,647,2194,2500,111760,31027,6069,1207,4640,3670,1003,4305,1256,4457,3593,3436,4584,3976,2748,3117,7320,6588,32671,2510,7728,10822,4093,782,2583,600,1110,1650,1551,40980,8730,4769,1628,3528,832,2012,2190,3978,3771,1961,829,506,2611,869,759,682,1928,2759,7567,19859,5041,1928,926,1762,666,1114,1709,2716,2622,883,2501,990,1519,599,988,5058,7179,31201,13010,6452,2535,1298,974,1519,1664,1908,747,28328,6176,1400,1499,1285,1602,1460,1556,895,70472,5754,883,543,399,763,801,1641,418,2138,3103,2138,851,2999,864,2914,634,875,952,2508,3203,1788,1498,1379,1088,579,787,794,1722,8883,2935,2737,2726,1186,451,905,1218,983,7598,3318,2738,3995,616,412,1341,2154,2141,1051,4304,1831,1058,1690,710,1017,905,1226,444,1233,2988,1673,601,2029,5540,5799,2023,4250,1346,1850,1506,1110,11102,3622,1805,1370,2550,969,1344,1472,1394,3556,2952,3648,10429,2941,1322,1457,9951,6150,6641,4141,913,1106,973,1225,1519,549,3737,1352,2012,2407,5712,3182,1631,3888,1064,860,1348,1615,585,974,711,1246,3611,2154,2333,1480,9718,3632,3045,535,606,582,607,663,903,950,672,943,700,1903,1137,958,4667,29781,11153,11581,1219,1083,783,1096,1099,592,1093,750,661,842,4808,5107,2428,15025,13535,10287,3939,4251,783,772,775,1630,948,1221,612,543,3826,11872,10625,4442,8066,4762,5828,2886,1725,1318,500,1963,1797,665,851,4570,1758,6481,4232,5511,6285,2194,9787,3839,980,5500,6176,985,5385,4768,106442,66729,51481,6387,3006,3996,29358,15804,199106,309077,44420,2856,8369,4169,1743,6707,3483,2659,9868,134349,68627,3653,1387,28665,331768,224341,30217,26193,12013,5014,12007,6968,7990,24344,36379,85571,892752,107265,31393,13084,36377,71843,96969,142170,174951,102610,56829,73389,35660,104503,60203,187103,199527,98549,15518,413711,121964,46726,424985,243511,821364,829837,487221,75637,41417,128950,230411,136690,128845,251901,144488,55141,16287,83211,342503,1015589,638338,1120945,907628,520834,171246,51401,75607,114039,58870,25418,21403,11829,49939,15880,106689,425668,268047,195609,96058,76667,16221,8353,6899,8318,12090,13278,7822,6375,4680,14978,10767,5896,12115,23871,13195,6238,5792,3694,22572,12967,2860,2919,4104,2999,5040,5203,15681,10465,3018,12062,6377,2431,2283,1997,2366,1556,3272,2756,2474,5153,3096,2479,1853,2859,1507,2315,2492,2498,1990,2544,19200,13818,5829,2537,2702,2367,2795,1979,3041,3307,2831,2592,3093,2798,2951,2498,3206,3792,15384,12409,8284,8012,7108,3307,2983,2863,3106,3001,4192,2902,14060,10533,5855,3354,3558,3189,32587,28896,13775,14132,11432,9668,4928,3623,3359,3068,2528,2495,2747,2745,3681,3229,3587,3082,3249,2384,2557,47865,42322,39583,13722,8060,4593,2262,3311,2958,2461,2506,1464,1148,1671,1359,2115,1796,1883,3025,1704,1012,1671,2118,1919,1190,866,1155,716,1527,756,766,1092,839,498,549,549,590,416,442,542,456,393,375,371,369,490,420,699,443,344,488,413,430,591,336,415,456,461,739,721,498,346,386,463,290,361,420,320,342,524,323,348,267,382,507,305,342,267,295,418,265,381,391,363,455,353,347,341,415,539,414,254,279,310,347,396,256,389,654,355,421,257,379,332,370,472,455,449,581,436,544,988,559,367,937,1109,1401,1207,702,832,775,751,732,1254,888,984,1219,958,1109,1294,1514,1548,1657,2169,1908,1553,2087,2272,2374,1716,2680,1628,3309,2808,2286,1855,2082,1602,1640,1533,1874,1685,1594,1545,1554,1444,1300,1374,1283,1429,1621,1267,1280,1275,1255,794,802,904,796,872,715,767,628,682,644,681,845,754,639,525,714,650,554,884,574,554,514,742,548,643,616,610,534,382,468,593,665,482,682,472,577,691,414,392,427,546,499,492,596,436,856,409,440,467,570,504,419,400,448,570,480,441,617,418,416,398,372,626,443,434,532,427,399,412,354,465,493,403,404,314,450,524,396,440,365,423,376,388,435,456,591,230,354,358,368,524,383,521,319,415,372,383,367,397,383,392,314,376,438,475,321,294,412,311,416,317,309,370,411,264,418,449,402,396,371,309,342,525,402,336,374,508,294,462,335,308,371,457,296,394,383,277,338,284,366,422,320,376,375,468,611,397,370,441,339,290,317,281,432,353,340,463,427,452,246,378,466,322,481,351,470,466,362,528,307,286,364,346,509,319,333,347,539,670,434,387,370,451,415,321,463,597,387,421,339,399,439,339,462,552,473,487,609,415,570,687,458,620,447,401,467,368,455,409,545,613,583,433,663,703,668,660,1021,715,1310,629,405,658,529,619,438,468,525,531,609,769,854,576,1268,738,584,653,543,503,470,439,447,439,444,462,491,570,406,645,379,432,470,449,468,467,406,325,438,476,487,445,487,352,468,358,411,580,348,569,458,393,558,640,472,358,294,407,377,339,381,370,377,377,317,379,509,405,347,329,223,324,357,261,297,335,347,408,297,426,368,374,
36.99,208,517,504,1125,44968,7609,146531,1158182,403125,3898,634,1719,61024,97145,5421,88978,20916,24172,6059,2051,25347,100373,65938,5973,1540810,85419,693229,1582,19471,34109,133038,11127,50414,23296,7512,238834,286303,18327,31872,94669,8964,19929,9214,7672,25110,33549,21995,40438,45687,5400,435600,4226,2503,871,28929,20778,39954,22405,2669,5891,3342,3638,637,9065,121416,22581,3345,13208,4748,3772,3920,844,8435,30543,13168,11899,65031,4902,2617,3741,799,6880,16956,7513,976,4632,7321,3104,6044358,203541,10811,8145,4774,1193,4514,5218,12222,5555,2031,7551,10758,2089,3689,16668,4823,7351,933,1518,6762,3020,1015,18334,34626,5885,1440,532,3197,3366,1393,988,4469,2834,98995,23477,5994,1814,5246,4130,869,4992,1452,3690,3082,3050,6407,2435,3032,5377,7257,7583,24983,1687,9259,11603,4355,773,2416,868,1580,2210,1552,47241,7450,3756,1114,3501,1366,2565,3061,7241,4236,1482,925,714,5111,886,907,999,3310,2413,6262,21427,3994,2212,518,1303,663,1445,1722,2545,4773,1936,3738,1152,1348,728,1088,6151,8778,33313,16374,7169,2971,1240,822,1561,1838,1647,963,31609,7289,1855,1899,3409,2591,1845,1690,651,67288,5773,1135,637,708,1081,1244,1844,609,1927,2990,3816,1425,2834,1062,4042,586,1533,1624,2219,4400,1525,2804,790,1186,598,1863,1231,1464,9306,3866,2622,2905,1170,679,1148,1515,1370,8914,3461,2315,4459,928,366,1597,3589,3226,1306,3440,2318,1285,1582,1244,837,1274,1190,555,1885,3240,1885,790,3569,4533,3978,1364,10938,1420,1208,2007,1331,11649,4865,1645,1423,1741,1197,1633,2554,1055,2551,3249,5668,11634,3012,1255,1354,10450,6111,5085,3324,943,810,991,1142,1537,712,4232,1471,1995,3148,4334,3600,1942,2375,1196,1217,1323,1399,1059,797,572,1632,6052,3296,3007,1707,9396,3527,3773,926,854,932,761,789,1423,1393,675,1525,1041,2413,1369,1459,6263,31368,12450,12964,1742,1125,1672,921,1007,729,1679,775,826,846,6925,5901,2430,11482,11481,9520,4298,4714,1064,876,1634,1845,934,831,1007,549,4327,13101,11357,4854,7421,7173,8729,3315,2170,1912,624,4520,2912,1166,817,6797,2441,4571,3460,5423,6071,4019,29026,11339,2936,8654,10579,1222,12857,6459,83459,48942,49013,5576,2611,3728,64519,38245,203708,313230,42291,4275,13217,6941,2269,36537,16156,3119,7907,101007,46694,3308,2215,117907,393025,266760,36972,13055,5994,15353,22672,9297,12766,23164,52898,105690,793319,101332,36927,16380,51732,76197,85823,204935,201124,117889,66955,62613,33672,120285,69607,219396,190278,91312,12521,283442,127221,59509,674795,441335,968852,851601,486314,71452,40786,126592,221615,127750,149349,241862,138550,44824,19184,110866,410227,984119,630271,1058941,800354,456987,133173,37095,72624,103627,55321,20565,16127,8243,90320,24056,91825,355831,229789,123356,59047,44127,8380,5692,5109,8274,14202,13239,5669,5858,4094,11341,7988,5759,10171,16891,9799,5983,7245,4708,47333,24864,3526,2874,2986,2595,4335,4368,11663,7345,2888,13020,6613,2418,2378,2727,2520,1854,2597,2898,2714,3855,3460,3821,4040,2788,2217,2439,2705,4998,2467,3402,38766,26594,14380,3755,3259,2821,4097,2743,3692,3516,3404,2828,3390,3199,3350,3547,2986,3904,13495,11002,6958,15023,13158,6119,3419,3459,3436,4054,3971,3360,13258,12738,7069,4547,3491,3707,30284,28175,14514,9064,6518,4738,4369,4183,3135,3239,3576,2791,3242,3316,3145,2977,3358,3651,3657,2111,2677,38654,31914,30472,11290,5290,2663,2047,2743,2402,2167,2399,1657,1144,1342,1497,1485,1255,1580,2453,1797,820,1656,2562,1440,873,867,850,600,1069,636,807,1571,750,485,446,605,406,574,539,537,651,457,405,573,545,497,347,498,400,531,409,676,442,528,605,595,394,447,802,734,505,394,522,467,723,500,454,506,555,494,434,681,367,461,372,500,608,437,474,384,464,444,444,331,388,328,457,419,563,678,368,434,341,327,406,415,460,742,1173,388,502,510,392,478,567,642,808,758,726,741,703,1329,1184,750,1487,1657,1755,2137,1074,1047,840,1288,1171,1902,1077,1730,1724,1265,1490,1519,1477,2238,1756,2782,2529,1996,2910,2807,1854,1497,2050,1918,3610,2503,2340,2155,1970,1883,1845,1704,1633,1651,1500,1292,1386,1332,1490,1702,1258,1192,1218,1453,1578,1501,1225,1021,775,946,1018,943,825,770,685,807,903,677,682,671,699,729,717,743,1443,1670,838,603,648,614,692,621,571,581,567,579,553,530,531,521,567,529,504,692,501,514,566,507,513,585,800,557,581,506,769,453,573,548,538,519,601,828,456,488,531,598,656,602,479,366,456,429,447,559,595,531,442,369,339,487,500,539,540,417,357,443,549,536,455,298,438,418,424,598,512,418,566,495,461,347,307,328,495,411,311,398,342,410,433,410,399,378,399,547,444,413,362,570,430,344,371,371,523,755,446,389,418,506,397,431,452,536,608,416,492,426,409,452,464,372,437,522,494,475,432,356,414,490,511,400,373,381,388,589,338,365,613,585,465,343,336,412,491,442,371,426,551,389,465,500,340,489,429,517,343,460,335,336,379,495,444,457,443,427,414,821,480,384,425,659,561,601,750,549,513,384,487,557,450,511,604,593,509,722,729,589,1252,926,637,524,605,536,510,507,563,525,408,631,569,699,1163,908,603,1110,1001,628,939,694,707,813,470,538,526,488,453,757,700,859,834,521,1014,937,624,486,518,491,470,423,427,464,383,514,633,470,457,630,481,531,572,452,497,485,527,494,525,411,466,571,454,424,335,492,515,434,399,503,417,424,446,483,442,531,512,403,410,471,426,412,436,382,435,378,443,439,359,393,361,408,458,429,415,396,474,310,373,397,364,391,
36.82,207,295,506,1044,41215,9890,143699,1386374,411070,2413,384,1047,58190,90382,5337,92308,25170,29161,3427,2040,26283,96667,66285,5204,1568494,86096,694434,1877,17943,38129,128102,9692,50419,25560,7824,131839,292789,18809,31861,92311,9576,19907,8097,6691,7739,22694,24152,41439,47344,4931,432222,3510,3634,757,23931,25040,37543,19908,2078,4775,4062,3196,1027,7884,118902,23369,2980,13471,3321,3590,4912,561,8211,30352,12232,10432,61761,4618,2494,4875,743,6836,15807,5900,1010,5277,8524,3483,6043092,203349,11178,7699,5225,1236,3902,6356,9272,6630,2277,6986,12960,2565,3173,14831,3337,6181,658,1046,6171,3216,1137,40499,32291,5773,1781,640,3182,4418,1681,543,3700,2470,67578,15638,6123,1105,3938,4070,563,7210,1490,2825,1731,3187,4804,2907,2878,3487,4189,6728,19564,1541,9976,9489,4233,823,2013,818,1197,2172,1558,40679,6025,2846,1014,3517,1183,1912,2514,8530,2268,2143,834,1139,5192,707,900,2230,4893,2098,9420,16322,3056,2358,843,1663,776,1266,1175,2140,3100,1362,2837,1500,1831,1124,1312,5318,10167,33633,19498,7278,2898,768,421,1128,1916,1243,1009,32040,7587,2147,1146,4500,2576,973,2073,918,47181,5489,947,460,576,846,1125,1782,398,1521,2909,3614,718,4112,891,4239,527,1440,1769,1730,3195,1178,2240,487,828,446,1084,1064,1432,8132,2470,2795,3518,1448,341,1400,1605,1568,8303,2463,2501,2831,956,391,1182,4397,3056,1222,4420,2528,1010,1734,685,900,1115,1399,530,1133,3128,1548,969,3278,4445,2184,1122,14640,1059,1634,1801,1688,13152,3828,1237,1110,1338,1036,1235,2291,959,2080,1381,4483,10081,3237,942,1434,8959,7014,3838,2474,1206,1085,571,578,1145,552,4068,1327,1641,2032,3145,2629,1388,3197,582,1201,936,1231,726,738,577,1739,7212,2980,3086,1372,5883,2838,2635,550,722,915,794,775,1401,939,487,1283,1148,1515,787,1468,7176,27709,11465,8718,1460,1904,1956,602,927,661,711,955,740,1223,9091,6273,3253,9050,6568,9769,4290,7050,880,876,1394,1426,763,654,746,522,3584,15751,10124,2768,6973,6834,8751,4171,3841,1397,678,6903,3046,1457,1052,8030,3244,2857,3328,3975,7903,4990,47760,17498,5128,14079,15543,1898,19448,8252,37942,17388,28344,3764,1761,2517,73689,44885,155269,245039,26597,2947,16829,6720,2201,63461,29242,2837,5017,39664,16890,3038,2134,176511,412589,276909,42123,9414,3748,26308,23255,12479,13420,22085,57618,110863,420736,57469,38106,17676,56343,65533,62496,229559,216262,120151,59001,35744,18700,126520,71294,267675,156516,70824,12997,99953,133794,72219,750727,506362,1022284,832126,451158,50178,50756,149518,216573,111015,157966,207255,112908,39940,18050,112406,419560,884517,542915,842572,549212,304796,54708,22079,59213,70627,36596,12399,8765,4707,101503,21741,56715,222554,139478,42563,20494,9709,3234,3622,4923,6565,13363,9135,4434,5721,3136,8512,5031,3983,7698,9169,6010,4157,6212,4428,54809,31919,3840,2395,2293,2406,2910,3520,4062,4042,2869,10315,5166,1899,2289,3009,2703,1759,2793,2580,3968,3360,4009,8170,7714,7180,2914,2667,2887,6705,2494,3809,43794,31952,17494,4298,3421,3507,4014,2590,3555,4066,3923,3459,3670,3944,3301,3444,2983,3719,6728,5479,4795,18528,16000,9028,5205,3885,3809,3573,3626,3309,13805,11198,6229,3786,3399,3556,18712,17373,10178,4809,2779,3123,3576,3271,3231,3161,3283,2929,2662,2953,2424,1931,2750,2219,2613,1480,2566,14504,11657,11938,3687,3016,1424,1713,2357,1685,1298,2170,1197,890,1097,886,934,682,1038,1095,981,600,967,3175,1646,542,474,568,535,621,392,633,1241,451,454,388,467,467,453,372,505,460,285,408,327,433,701,397,526,312,351,671,304,449,466,502,488,415,325,869,587,374,350,355,409,517,405,415,270,292,299,344,388,337,255,408,437,328,354,352,325,374,414,393,377,295,353,368,431,358,751,400,468,309,559,312,371,741,727,886,485,377,349,455,472,749,572,848,649,780,716,1275,1357,1048,756,1127,1789,1472,1639,1871,1325,1126,1569,1365,1453,1595,2266,1364,1355,1927,1483,1961,1797,1972,2636,2107,2262,2467,3043,1747,1513,2269,1713,3107,2023,1602,1739,1375,1458,1478,1382,1592,1203,924,1372,998,1013,1325,892,792,734,689,1255,1005,1100,1060,717,772,728,906,792,651,603,707,588,654,573,681,586,603,595,594,648,1636,1620,696,410,457,949,496,580,561,509,432,538,547,343,453,579,494,481,695,536,640,428,368,479,397,352,515,584,504,415,525,647,492,446,487,521,502,423,368,403,551,511,445,411,378,698,340,445,332,467,361,334,565,437,414,443,459,325,541,564,460,352,285,303,374,365,399,377,342,362,290,362,469,627,357,449,520,392,349,398,414,554,344,463,359,413,354,437,485,319,423,313,300,405,366,496,500,481,351,331,366,366,446,370,396,344,357,338,481,377,393,371,409,397,290,558,404,331,337,425,334,445,338,303,370,305,360,413,290,317,276,363,314,355,372,304,297,433,384,272,372,295,530,292,437,417,351,448,394,607,472,413,325,312,438,484,298,342,298,450,447,467,408,426,441,588,522,366,603,644,474,405,364,385,422,353,420,630,403,756,726,438,990,738,477,441,515,618,648,549,600,426,471,388,550,588,932,781,554,828,742,443,852,560,532,419,426,559,437,337,564,531,640,496,732,400,914,640,546,381,450,679,533,391,366,350,461,396,468,461,398,526,267,458,419,366,500,379,361,436,485,362,411,572,325,279,391,383,368,378,328,425,374,392,323,401,386,425,382,460,302,398,342,325,406,368,485,389,430,418,234,319,395,454,268,344,336,370,279,583,364,298,350,375,
36.64,206,474,477,1365,49000,7914,150951,1604811,421315,3654,641,1399,60512,90392,7538,97529,26924,37060,4601,2192,27105,101280,66416,6007,1606834,84816,597124,1819,26114,44054,136051,12306,46904,25204,7413,84576,286963,22388,35926,87451,9539,23152,9537,6868,7642,17970,26251,42574,45869,5308,447120,5015,4066,1212,24648,24200,36823,22536,3256,8109,3419,4818,1290,9907,117961,22040,2990,13940,4589,2817,5053,939,8652,29693,13938,14843,64622,5079,2847,5363,1212,4905,14992,7191,1828,5184,7549,3811,6053712,189318,11448,9880,5361,1195,4780,7258,11571,4963,2416,7621,12608,2523,3430,15185,4738,5887,856,2076,5974,2873,927,94317,25399,5225,1672,600,4102,3869,1391,655,2634,2581,51688,7787,5221,1293,4150,3695,1211,5411,1520,3938,2398,3371,6529,2454,3161,3212,4245,5445,18213,2600,10513,7863,4657,959,2171,1069,2398,2056,1979,39028,7078,3428,824,2220,1618,2048,3024,10740,3365,1550,829,959,7120,1200,1138,3620,7121,2239,10387,16968,3590,2196,919,2158,1057,1638,1792,2449,3540,1528,4298,2152,2857,675,920,7251,15732,33008,27831,7313,2620,798,1029,1719,1518,1919,1156,30653,7097,2342,2257,5228,3380,1465,1745,1067,34802,4507,1061,641,801,912,978,2085,755,2241,4354,4416,1415,4255,953,6935,611,1506,1937,2146,3061,1042,2810,748,1149,590,1542,1091,1390,7246,2935,1943,2895,1198,626,1401,1521,1222,5877,3430,2128,2133,798,684,2152,7135,3069,1116,3356,2105,1025,1003,723,827,992,1455,927,2070,3325,1777,1016,2933,4657,2165,1535,13934,1268,1682,1782,1526,12987,3927,1726,1104,1259,980,1930,2547,965,2062,1727,11210,10876,3341,1072,1852,8699,5213,3447,2599,1070,1281,979,1058,1360,644,5999,2558,1473,1978,2905,7495,1411,3022,1047,1005,1416,1449,1014,678,655,5092,6849,3115,2718,1895,5139,2530,2330,713,801,814,920,783,1813,1160,498,1162,1219,2198,874,1236,7464,27590,9632,8317,950,7682,2269,606,1102,865,916,940,1147,1090,8074,6433,3084,7643,6135,19705,7549,11414,1067,578,1400,1093,901,800,907,577,3659,23669,13805,2682,8496,7351,12529,5454,7980,3603,1002,14572,12485,4486,1061,15274,5642,6042,3758,4835,23937,12797,94343,40288,11100,20392,23056,2241,36077,15753,22276,8941,17584,3295,2142,1861,79159,49819,119396,186815,19139,3134,27606,12191,3091,123025,61982,4921,3956,24298,10217,3396,2530,288709,449167,288059,43910,19020,6119,46633,23593,11222,15304,22366,58602,105198,248735,45604,39812,18995,61084,57103,125107,272627,219349,118903,45958,23910,22959,130632,73198,377712,225757,94687,13103,60092,152355,115776,835716,577787,1067080,801806,422287,42385,79404,184740,225940,123249,152562,182277,93782,38964,19567,117725,390820,785758,481134,710736,418224,223929,35261,24739,50811,58353,28070,10616,6523,3556,103888,22993,40045,163183,101154,40018,17265,7375,2896,7010,4101,5615,11246,8110,4643,7180,3916,6142,4447,4393,6959,6759,5719,4066,5766,4093,57116,31872,3825,2421,2005,2308,2747,3721,2691,3867,3158,7170,3779,2433,2855,3201,3187,2747,3049,3572,7935,3315,2488,26069,20675,17762,4963,3500,3927,8908,3526,4043,47752,32600,18155,4197,4841,4515,5316,3056,4641,4347,4103,4341,3852,4119,4324,4267,3999,3972,4745,5384,3769,23487,21020,10069,6490,5224,4374,3543,3409,3815,13752,11278,6107,3831,4122,4116,12960,12813,6082,3822,3011,3277,3367,3043,3686,4507,2874,2315,2443,2416,2561,1483,2279,2081,2482,1817,2370,7256,5970,6153,3135,1711,1379,1695,1260,1794,1614,1603,1266,627,731,615,973,595,1125,838,784,775,842,2589,1812,486,418,463,569,576,336,666,636,637,532,373,514,391,532,423,481,449,378,441,641,356,517,363,422,595,438,500,492,398,495,375,519,357,471,866,631,499,378,336,394,457,482,437,427,410,388,307,483,450,491,398,507,413,372,465,398,573,540,657,363,482,567,471,420,524,959,508,498,364,554,386,825,913,1060,2075,866,676,498,718,849,850,931,1041,1007,997,1658,1276,1642,1761,998,1598,2102,2137,2353,1727,1306,1615,1684,1800,2614,1783,2532,2384,1852,1630,1535,1973,2394,1942,2727,2142,2433,1915,2117,1875,1648,2017,1635,2759,1973,2171,1470,1245,1371,1190,1439,1131,1058,1061,1279,1015,1067,1170,806,893,807,846,988,1015,1139,1019,787,630,695,826,749,593,918,590,481,573,523,590,430,494,530,1004,1352,1718,2237,619,502,575,591,529,497,657,447,467,691,497,468,574,548,406,394,453,442,500,523,492,441,451,517,478,420,464,511,612,540,560,521,425,309,377,454,457,386,534,492,528,406,368,458,358,487,462,488,378,351,493,486,443,429,561,486,373,382,550,426,369,402,419,474,450,550,552,512,387,440,484,502,374,481,438,417,365,318,367,386,438,344,422,463,551,481,377,398,410,481,360,416,380,518,352,475,513,464,541,422,348,380,541,524,444,616,513,528,569,388,519,465,333,353,407,446,510,473,398,334,360,449,486,463,481,534,453,427,700,449,532,423,521,572,480,385,470,441,410,517,456,482,457,410,395,595,405,436,438,467,424,421,425,337,589,398,439,544,485,783,389,499,373,797,1003,787,696,618,517,584,587,434,462,505,462,662,699,660,889,703,978,791,511,572,479,589,498,687,550,477,510,473,580,645,941,815,662,677,971,561,647,519,578,452,462,475,424,473,534,675,614,656,712,757,690,569,556,409,498,523,472,591,443,435,499,569,423,448,447,401,467,412,479,445,365,464,406,453,384,426,660,338,450,424,444,396,366,483,478,401,467,471,477,374,397,283,367,375,496,405,348,351,351,381,324,412,343,444,317,376,327,385,382,383,362,317,408,468,462,368,474,443,
36.46,205,426,556,859,47944,7316,162297,1588465,407005,4187,469,923,70450,100130,6243,94001,23292,33045,1851,1926,33531,109905,65772,5269,1582330,87281,368023,1833,27631,45982,143276,12697,52484,26859,8760,33272,292438,23167,34867,92433,6922,16119,9298,7134,9399,15599,27121,43816,45426,4702,438374,5689,4468,800,21481,25728,37761,21309,2473,4746,2348,4040,733,10007,104510,23185,3761,11980,3468,2741,6659,1019,7818,24437,12969,15385,67598,5986,3160,6597,1464,5994,11190,5324,1126,4921,8783,2376,5994540,185239,10515,5830,4400,1323,4513,7088,10998,4512,3156,5830,12787,2413,3096,9343,4989,6315,1185,2158,5499,1956,858,117462,18407,4213,1784,497,3311,3072,966,553,2508,2617,27347,6719,4046,913,3514,4053,645,6273,1672,3352,1082,2971,6139,2387,2327,2424,3433,4939,17436,4039,11344,5582,4724,1008,1361,626,1718,2809,1946,28611,4486,3477,876,1438,1761,1239,3270,13036,3432,1425,1147,718,7917,1013,1039,4382,9161,2729,11680,13658,2986,1969,788,1308,1391,1913,1804,2483,2327,795,4096,2241,2901,683,1662,7224,16814,26491,30005,5840,2189,573,530,1308,2670,1500,2172,30567,6600,1502,1458,5845,3010,1230,2057,1494,15399,3643,1336,632,807,716,755,1527,505,3290,4581,4706,1354,2156,618,6288,551,2348,1226,1626,2222,843,2748,738,725,351,975,1163,1353,4078,1304,1774,2524,853,464,1317,1464,1033,5653,1923,1738,1366,767,647,2106,10399,3502,1040,3556,1349,835,765,705,653,1418,1196,443,1596,2576,1890,943,2504,3289,1507,3790,11066,1205,1942,1211,1921,12447,3452,1331,1205,1125,1018,1094,1748,533,1350,1267,13110,9255,3600,1096,1763,7830,4459,2131,1278,1184,364,1131,790,1375,452,6399,2461,1315,1374,1876,15315,1493,2293,717,1108,1349,1086,765,674,555,6416,6268,2858,2720,1845,5218,1867,2629,500,790,923,518,622,1723,856,507,1112,785,2524,782,2133,6266,16263,4524,4979,661,12347,4315,1034,830,900,635,649,1077,1187,8020,5452,2345,5281,5934,24244,10038,9988,1282,736,868,813,485,683,925,652,1905,27646,15984,2813,8923,6749,10616,4509,14359,7842,2358,17954,26115,8167,1415,20958,8661,5599,3888,6860,39344,19569,112523,52932,12663,25323,25840,2543,48550,20609,5823,3362,9407,3594,4216,1748,72527,43297,46164,73972,5280,2788,39989,18429,4057,146456,79948,7324,3450,11111,12506,4984,3639,332124,462253,278645,55563,27172,8765,50599,18848,8907,16153,18228,60742,87065,59712,44615,39196,18725,81276,43494,174060,287979,215485,112893,35094,9529,29585,128626,66512,424026,249809,102812,14800,54200,164139,127459,840583,583947,1020630,657161,320027,25472,92732,200805,219955,121524,127622,109286,54080,31299,18289,90918,280951,562776,320752,427286,192060,91671,23669,27663,36355,28181,13016,4610,3451,2734,81198,18768,24072,70178,37808,42065,19636,7766,2574,9108,3220,3703,6768,4361,3843,6266,3807,4696,4423,4664,5091,3869,3906,3305,4017,3120,47060,27001,2723,2252,1888,3026,2530,3319,1908,3169,3412,4132,3390,1992,3101,4254,3104,2378,3219,4518,8567,5778,3286,35291,29885,22419,8047,4318,3711,7579,3308,3752,32663,23048,12362,4048,5194,4171,5575,4053,3588,4182,3630,3277,4294,5022,5069,4106,5019,4640,3949,4134,3225,24929,21537,11400,5998,4829,5006,3731,3642,2844,11354,8677,4058,3723,3658,3794,4389,5083,2119,2750,2105,2756,1883,2307,2817,2329,2697,2061,1817,1698,1528,1130,1814,1455,1583,1105,1727,1541,958,1506,748,830,939,708,870,863,1281,1151,549,719,687,466,615,321,453,481,406,1121,820,1713,1125,614,352,326,315,443,358,411,436,351,380,559,411,349,588,375,294,341,246,353,571,540,458,407,360,353,368,396,324,477,532,581,438,350,513,707,618,417,309,384,406,494,339,350,324,322,324,431,399,350,422,330,424,250,403,359,355,453,413,426,295,411,479,539,641,526,967,480,473,346,404,395,658,894,1096,2410,527,603,705,588,928,825,830,989,775,853,1487,1246,1638,1383,951,936,1912,2152,2930,2137,1129,1253,1681,1328,2815,1895,2377,1876,1480,1524,1773,1658,2127,1790,2238,2183,1720,1852,1799,1843,1513,1937,1036,1771,1237,1760,1139,1071,992,934,912,785,846,934,871,764,1054,1029,634,709,563,604,530,855,608,494,466,540,522,582,517,528,703,542,405,534,574,561,527,419,367,893,1834,635,1379,311,393,358,583,410,387,529,413,453,428,420,557,422,519,410,529,366,391,345,640,480,401,528,498,395,367,479,392,470,441,400,342,416,320,371,527,400,349,324,343,385,376,500,461,483,389,355,382,385,433,616,270,441,378,368,457,391,365,574,314,453,542,249,391,421,482,561,357,379,392,527,505,293,409,315,375,467,343,309,352,349,552,518,558,335,411,362,291,324,380,348,371,380,326,322,506,362,392,312,361,449,512,380,423,499,352,326,446,343,500,367,673,393,533,487,272,422,416,388,446,392,342,405,404,375,498,509,389,293,466,490,393,370,447,316,343,342,358,457,531,390,565,388,451,453,306,638,419,318,324,304,324,296,369,510,346,351,537,328,435,459,546,404,523,596,641,642,629,444,336,461,555,442,449,570,389,501,732,729,520,852,759,378,477,575,367,336,587,368,256,500,453,563,538,754,679,632,507,569,560,493,561,534,508,318,445,341,436,341,410,364,660,635,571,499,391,462,584,388,478,404,464,411,510,504,578,310,475,374,362,403,285,388,277,420,327,480,284,415,329,393,288,406,394,376,361,406,519,283,302,369,373,328,316,263,356,280,344,522,418,342,365,283,343,196,294,303,277,456,398,365,362,320,329,370,390,361,328,324,286,245,207,
36.28,204,423,542,1879,55289,7320,177060,1459149,397808,4119,383,893,84876,107911,7483,98964,23095,31498,2216,2314,37382,119912,73668,5986,1519747,82268,221610,2292,35355,49283,154186,12955,59280,25163,7937,21898,262100,25690,39476,98646,8658,21577,10294,7923,11112,16004,30790,49031,49737,4715,418886,6086,5768,1385,26437,29567,33105,23245,2484,6622,3408,6386,1235,11424,95204,21018,4100,13385,4570,3186,5954,1654,9523,21573,14700,14520,62117,4990,3144,6701,1394,7067,11850,6530,1622,5140,7799,3024,5883408,176612,9692,6420,6153,1012,3892,7707,11568,5810,3403,6649,15153,2409,3614,6950,5640,7185,1492,2320,3441,2639,742,138271,13551,5902,1580,681,3190,1848,1644,680,1906,2996,41537,9546,3521,1740,2320,3832,914,4308,1754,3531,3278,3931,6425,1305,1802,1840,4919,8092,30303,6304,11086,4413,5982,942,969,1168,2025,3242,2189,24737,4177,4424,718,1437,1732,2412,5308,13550,3800,2853,832,1079,6024,2300,1151,8491,10465,2983,14554,12946,3938,1996,766,1686,722,1774,2645,2636,1974,1236,6323,3767,2946,532,1360,15766,20495,22192,34549,5334,3521,917,750,1351,2461,1888,1805,29554,5780,2712,1435,7178,3201,1502,2361,2920,8445,3719,1082,409,860,858,1590,1534,519,7061,4529,4246,1286,2705,940,17969,3256,3373,1862,2081,2120,820,3570,905,819,601,1199,1386,1464,3495,1584,2399,2818,753,530,1059,1591,1580,3706,1881,1707,1799,752,613,2759,17956,5487,1146,2906,1494,679,764,899,817,2297,1520,717,1960,3442,2236,746,2166,2412,1429,8957,6912,1381,2024,1515,2493,11007,3906,1800,901,1796,839,1419,2065,535,1622,1220,22411,9369,2722,1591,2048,7989,3662,2289,1658,2385,730,2346,1144,1700,737,5344,1693,1162,949,1434,30790,1796,2639,1151,1065,1110,2169,963,656,807,6674,7067,2023,2915,2686,3458,1714,2524,528,513,730,738,700,1814,1053,547,1017,981,2818,903,1529,6458,12478,4703,3675,722,24232,9576,963,757,972,755,930,1005,1548,7003,4059,1752,4287,5333,28782,12166,13536,1614,818,522,1103,938,693,725,927,2398,42585,19330,2929,8666,8301,8660,6880,48049,26668,6750,22633,61971,19890,1596,38273,15101,11527,6019,13437,80394,38170,128433,63880,14576,26168,29722,3428,77240,35215,7056,3978,8757,2946,11764,5282,143709,78910,17790,30955,10990,5412,78625,34935,10228,173443,96973,8887,5683,12354,24836,10584,6803,368004,454384,270291,80519,37714,13369,50011,14973,6806,16289,22049,55991,73858,35791,48098,38186,18116,94330,35509,265329,313318,209333,102358,30835,9372,54069,125343,66855,478503,251386,111181,27400,61574,161351,140957,820493,559089,953539,559248,269478,18842,105499,200313,208911,113725,109473,74435,38487,25199,17584,72228,204010,430459,229705,282479,106778,48566,23261,30933,31836,18585,12039,3782,3710,2788,64885,12987,17879,34042,24143,39296,18834,6642,2083,19022,4228,3524,4143,4918,4215,5417,3595,4292,4286,5800,5179,4618,4920,4076,3755,3511,35563,20902,3486,3506,2515,3277,3790,3944,2585,3937,3766,3302,4407,2692,4182,4178,4116,2972,3941,4816,17016,14633,7668,58052,46869,39811,10081,5440,3845,7045,3528,4587,23915,16481,9682,5210,5672,4865,6804,3623,4149,12668,10978,9878,4601,5867,5151,5366,5337,4209,3861,3957,3398,26020,23395,11024,7084,4429,4669,4218,3535,2489,9598,8800,4247,3414,3582,3769,3248,2750,1724,2653,1866,1828,1821,2662,2118,2770,1964,1475,1458,1281,1248,821,1103,1561,1345,1327,1290,1637,1100,582,525,774,560,715,1392,673,645,555,730,618,504,628,455,410,386,603,528,1246,1026,1089,1072,517,429,609,441,510,381,400,315,323,524,444,360,393,404,349,339,435,416,398,1181,815,355,384,458,326,484,404,525,416,292,758,500,448,422,986,597,296,544,303,631,569,395,396,437,333,437,549,403,488,410,353,426,557,353,732,588,669,616,500,535,620,577,499,898,620,1510,674,720,566,651,640,790,1269,1699,2606,912,873,862,771,1075,806,896,1012,1114,1242,1445,1494,1564,1316,1178,1515,2317,2249,2556,1608,1447,1300,1819,1554,3106,1855,2339,1935,1375,1649,1598,1835,1778,1828,1966,1838,1257,1745,1435,1396,922,1181,1112,1128,1213,1194,776,890,801,1195,666,848,668,689,893,791,664,640,490,715,676,680,727,585,501,710,500,514,497,433,624,585,533,458,498,566,477,742,482,460,504,1119,1237,1072,846,475,576,489,523,420,506,606,491,437,449,541,491,458,556,490,458,471,565,327,473,439,420,434,513,470,556,552,358,547,467,350,535,413,562,520,379,535,411,479,476,511,527,406,363,507,367,367,518,319,365,344,476,543,464,498,486,464,460,362,503,466,385,398,433,513,386,342,479,600,504,339,459,644,409,477,646,369,450,470,405,474,601,363,357,402,475,437,406,460,435,444,552,411,403,325,472,360,326,555,415,489,523,345,413,642,523,479,454,427,409,312,346,334,428,397,343,430,316,446,353,409,450,437,374,479,404,463,505,438,555,324,419,306,324,445,433,429,430,410,494,396,378,619,594,445,462,417,412,412,472,532,408,433,319,513,463,473,484,348,501,414,739,476,660,826,730,742,599,539,399,393,400,495,612,734,756,632,771,739,559,749,679,540,462,684,618,455,469,443,420,500,463,425,508,675,812,703,469,560,410,503,519,423,496,475,461,480,480,506,533,448,654,484,459,520,372,516,522,445,373,441,527,479,702,396,420,326,457,424,550,441,436,302,482,372,407,388,431,377,352,334,422,369,329,430,377,395,469,294,392,387,291,376,447,405,545,451,395,476,337,394,369,460,429,462,447,313,304,461,437,396,450,355,411,487,491,318,350,384,303,420,384,
36.1,203,445,400,1747,57936,6621,213698,1033606,328822,5061,401,894,85713,115731,7390,103771,20299,17033,1205,2705,39014,115712,89517,6281,1343714,72882,90418,944,34221,50833,159097,12809,56662,23104,9581,16764,233270,24283,40974,100548,8098,20875,9477,6940,10779,17565,31980,47369,47341,6061,401143,4619,6283,839,24669,28159,34683,18334,2700,6017,3373,6162,925,13460,71260,18189,5549,11580,4440,2507,6473,955,9308,17753,16509,12114,54198,3703,2732,6117,896,5771,11109,6030,1259,4782,6643,3207,5405262,149496,7994,6244,4983,1053,4127,6563,10405,3427,2669,4376,12037,2670,3187,5427,4520,8168,1483,1587,3705,1649,529,122716,7395,7351,1658,511,2680,2069,1183,580,1299,2570,48298,11464,3697,1157,909,3305,1135,5004,1977,3438,4475,2515,6064,976,1225,1090,4968,7868,43141,6271,8554,4065,4519,642,663,724,1619,4020,2800,15794,3786,3125,438,1229,1162,2439,4774,13102,2777,2230,1269,776,4593,1205,809,9102,11980,2964,10178,13000,2558,2401,1036,1646,620,1403,1955,2454,2342,1042,4846,3060,2739,579,1485,24267,16795,19219,30634,3154,2265,904,650,1353,1937,1665,1076,28432,4601,1713,1286,4917,3375,1694,1751,2784,3995,3328,1159,463,646,701,1368,2191,797,6680,3056,2901,1070,1726,879,24747,4489,1580,1777,1983,2113,536,2723,817,751,398,978,2057,1440,1957,946,1809,2110,679,363,1142,1838,1362,2648,1029,2040,1207,863,390,2123,23449,6108,392,2759,968,838,575,877,697,2832,1472,623,1241,2172,1381,504,1454,1803,841,10604,2758,1552,1083,1235,2138,6974,2785,1483,545,1076,1111,1128,1621,596,1248,1361,31205,11761,2496,1278,1414,4592,2388,1064,935,2458,1307,2544,1418,2034,341,4529,2140,1201,577,610,31704,1740,1764,584,738,1057,2262,991,713,898,6782,5318,1760,2427,2278,3021,1153,3391,692,433,751,608,692,880,631,356,1002,915,2685,685,986,3935,6077,2472,3060,601,25252,8572,815,655,669,869,770,1003,901,4042,3737,1725,2907,6298,32782,13797,12608,1046,509,594,674,778,945,893,1778,1502,47548,23208,3905,7734,5377,5653,9009,68886,33823,9307,20799,83447,30159,1234,45401,15735,14405,6857,18624,88751,53359,124877,56055,13818,19772,23067,4819,99381,45160,10616,4342,6929,5226,15295,7048,183066,105233,11760,24876,12250,8514,101853,43472,9961,173748,97957,7731,7265,5931,29005,12728,7578,362560,410461,229936,89133,45381,15179,36230,7342,5962,11892,37394,41055,40034,17548,45774,42058,16462,93732,23431,294983,322814,186045,79914,21063,10214,67522,141258,70062,486423,228804,91869,35054,65982,141558,127809,722765,473621,718867,358838,153364,11473,110339,185940,176467,84971,61166,26646,18035,22705,17404,39401,96863,190908,90220,85256,24403,11999,18279,19945,19080,7870,8289,3400,3066,2127,26302,5655,9656,13808,9567,24839,11706,3936,2206,17539,4373,3501,3109,4475,3434,3938,2907,3820,3545,7652,5327,3953,3606,4232,3650,3058,15395,7873,3431,3766,2669,3873,3900,4595,3156,3918,3891,3741,3504,3298,3815,4646,4760,3226,4487,4645,27001,23041,10914,66931,52927,46450,12758,5397,3832,4929,3762,3971,7696,6497,5453,4992,5535,5656,5380,3878,4002,21006,17928,18389,5661,6397,4685,5037,5467,4592,3558,4009,2221,20949,19243,10833,5555,4468,5240,3502,3369,1922,4127,4193,3070,3132,3298,3402,2178,1783,1226,1847,1277,1441,884,1956,1224,1709,1610,883,1103,948,909,476,776,781,1131,1010,857,956,582,625,387,400,561,1101,1175,761,625,557,405,473,527,514,391,386,434,362,497,644,705,954,436,351,312,403,410,418,420,329,304,306,771,446,415,402,348,427,514,298,479,422,717,501,515,346,447,419,423,357,388,340,348,709,357,343,403,817,520,406,757,594,464,431,355,539,210,315,340,406,470,341,359,321,407,349,355,443,574,839,553,505,450,466,635,485,1170,638,1698,542,717,516,541,717,733,884,1342,1693,677,1044,617,1004,876,1024,944,773,1322,1033,1550,1568,2366,1445,1043,2003,1634,1571,1653,1659,1672,1172,1185,1172,2286,1437,1720,1273,1088,1358,1223,1459,1607,1299,1230,1020,968,952,882,714,807,799,768,756,735,617,628,505,804,664,681,677,803,446,595,494,489,658,652,466,518,465,519,546,540,508,455,560,505,520,558,361,382,360,404,424,447,524,450,466,384,456,717,382,392,409,536,349,438,358,315,301,322,376,420,348,331,454,569,373,459,526,481,349,431,321,390,594,350,375,341,387,454,361,404,304,322,451,341,402,383,459,342,477,382,515,398,449,354,488,336,370,404,425,368,432,387,325,425,379,435,316,416,399,344,466,553,273,363,381,341,477,399,291,291,442,386,356,306,429,345,380,447,413,564,340,395,280,256,255,350,450,343,367,308,363,422,493,302,401,471,384,279,258,517,361,367,383,330,389,537,378,322,489,432,297,425,384,302,291,334,407,340,420,344,372,479,337,351,302,401,380,316,379,586,455,338,366,398,433,276,442,362,365,354,350,387,455,419,357,351,339,339,412,359,545,387,447,337,509,359,449,366,400,367,408,477,400,657,560,476,630,496,473,367,567,404,395,385,502,589,340,659,647,464,559,578,329,419,349,366,402,369,527,404,418,400,477,342,550,443,452,435,464,389,401,493,400,515,667,339,420,316,382,357,450,435,349,440,301,350,376,471,463,355,331,337,507,384,285,342,341,341,342,342,357,322,341,352,362,369,322,405,418,407,521,410,446,349,379,310,262,316,375,333,498,283,458,402,464,465,324,443,461,324,425,351,383,340,389,409,359,359,352,299,427,294,203,236,368,310,320,213,368,282,266,332,
35.93,202,418,481,1376,60540,6708,211974,877801,313465,3466,419,1695,94994,106306,6380,105695,20407,10444,1357,2484,38489,124614,79310,7360,1232762,67615,67643,1434,34950,52677,164254,13469,62487,19428,9167,15126,202461,23236,38421,89373,9217,22256,9376,6827,9102,14426,33795,52249,45265,4645,354856,3640,5724,693,30010,24597,31599,19180,2206,5581,2479,5515,1441,10405,60877,17210,3361,11334,3348,3534,6124,967,7242,14926,11322,11351,45742,3249,2742,5439,951,5216,9760,6136,1044,4681,7258,2527,5005736,123194,7027,5484,2869,782,4468,6801,9823,2887,2291,3697,13077,2112,1723,3990,4969,6702,903,1599,2122,1955,589,104646,7635,9555,2105,568,1866,964,1359,465,976,3465,64734,12763,4340,1179,1317,2662,624,4577,2382,2625,5980,3190,6256,890,1661,1109,5623,8445,65609,9347,9003,3659,5935,859,711,721,1016,7463,2658,22908,5488,6497,514,1016,1305,2069,5785,14193,3185,2701,1203,1144,2661,1963,892,13995,12204,3917,13124,13547,3301,2422,566,1694,972,1181,1930,2182,2202,1448,5119,2979,4264,355,1575,28553,16497,17140,31822,3859,2472,704,561,845,2270,1143,2032,28124,5234,2068,592,5532,2680,1455,1817,3500,3300,3703,1022,399,803,916,906,1529,432,9302,2773,2523,1229,1722,706,27794,4409,2098,2195,2174,1338,692,3096,848,672,453,1058,2090,1469,2264,777,1892,1620,861,338,1139,1616,1474,2502,1277,2026,1696,789,413,2220,34174,9552,1051,1976,1000,1000,729,1275,589,5492,1493,659,1783,2026,1263,558,1147,1575,1020,13806,2318,1116,2164,1253,2290,6618,2041,1313,579,1103,940,783,1001,751,1679,1484,45180,16134,3012,1648,1655,5676,2230,1348,1041,4630,1125,3334,1325,3112,611,2916,1631,710,772,472,36217,2053,2246,786,731,1023,1607,1243,985,476,8401,4576,1660,2536,1677,2497,1101,4780,760,607,522,579,962,1029,962,471,1130,887,2738,712,960,4043,6010,2105,2964,582,28933,10186,803,594,715,662,649,1334,712,4339,2520,1298,2823,7483,41473,16065,13626,1309,744,437,683,695,922,1057,3248,1796,55083,24619,5828,8522,6779,5051,17391,90712,49986,13975,20394,98932,35507,1663,45505,16426,16099,7411,24555,98686,53475,110858,47657,11478,15802,17345,4179,140525,59395,12136,3488,6364,6900,25524,11762,212046,127233,14756,24793,13058,17134,102960,45659,9447,172667,95744,8171,6643,8261,32563,11759,8893,337939,362617,205211,94641,48578,17351,23510,5808,5346,11852,56516,52499,26129,13306,39069,47438,17243,86252,23494,318665,314662,175777,64146,16206,13141,79457,171874,85869,481615,207043,80578,39417,66999,126332,125214,633676,403754,587822,255823,95827,7152,112337,171549,142074,70272,43811,14476,16066,21587,15280,24877,55706,98775,49366,38162,9819,7057,15486,14134,13777,5013,8915,3951,2592,2102,13460,3866,7992,9085,7006,16960,9922,4947,2475,20064,4473,3404,3098,3841,4476,3480,3095,3356,4073,9834,7368,3929,5347,3882,3939,3051,7316,4702,3091,3607,2799,4542,4209,4388,3009,4294,3584,3451,5127,3120,4688,5055,4483,3574,4616,3760,36209,29195,14224,69642,55685,49853,13046,5971,4613,4479,3055,4682,4843,5741,5652,4681,5949,5246,5552,3533,4027,32822,30109,25196,8820,5694,4603,4463,5611,4360,2832,3717,2566,19822,15661,9533,5722,3258,4465,3116,2966,1950,3282,2848,2078,2530,2399,2486,1673,1840,1070,1585,1319,877,650,1002,1192,1196,1172,801,849,716,653,576,643,678,835,724,501,753,552,597,675,473,469,681,1630,1007,563,264,368,332,441,393,425,427,418,520,447,837,359,760,637,346,537,369,285,621,443,439,297,583,658,528,412,289,581,544,468,356,311,471,662,569,416,378,384,514,251,330,344,419,449,529,413,369,399,512,477,419,1159,788,942,483,478,412,413,461,288,765,513,483,368,518,535,329,372,466,650,485,718,479,460,478,610,550,837,590,1245,747,640,589,618,884,862,800,1237,1333,640,926,814,731,1129,1012,868,811,1124,1176,1707,1194,1815,1462,1182,1249,2513,1532,2492,1584,1357,1340,1410,1135,2090,1310,1067,1186,977,1210,1106,925,1046,1083,1367,761,678,848,944,798,738,794,733,857,571,677,459,688,550,681,639,443,543,417,400,444,630,571,525,472,444,598,806,496,543,364,344,440,401,475,587,416,423,407,428,343,345,416,401,491,661,461,435,343,566,437,631,371,489,305,573,456,385,402,414,477,454,410,387,331,415,345,374,374,414,420,291,459,434,392,376,317,445,496,376,469,372,479,349,390,348,465,421,339,494,299,555,313,394,432,412,454,346,364,324,319,414,427,607,276,390,304,425,347,336,375,381,345,411,401,472,545,479,352,306,458,351,480,563,410,468,412,405,571,586,402,306,589,483,453,325,361,390,400,321,346,321,353,437,300,257,410,436,505,500,344,338,446,332,447,446,469,352,496,291,308,312,382,422,384,391,328,486,573,327,443,426,354,328,439,436,486,524,354,484,492,420,313,352,441,411,336,550,240,484,413,436,309,402,544,322,330,436,379,417,341,483,463,351,440,386,407,532,388,539,383,415,351,513,459,399,468,308,550,385,428,477,334,586,416,477,441,470,470,611,647,523,326,468,298,350,334,435,316,417,370,314,360,387,469,522,431,357,409,419,437,246,474,377,390,409,444,448,362,403,419,439,390,499,523,527,438,272,232,372,476,476,260,314,592,449,384,277,398,371,409,314,542,420,365,387,354,341,384,265,327,318,459,221,375,397,391,397,321,249,303,404,262,484,352,382,486,256,334,361,399,198,463,347,342,270,340,423,391,505,420,418,385,523,422,381,393,286,326,220,329,224,
35.75,201,383,588,1770,72557,6071,236612,711935,296552,3734,480,1952,111359,131587,7424,119969,23934,6249,1033,3024,48695,144129,88413,7485,1159034,68755,51079,1670,43139,53202,180226,15940,64003,17536,8310,12772,198132,27717,41811,99947,8520,21847,8287,6723,11306,14969,34769,48573,49693,4976,335561,5227,6095,1773,48119,30988,34987,20777,2714,6676,3658,6603,794,11892,49489,20388,4168,12893,4988,3474,6943,1081,8667,14740,15222,10413,48227,3883,3013,6856,1211,6766,9753,6653,1324,5678,7959,3273,4759211,109510,5946,6710,4550,974,5232,7146,12000,3796,4270,3593,12558,2612,2905,6973,4944,7096,2219,2423,4415,1654,728,92475,9572,21826,2827,554,2608,1254,1205,459,1665,2986,98061,28226,3548,3049,1489,3360,1141,5406,3272,4163,16001,3939,6952,939,1628,598,7344,12321,125549,14649,12193,4903,5717,1301,684,1528,2210,10845,2571,32385,7794,8917,1204,1134,1987,2531,5510,14338,3890,4021,1409,1350,2578,1209,1163,17988,12642,3736,10670,15686,2912,2893,962,1320,648,1600,1989,2811,3527,2013,6732,4202,2518,735,2031,34955,19572,21180,29186,5816,2884,1240,568,1098,2580,1860,2004,30382,5953,2292,731,5926,2622,1811,1699,7170,3957,4595,1378,940,982,1442,1378,1882,732,17510,3843,2965,788,1803,1017,31341,5343,2025,4756,2263,2108,846,2295,760,1291,578,1461,1767,2755,2243,934,2087,2008,855,435,1115,1747,1686,3916,2160,1912,2101,770,905,1891,56888,13772,1036,2065,1107,915,776,1721,653,10360,2577,550,1781,2426,1533,885,1207,2138,860,13493,3829,1489,1615,1281,1579,6597,2166,1591,777,1548,1233,1025,1588,404,1389,2436,73331,25375,5849,1114,1670,4041,2022,1125,1102,7320,2410,3747,2004,4883,767,2913,1417,1031,686,664,40661,2933,2528,708,902,1252,2740,1493,1285,780,8084,5004,2647,2939,2306,2079,1005,8372,835,849,668,776,694,1034,725,375,1018,1295,2579,941,1193,3036,6710,2875,3835,629,27964,12947,1271,898,664,811,1231,1329,687,4031,2978,1380,3314,13252,47352,22802,13808,2109,939,670,1271,1165,2536,1124,15109,7733,63720,28454,12886,11431,6631,4738,39382,126007,75132,19746,21691,108814,38101,2311,45749,17390,19129,9616,42219,101750,56160,84535,35762,7706,12448,12993,5593,292139,126623,25940,5133,6829,10837,31572,15445,246117,150221,14634,19125,8245,28556,101222,46868,14809,160292,89078,15025,6722,9587,31359,15089,10608,310555,310754,174015,100924,54592,16812,16572,5472,7884,9373,102396,79121,30498,10942,30576,57322,19671,64662,26951,323812,295579,160003,45049,12489,23444,91421,218284,110508,462058,175618,60565,35983,66862,99391,98332,531331,323857,458016,163469,55283,8507,109922,161335,111809,49669,25099,7928,13800,19561,14105,18781,30885,50616,22617,15535,4882,5593,14781,10009,9531,4282,8796,4131,3638,2601,7659,4015,7242,9908,5535,9967,6690,3360,2957,15988,9198,6202,4270,5283,4328,3345,4581,7062,3729,21726,16743,7938,4676,5214,4897,3782,11001,5790,5098,4466,4073,4702,4773,5911,3899,6499,6035,4122,5799,4342,5676,6152,5556,4472,5374,5126,44485,35217,17794,69822,52431,45382,13085,6590,4507,4692,4340,4335,4911,5519,5973,5599,6335,5914,7404,3905,4401,50628,46664,42263,14449,6162,4267,4088,6355,3906,3759,3636,2930,13859,13598,6361,4710,3227,4311,2855,2886,1935,2703,1549,1711,2054,1799,2159,2076,1980,1023,1547,1403,1115,779,926,959,820,863,791,644,664,1252,473,620,708,1059,738,643,442,470,386,627,559,506,714,1044,734,558,398,453,495,574,620,556,463,445,405,368,497,397,1170,540,482,444,465,352,485,426,452,441,396,783,593,431,413,390,562,461,318,495,432,755,507,405,320,398,376,329,540,375,471,344,543,393,480,353,836,608,460,1271,791,1010,590,405,361,500,365,507,628,733,676,528,546,483,528,426,758,519,962,579,686,1111,640,640,695,1016,878,922,797,846,683,831,691,853,1017,1148,1052,689,965,1343,816,1390,1042,856,952,1036,1155,1632,1631,1284,1249,1104,1735,2199,1525,1669,1457,1227,1018,1265,1049,1715,1064,1331,1158,825,943,980,1140,859,794,817,723,770,988,762,737,626,717,595,481,455,507,667,797,521,603,579,450,482,595,707,492,503,538,625,459,640,666,527,499,476,357,440,701,554,508,694,430,530,549,501,564,501,404,428,503,493,458,403,548,517,420,454,370,425,467,607,449,563,513,366,491,415,436,424,465,422,572,504,461,524,579,393,345,329,355,414,479,467,661,419,589,488,617,356,432,389,450,564,525,350,449,473,386,484,408,344,720,573,517,421,443,477,390,517,319,475,417,383,358,607,639,424,457,410,430,493,499,422,449,453,397,450,408,478,412,356,490,505,718,416,503,502,376,437,451,514,387,426,375,374,509,410,516,299,468,456,393,399,509,506,515,487,403,535,621,433,639,654,384,649,508,527,426,416,431,501,393,464,718,452,425,419,480,414,431,406,465,472,438,477,457,537,595,492,508,575,498,558,414,575,519,520,473,529,554,408,444,609,484,448,550,427,496,482,395,507,541,382,471,513,572,402,537,651,635,612,636,464,508,500,487,449,507,310,450,557,459,590,539,596,453,524,507,459,487,460,397,489,393,407,406,499,520,426,600,576,420,447,451,411,387,527,392,355,299,458,458,383,427,475,437,455,422,413,388,399,386,442,470,413,455,399,444,383,464,426,404,332,350,425,422,470,419,405,381,529,369,348,540,428,278,393,368,323,368,477,380,463,487,357,510,381,292,459,404,432,356,415,436,369,425,459,514,486,347,416,320,484,356,350,450,394,449,543,424,387,362,376,549,435,366,448,
35.57,200,257,468,1257,66111,6008,235160,636797,263168,3184,483,1321,112169,128338,7181,118103,23686,4552,1739,2641,47640,147440,79499,6178,1051017,55279,48542,2676,38994,57855,192608,15800,65481,17467,7029,11777,196950,29315,42889,105729,8355,22468,9709,7797,12008,18085,36826,49180,53260,5216,301555,3966,5953,1327,64885,29553,36335,19217,3050,5950,4656,6640,1247,11886,43264,15597,3950,11859,4775,4349,7933,1113,8851,16540,14120,8435,41276,4184,3270,7275,1320,5217,9423,6343,1217,6293,9121,2133,4173469,95305,5221,6156,4086,843,4098,7580,11724,2376,2638,4783,14838,2687,2364,8672,5910,7691,992,3048,3918,1924,856,44212,11229,31689,3612,551,2818,899,933,421,1617,3029,113717,30536,4204,2832,1247,6065,597,6032,3062,4681,19909,3532,6399,1544,1189,546,6847,12089,147840,13641,11771,4153,6127,1524,506,761,1957,15938,2465,36998,9961,9467,546,767,712,1040,6815,10572,3336,6192,1308,1173,2939,951,844,19231,10722,3592,10711,18976,3669,2409,642,1637,501,2128,1835,2591,4628,1945,6688,3935,1832,808,2539,32875,19849,25913,23512,5293,3841,793,481,1094,2301,1861,1668,32948,4907,1667,806,6840,3156,2258,1974,4995,3336,4245,1303,438,903,1204,702,2055,682,21817,3467,2140,647,1875,944,25548,3574,1267,4942,2384,2195,1097,2486,899,886,533,1888,2076,3195,3219,1379,2000,1951,900,664,1352,1001,1952,5793,2511,1895,2038,712,676,1557,67672,18329,1588,2173,1424,729,905,1042,794,13108,3393,738,1856,2401,1707,450,931,1297,956,11678,2861,1039,1671,1376,1496,4030,2924,1571,557,1104,944,797,1811,496,1407,2231,86485,30808,6526,1392,1471,3527,1513,1047,1300,9750,2161,2827,1875,5350,724,2925,1012,1191,871,500,27993,2254,2315,1211,1185,973,3017,1313,944,705,5546,2955,1678,2460,1382,2185,890,8505,1283,1127,1041,815,602,652,920,521,836,1635,1748,443,911,1725,8249,2509,4408,615,22773,8757,1280,853,492,1383,859,1540,580,2304,2635,1340,3489,14026,43056,18264,12292,1930,1330,631,1698,1638,3425,964,23131,12526,63158,28754,17093,11921,5184,5271,56497,136143,75261,23371,27137,88740,29977,2302,28318,11068,13046,7779,42503,79437,38593,36442,13351,5199,6656,5131,6011,422343,175861,35199,4629,7105,15094,35017,21617,246157,146537,12546,11917,5886,38781,59412,27251,15071,121673,63536,25593,8650,8904,24411,11474,11962,215978,197604,110261,99790,49339,10753,7131,6264,7702,6654,120969,88062,33464,7378,21155,59486,21681,53980,29255,300827,240217,127046,31438,15794,22512,95589,220880,116881,370331,109042,35112,24330,50812,52281,51882,287093,159500,215107,49519,19093,9928,99693,133055,62697,20462,11265,4196,9507,12675,9027,9367,12606,12260,5752,4448,3971,2986,8914,5436,3843,2478,7648,3876,3598,2660,4857,3787,5309,7411,3755,3904,4059,3915,2405,9307,17662,11746,5239,4201,4071,3951,4143,8940,5241,30032,21216,9218,4735,5814,4584,4073,10606,7824,5232,5282,4186,5896,4442,5502,4357,6320,6077,5440,6057,4415,5343,6629,6215,4226,5302,4285,38524,31152,15168,54409,45150,37215,10348,6483,4653,4160,3622,4397,4406,5645,5069,4409,6367,5274,5177,2898,3866,56423,52319,49510,17723,7094,3586,3521,4790,4151,3113,3229,2065,5297,4936,3262,3090,2298,2969,2341,2446,1245,2684,1410,1152,1377,1145,785,1154,1309,597,1110,686,551,401,541,664,566,501,442,403,415,492,447,332,628,445,476,408,545,429,574,470,389,446,664,537,546,435,397,458,460,377,539,515,375,454,296,326,442,314,484,432,473,339,378,574,551,384,307,390,323,647,464,357,348,360,329,358,309,336,353,424,368,385,373,406,314,323,346,369,349,368,483,356,657,470,500,447,496,1859,1391,930,735,392,539,291,453,310,611,751,571,703,668,468,566,588,538,632,615,434,639,950,658,523,584,985,744,849,667,1098,535,563,559,750,764,673,809,733,757,1440,720,783,850,900,708,1029,817,1163,1024,1003,954,712,1047,1216,848,1074,943,820,766,984,903,1125,646,926,476,627,940,594,638,643,565,585,374,532,620,433,438,410,466,507,425,519,459,558,507,467,438,359,520,461,345,512,521,496,501,449,409,377,351,463,384,547,381,441,452,443,349,295,368,333,351,396,321,476,450,302,418,363,376,465,404,427,429,383,476,484,307,412,396,446,443,371,379,325,438,337,281,305,352,367,307,463,356,386,414,401,420,361,643,296,399,345,457,544,456,392,415,357,311,411,443,334,376,348,285,412,495,439,373,434,530,320,617,426,437,399,433,431,362,351,385,497,432,288,395,485,502,304,445,316,406,285,418,495,515,428,408,462,334,455,348,342,307,380,289,498,362,409,562,435,432,350,449,331,330,367,358,395,406,429,434,457,477,382,418,337,508,324,434,668,447,392,307,481,411,414,404,398,474,432,389,567,419,494,456,408,457,382,600,430,512,649,410,423,460,316,468,505,405,387,479,412,314,469,434,421,407,375,432,431,405,361,380,390,373,391,488,293,322,317,368,466,460,394,357,357,493,376,380,571,402,375,435,491,376,434,350,421,388,421,372,417,289,426,436,374,344,375,312,361,337,296,448,496,440,408,441,368,413,402,366,400,336,514,364,453,364,336,315,443,332,354,304,445,438,208,368,414,327,509,297,416,522,347,366,394,268,297,363,298,394,269,421,296,441,387,510,262,309,293,289,303,360,323,347,359,338,224,302,340,458,460,292,299,337,253,323,453,211,247,329,413,341,325,344,355,344,260,401,427,316,286,364,254,316,265,280,374,309,348,356,190,377,223,
35.39,199,424,459,1698,68598,8375,247126,666363,237647,4204,421,1402,107344,128834,8998,116119,24284,5345,1177,3072,45564,149460,90539,8252,897711,46296,53804,2001,40913,54959,185558,17228,69685,15796,7739,11962,180440,28988,45106,107629,11954,23465,12404,9208,12948,19652,32524,56092,57421,5701,235191,3765,7536,1058,89351,28077,33572,23011,2808,6927,3571,5631,1199,10825,31118,19275,4089,12236,5595,4337,7176,1079,7818,15449,14843,8665,30719,3446,3596,6938,1132,6549,9152,6105,1267,5975,9611,2917,3806859,74622,4483,5755,4219,923,4421,8471,12947,2361,3841,4872,11535,2470,2846,12543,5905,8360,1110,3349,5794,1193,866,23509,21713,41829,4837,551,3352,1817,1463,796,1769,4267,120354,33089,4396,5652,2909,5846,1228,5968,4004,4653,26025,5496,7417,1183,1128,488,8883,16149,208290,18013,12256,4618,6362,1823,812,789,2572,17371,3391,47214,11537,11854,837,1121,1200,1713,6654,8377,3622,4857,1445,1129,4745,748,1294,17911,9560,3262,10603,19310,4651,3244,971,1848,622,1958,2409,3301,7348,1647,4711,2815,1880,815,2808,24804,18050,32186,19835,6335,2729,1324,547,1518,4127,2475,1936,36919,7373,2869,737,5627,2864,2316,1695,5993,3006,4870,1498,751,1018,1680,976,2092,819,40188,3409,2344,738,2754,974,18106,3824,1220,6067,1815,4785,1453,3330,797,1153,606,1817,1771,10272,4693,1810,1950,2438,986,638,1967,1359,1426,6245,3487,2479,2622,748,1216,1981,134616,34467,943,2027,1539,708,1160,1265,1092,15028,3493,863,1467,2102,2133,763,841,810,1133,6332,1507,1650,1555,1175,1349,2631,3183,1711,935,1435,971,1104,1955,528,1642,3663,166118,56961,11715,1191,1385,3304,1639,1325,1381,10109,2684,3534,2041,5701,818,3130,1700,721,837,661,22402,1084,1563,963,881,1295,3776,1428,1370,615,6273,2782,2151,2840,1356,2620,1430,11112,1571,1030,699,767,685,590,1066,682,1016,925,1567,564,915,1753,10274,3851,4514,1021,14616,8884,2455,1339,823,1010,739,1495,622,1499,1753,1096,4052,17392,38816,26214,12639,2766,1449,774,4870,2841,5865,2474,49086,24504,61029,26842,25223,14758,4142,9805,93562,135847,76351,23023,34288,67662,22618,2998,19262,7751,10518,15601,48951,54289,26624,18093,8057,11003,10407,6597,12644,604181,251419,46947,5497,8685,16785,29910,40272,235715,138066,18953,11537,6714,43691,39769,19800,16431,91563,132281,51831,14077,8048,20690,8758,7537,167613,136281,88128,95030,45807,7925,6046,6504,16563,7756,161556,103046,41401,10579,15499,64663,21423,52164,24832,265189,190476,96171,33344,16544,26973,102985,218471,111089,310925,78744,27971,16736,42091,29094,32662,181665,91948,118810,26983,14656,12445,86646,116682,51417,13332,13073,6197,6780,9085,6281,9689,9591,9414,3696,4692,7396,4142,6201,5294,3239,2666,6006,4799,4473,2907,4180,3557,4723,5879,3458,4885,5475,4843,2907,7585,40423,25390,12226,5248,5651,5493,4750,14197,6602,38950,27879,12009,6460,5516,5743,5103,16004,8709,5303,5675,5991,7365,6468,5789,5591,7971,6304,6291,5573,5327,9694,7769,6251,4632,5704,4690,33798,26386,12627,38366,31461,26290,7377,5825,4648,5834,3543,4679,4325,5914,4728,3557,4916,4491,4486,2690,4160,60356,52937,51490,15255,8187,3081,3402,3406,3466,3014,4102,2859,3291,3102,1941,2365,1888,2753,1610,1875,1023,1647,1275,842,1169,933,834,1004,818,648,579,789,584,912,643,673,824,671,607,497,692,486,590,584,632,414,432,458,416,538,643,482,421,434,550,484,593,489,466,657,504,613,547,488,406,424,469,352,454,608,809,1086,539,461,540,478,671,440,366,304,317,522,545,450,446,481,401,409,441,278,424,484,459,445,448,453,496,568,500,420,502,770,356,465,441,563,655,1273,641,2160,2003,1646,634,467,540,688,566,767,521,801,1065,776,786,590,573,502,624,900,931,697,742,695,702,664,1036,735,771,1159,1163,887,957,1047,678,709,868,1001,951,923,912,1364,1020,829,835,915,716,885,824,1209,980,719,804,853,1190,1291,885,908,887,696,574,653,759,909,872,495,791,805,807,644,539,644,568,562,477,466,544,416,615,549,547,496,480,543,673,522,442,437,572,384,481,442,457,423,459,578,589,487,500,712,595,529,608,424,533,453,428,454,435,446,445,568,440,502,538,653,605,392,477,583,456,418,343,508,439,445,397,613,475,383,408,579,471,501,351,453,414,519,476,411,574,368,408,437,519,430,390,455,423,462,471,492,461,382,600,461,389,485,474,470,363,486,627,528,379,579,481,449,433,438,481,376,469,471,483,422,346,508,435,536,501,499,345,503,404,501,520,467,751,486,581,498,445,397,527,506,625,497,477,432,514,361,488,355,629,477,372,377,642,458,440,474,333,450,494,438,591,383,387,463,402,443,391,392,503,433,507,386,521,485,665,485,659,437,418,567,449,574,487,574,370,359,469,506,636,421,585,465,509,429,501,425,342,357,395,489,380,477,472,557,415,445,607,573,381,534,465,464,438,360,505,461,343,357,397,424,470,500,600,387,412,361,516,522,439,421,479,412,366,390,476,451,332,472,510,508,441,404,329,427,429,412,451,406,420,396,383,414,378,337,473,435,523,489,540,376,359,507,423,475,466,365,484,324,414,447,347,428,404,396,364,582,418,373,468,368,285,452,570,399,327,544,508,502,402,398,351,409,441,375,478,466,389,462,402,373,344,476,384,398,365,386,383,380,348,375,522,525,473,418,391,339,350,445,325,434,480,544,508,403,407,319,385,288,334,329,378,362,388,481,375,498,406,500,419,360,492,469,310,349,221,414,376,306,440,350,
35.21,198,368,670,2010,68038,7663,244712,646311,158478,4199,506,1891,107065,118979,7097,104441,28121,5150,1089,3239,39746,140715,87418,4601,621331,31946,42095,835,31460,46321,170513,13916,65765,14819,8417,16251,146098,24848,39888,105165,10062,23550,11051,7202,9776,23816,28750,53785,58204,5901,167806,4547,5889,1073,92547,24717,34099,22253,2311,7150,3332,6389,870,9549,20550,17157,4421,12595,6026,3753,5289,811,7047,13691,13938,5695,25003,2911,3732,5352,1109,3883,10515,5742,1171,4604,9668,2434,2873684,47200,3157,5646,3999,989,4565,7512,12647,1655,3632,3484,9571,3015,2454,14588,5882,8564,1230,2264,5166,1569,788,3508,25996,44466,3757,649,3477,1627,1322,385,1166,2873,117320,31090,4523,5448,1891,5104,618,5648,3539,6940,32117,7223,7801,1288,833,538,12614,12660,244541,16969,12708,4123,7477,1484,662,868,1808,16879,4374,46852,13479,10745,580,988,766,2184,4785,5544,4810,5112,1633,1355,10150,752,712,16311,8081,2695,11788,19660,4653,2506,824,1187,624,1897,3208,2501,10186,2230,4029,1776,1350,522,2049,13629,16984,34353,12520,7049,2884,943,486,803,2100,2271,1828,35282,6842,2760,612,3999,2719,1916,1944,4495,2500,4030,748,524,776,1529,829,1599,872,64102,3772,2519,835,1522,948,8064,1299,1083,5452,1542,3508,1550,2800,744,1192,348,1310,1259,14545,5906,2430,1924,1526,904,458,1519,1551,1877,8573,3058,2157,1643,881,398,1862,187681,50488,1693,2309,1511,699,1072,1092,558,11792,2937,826,1467,1698,1645,679,901,997,671,2903,850,1094,999,1646,977,2548,3035,2404,764,947,951,1269,1128,653,801,3662,212954,72782,15189,1027,1446,1773,922,1132,1022,7882,2013,3183,1453,4265,484,3545,1244,809,689,761,6151,811,884,1335,853,1278,3442,1393,1266,645,3661,1688,1988,2367,1084,3467,1174,9047,1084,661,704,949,831,708,689,555,756,1075,1178,567,843,1023,13574,5718,4380,649,3767,4920,1912,1272,553,1045,873,957,657,1742,982,915,2563,17373,25326,31749,11040,2129,2694,1227,7471,2624,7043,4795,66533,29865,57543,24662,25397,12399,1916,14369,111269,113199,61476,18335,28308,22890,7499,3165,5492,5524,11530,16622,37182,21413,9306,6047,8018,13214,13412,6940,13957,607361,251804,49162,6563,7692,11950,19910,47425,182936,92482,29549,12427,7287,39761,14036,15520,13526,41431,132789,51170,13906,5331,13472,6133,7553,70990,43862,90042,74309,35017,5879,5614,5538,22970,11146,173809,102989,37582,10301,9413,64887,19838,33959,17807,177938,101922,50801,22554,11644,27574,98709,183234,94480,152055,46492,22137,12509,24776,11730,9932,46232,24607,21515,10040,12805,13619,50785,87639,34069,4605,17903,8607,3729,4201,3493,7464,5531,7717,4363,4259,7857,4141,5078,4127,3399,2565,5061,5153,5050,3358,3696,3360,5013,5084,3087,4371,6272,6809,3472,6002,47731,30544,15635,4635,5983,5483,5615,14991,7979,40108,25804,13869,6756,5554,6879,5497,13128,7656,5439,7183,5211,7880,6740,6192,6688,7549,6241,5783,6249,5056,11879,9235,7773,5022,5681,5702,13736,10235,5258,13521,11794,10114,4648,4348,4446,4359,3175,4668,3799,3067,3494,2454,3588,3113,3181,2229,3777,50858,42731,40983,13534,6819,2052,1924,2324,2541,1912,3168,1265,1523,1302,1230,1469,849,1312,1100,1027,458,1063,557,1375,559,489,612,822,626,447,511,1072,568,1785,808,750,605,632,513,509,506,489,381,325,1399,481,495,428,344,664,905,382,346,312,630,439,301,334,358,430,329,267,386,259,373,481,350,332,291,346,684,533,420,326,166,392,436,420,320,232,341,359,300,320,384,363,401,451,354,410,502,688,312,366,330,341,376,260,364,295,439,272,324,453,971,484,691,770,698,2879,2067,1280,852,509,513,499,586,416,1130,754,782,795,577,557,636,541,975,642,692,819,954,606,618,602,548,716,719,1112,752,486,508,593,718,656,691,648,674,406,799,1113,846,707,608,594,805,695,633,568,758,607,682,510,557,702,618,613,670,493,438,561,373,694,452,486,332,368,524,536,472,511,387,496,313,813,410,438,490,291,614,304,392,343,400,563,462,431,393,479,459,452,526,344,413,371,477,378,603,701,466,406,476,379,408,526,359,380,280,472,470,474,529,372,471,336,400,403,263,455,342,375,436,316,478,402,393,415,532,325,362,449,533,446,378,412,357,332,413,375,507,382,230,538,349,317,302,450,403,506,412,467,623,399,389,488,285,401,368,558,393,383,351,395,409,343,301,335,601,427,405,369,491,486,401,336,421,260,508,363,430,501,396,406,294,321,330,384,363,409,310,475,461,377,414,594,320,364,388,306,451,371,332,400,380,369,402,339,386,333,317,415,480,408,403,356,329,387,428,395,427,444,476,452,403,371,462,373,485,347,372,609,570,604,524,380,397,430,385,433,470,563,343,425,394,433,304,402,369,514,359,486,525,401,398,357,345,436,336,429,323,317,379,466,429,501,376,339,336,436,305,418,373,317,426,337,393,395,484,448,393,461,379,424,302,355,419,413,338,376,535,461,332,314,361,395,348,292,497,487,406,296,305,450,428,269,414,400,333,469,319,507,488,379,377,265,390,419,277,329,483,369,410,380,314,285,345,397,291,318,406,371,393,311,413,412,408,440,367,420,312,293,330,273,230,401,334,318,334,445,365,554,381,329,357,317,319,259,307,239,412,325,349,243,453,206,290,427,317,279,459,273,287,311,273,324,387,476,242,342,398,303,314,273,379,302,335,256,350,295,447,374,283,332,293,473,390,325,370,265,350,361,402,323,359,287,
35.04,197,403,362,1599,64963,10291,234412,694127,131905,4807,439,1522,106184,113563,8204,97128,32015,3165,1382,2912,37287,142909,82719,6686,519881,26335,44573,1644,27865,47123,173553,14952,59163,16979,10555,15560,130051,18418,38461,93887,9784,20961,9658,7448,7631,33743,26428,45056,53327,5008,133864,3367,5042,822,96802,23060,32714,21135,2676,6487,4050,6071,828,8725,25644,16913,4213,11574,5859,3542,5904,868,8484,13945,13151,5659,17838,3027,2790,5189,1283,4665,10794,5036,1586,7759,10224,2377,2461912,39400,2739,5093,4148,933,4740,8839,13827,2456,2754,3452,8264,2040,2060,18158,6006,9053,1032,4504,4585,1396,669,2203,31411,33334,4477,651,2417,1391,1145,694,1109,3491,104799,26390,4453,5689,1494,4549,1011,5512,3575,10835,31144,6228,9122,1555,890,655,22011,11843,266587,17117,13021,5211,6825,1339,954,1172,2641,15813,4427,48737,11650,6660,749,918,859,2966,4088,4130,4340,4953,2837,1010,16508,1616,1162,18135,7110,3755,11127,21599,4093,3090,804,2373,649,2863,2565,2802,18257,3519,5279,1480,1219,513,2314,14698,13854,38929,12904,8906,3384,2379,848,1411,2411,2814,2542,33859,7366,2955,657,3550,4272,1842,2054,4195,4172,3820,1126,619,1004,1184,1323,1719,798,97983,3993,1976,526,1428,813,5601,812,1152,5737,2441,6325,2065,3744,908,1416,501,1662,1316,24020,6487,2126,1764,2292,1291,533,1911,1911,1752,7756,4190,2145,1871,1071,630,2464,256756,66123,2022,1850,1399,833,902,1032,1161,9729,2036,759,1675,1969,1673,942,817,1275,912,1344,938,1206,1918,2015,986,2113,3287,1911,709,1277,1077,1018,1983,646,1897,4866,255978,88451,14602,1025,1114,1189,932,1351,1191,6710,1884,2546,1206,2578,541,3975,1233,934,755,774,3509,668,1097,1072,925,1124,2546,1695,1239,642,2200,2197,1735,2789,1401,2086,845,12346,1243,1061,1221,702,591,630,924,524,1096,888,1557,742,1020,2648,15888,6466,6536,1473,2776,3229,1198,1256,967,1229,1528,1321,709,1143,2061,1438,3617,16218,17131,55732,24268,2578,3201,2771,10816,5051,7673,6938,69801,34056,86489,38877,21558,10893,3106,22798,115936,92314,45520,13268,24344,11352,8244,5669,3994,8905,13179,27563,30424,12354,6638,6576,8246,17801,14022,7279,15268,505978,215532,41426,8896,7031,13030,13629,43678,144793,68772,42475,19707,10330,29665,13620,22457,16330,21229,122654,47484,12745,6259,9016,6505,7062,35349,23820,81633,57334,24833,5265,6376,5462,46801,20186,183012,102912,34511,15580,9565,63377,20012,23687,12761,128962,71792,34363,16542,9707,28421,81679,145349,68910,92343,32859,13909,9439,21245,8900,5769,16806,11152,10865,8375,8515,12553,34311,65757,27552,3795,30494,14248,3853,4231,3953,5931,4484,7184,5578,4493,8692,4733,5455,4589,4248,3463,5813,7503,6183,4034,4759,4773,5562,4944,5043,5940,7234,7548,5279,6284,51400,32381,14267,6527,5919,5627,6953,13600,6616,38100,31357,14035,7384,7522,8508,6956,9206,7586,5647,6757,5770,27496,22092,10886,7612,7744,7242,7443,5866,5135,17773,13618,11609,3929,6481,6869,6594,5533,3567,7168,5559,4831,4609,4453,4320,5577,3019,4150,3602,2989,2831,1816,2786,2669,3605,2195,4060,36661,31538,29318,9943,4263,1601,1862,1148,1920,1664,2815,1336,1508,2402,779,1174,586,1012,858,917,794,1200,445,3149,853,416,500,626,800,475,543,984,813,3253,963,1055,811,510,941,692,1026,530,505,539,1492,501,638,495,425,953,590,452,422,503,456,603,397,503,427,653,418,419,443,484,408,369,738,319,506,426,911,513,323,320,337,501,461,353,397,572,511,512,663,457,524,384,479,438,321,510,690,465,503,421,675,395,308,403,422,553,438,547,515,648,694,671,676,1078,839,2893,2079,1246,766,613,492,724,675,673,756,1014,696,995,812,762,435,737,688,1048,742,731,714,615,567,615,740,873,758,703,695,743,547,619,645,740,779,750,741,543,719,841,837,719,651,487,726,680,660,711,625,586,609,605,502,570,517,552,603,517,531,637,445,365,575,547,503,521,583,614,478,470,427,479,555,569,516,567,548,584,615,459,438,428,445,462,446,439,532,638,452,431,490,655,494,526,468,577,448,477,411,511,491,409,613,530,462,583,527,558,483,471,429,355,448,489,460,533,557,503,444,609,500,482,450,346,461,505,442,420,549,465,534,491,365,474,509,428,440,455,430,448,411,388,632,436,492,532,565,393,459,357,443,662,384,590,470,468,526,437,346,568,556,475,405,498,433,332,410,490,393,347,512,400,453,398,465,541,460,473,533,671,650,384,483,500,533,436,424,359,735,472,390,436,594,518,409,462,564,539,399,514,414,564,425,489,480,433,464,380,415,411,508,488,389,511,498,461,465,588,573,330,492,533,444,413,424,436,570,460,799,691,575,394,553,604,521,565,545,446,477,551,476,557,493,565,622,417,543,401,511,320,702,443,483,463,471,500,649,490,365,407,318,525,405,479,443,429,402,396,414,507,360,519,375,488,442,450,495,549,369,447,354,565,458,413,331,445,488,351,412,390,430,445,370,384,544,529,373,363,402,374,420,452,511,384,356,531,372,478,531,371,572,470,487,348,331,346,453,422,401,532,421,456,425,364,341,401,439,441,335,476,440,438,408,409,426,351,437,464,351,345,310,554,407,375,457,425,441,361,427,472,454,531,379,518,452,408,306,319,452,397,328,327,296,422,438,421,345,472,284,390,340,364,421,304,403,352,411,273,348,368,473,357,326,494,394,365,420,350,363,342,294,284,353,351,431,288,474,456,343,362,382,413,471,262,
34.86,196,325,660,947,58446,10077,219926,709174,78851,4466,313,1303,94542,108538,6004,84907,32496,3153,601,1382,33627,126703,73581,6027,300676,16082,43255,1344,24452,40229,157268,11990,54904,18082,7645,15393,107783,18760,34148,84879,7891,15708,10423,7189,6099,35565,20051,43853,43621,5872,72821,3178,4372,758,76207,22825,32120,14050,2662,6266,3725,4452,1043,6019,25644,16739,4113,10619,5315,3023,4234,569,6316,13103,11593,3287,10461,2768,1728,3298,876,4562,6885,4720,1046,6424,10934,2342,1605275,19695,2980,5776,3187,713,6587,9105,11312,2160,2614,2379,6291,1999,1474,16114,6301,9043,1150,2450,3166,1167,868,2871,28602,25767,2416,610,1779,904,1394,466,1072,3175,65412,12852,4884,4059,929,4350,950,4561,2052,15201,28777,6102,8462,978,641,520,28850,8633,267604,14738,10711,5350,6125,1197,688,726,1935,10532,5074,40626,9364,8166,990,874,901,3704,3386,1110,3810,4225,2415,715,19564,925,1216,12701,4536,3350,7861,19208,4305,2543,911,2634,897,2476,1964,2318,17728,3450,4675,1525,1128,476,1586,9177,9908,36622,10490,7266,3569,2484,646,1311,2600,1733,2371,31705,6578,2470,564,2222,3170,1772,1491,2343,3813,4767,1182,511,909,810,1227,1414,539,100440,3901,2402,667,2328,631,3913,731,1014,3355,2012,5123,1717,2293,941,1597,570,1985,983,20182,5851,1347,1942,1887,894,563,2169,1358,1822,6715,2954,2055,1569,788,401,1136,241092,66547,2146,1929,1428,718,1530,902,1419,3739,1733,711,1085,1830,2086,594,705,1220,820,916,1093,1656,1682,1346,729,2325,2666,1340,559,1429,999,1099,2233,530,1538,2633,223588,83019,15650,900,827,1022,752,949,1074,2729,1024,1966,1023,2116,561,2926,1501,745,437,862,1627,616,928,1069,1087,581,3030,1722,1068,512,1735,1850,1885,3439,1154,1091,1181,10630,874,678,1574,701,606,983,1109,546,1060,945,1206,441,758,3055,17746,6389,7252,890,1174,1577,618,1066,1350,924,2429,2209,530,1548,1572,1498,3861,12968,10404,62736,29921,2021,3557,3757,12023,5674,8500,12429,64535,27048,106738,52832,14061,5646,3315,28672,96004,40726,19093,6920,15358,9885,16655,7279,4052,9808,8672,27167,12774,6773,4404,7558,7420,19188,9992,7739,11880,243364,100088,20091,10792,7556,6440,5354,24432,56159,23829,38969,20952,11337,12873,13045,23108,14146,7928,61775,23733,6975,5562,8772,8361,7912,9966,15702,53079,27170,9692,4872,6661,5043,55514,26578,178767,82025,30395,11402,8518,42247,15894,9871,6726,42797,32323,18814,8915,9294,22508,53571,73991,35391,22218,14875,8537,5674,13597,9306,5058,3748,3975,4492,5443,5674,7719,11029,26406,12663,3620,33702,14369,3133,4419,4580,5106,3611,5993,5290,4407,7946,3939,4526,4742,4417,3658,6180,7006,6884,4122,4330,5189,4647,5813,5664,6857,6937,7842,4532,6790,34849,20922,9351,6623,8302,6250,7018,6366,6444,20636,17599,9626,6376,7961,8083,6480,8541,7344,5052,6182,4733,41231,32849,15335,8594,7367,8058,5445,5421,3634,18305,13983,13796,4140,5922,5815,5363,4440,2289,4078,3702,3698,2608,3758,3198,4311,2724,3843,2432,2541,2130,1219,1694,2349,1786,1597,2315,14070,13104,11088,3002,1564,749,1092,576,894,854,1163,568,715,4765,813,463,365,460,640,616,504,594,521,5572,1387,548,339,307,990,417,579,828,658,3214,1175,728,476,416,1323,701,403,426,462,434,1090,394,344,373,497,857,501,335,310,254,369,690,317,288,526,377,486,533,410,347,328,283,316,452,316,470,975,683,280,187,354,471,522,289,375,352,518,444,455,482,484,324,477,406,368,1015,728,450,428,755,404,344,454,416,402,586,431,619,480,469,624,503,867,644,919,1950,1896,853,595,645,495,497,731,406,670,561,540,688,636,504,596,506,636,482,804,484,701,694,581,446,498,518,404,565,691,462,461,620,428,646,564,497,463,320,414,827,596,472,425,651,588,459,512,586,440,480,544,355,424,415,546,445,455,784,416,606,435,509,365,559,653,538,427,478,508,480,468,481,414,355,392,591,365,327,365,406,645,397,358,356,360,449,294,302,457,384,401,418,455,468,378,330,461,698,460,620,380,370,415,432,407,383,294,347,448,456,365,436,444,544,289,302,393,371,408,328,426,326,424,294,359,453,489,402,646,426,359,561,354,359,314,461,350,515,580,401,398,444,367,511,344,345,513,296,375,318,424,509,349,372,379,416,391,449,378,570,383,507,415,339,365,537,408,359,531,270,392,341,327,348,435,389,457,447,342,474,330,397,356,426,399,332,462,418,381,399,543,450,455,385,402,495,362,426,458,494,430,602,295,488,417,550,470,523,561,315,578,420,442,370,453,378,377,312,396,358,399,465,469,314,512,380,375,552,481,376,453,377,424,525,308,627,390,415,354,473,349,345,328,532,366,380,361,386,320,403,444,417,394,400,292,395,434,463,309,475,561,308,371,489,384,323,436,442,315,421,344,369,364,358,417,318,351,416,377,375,454,432,451,327,408,395,277,394,321,367,450,365,370,403,398,454,396,354,348,286,342,453,405,295,420,335,324,331,422,367,379,268,400,315,333,495,338,408,411,431,435,253,385,464,336,402,342,548,378,228,408,271,272,440,429,437,364,337,427,270,292,339,515,380,318,396,322,337,245,363,369,383,275,477,389,398,279,295,362,381,328,310,226,294,381,325,320,359,251,337,314,369,337,412,265,423,352,335,372,373,323,283,521,440,257,357,358,327,278,227,328,314,289,450,399,371,272,343,241,361,324,371,307,325,
34.68,195,350,443,1990,55160,10462,200807,739530,57693,3744,393,959,87308,105084,7036,81658,34759,4197,864,2594,32058,117693,71832,5083,234202,14220,47942,2456,20283,39676,142813,11794,49297,18569,9112,14004,101214,13232,32992,78503,7848,16709,11337,9027,5925,42010,20012,41285,41509,5494,53218,4058,3089,861,68121,21387,26810,18084,3129,6841,3793,3658,632,7861,22984,14675,4509,10685,5053,3087,3869,846,5681,11405,11703,3342,6798,2737,3329,4032,661,3906,7200,4097,1599,6294,13436,2294,1222650,14295,2962,5133,5420,1590,5513,10573,16031,1967,1617,2471,6131,1942,1856,12884,7509,9554,1716,1923,3982,1585,1051,3368,26252,23635,2334,623,2859,979,1158,546,973,3652,45686,7955,5174,4232,1263,3200,702,4252,2096,16982,29284,6857,8561,1366,1169,741,35997,10343,250234,15863,14172,8187,6883,1072,631,932,2263,8650,5667,35518,8459,5978,732,1189,1269,3160,4152,1039,4805,4899,2736,1436,19370,809,1475,13401,4339,3015,7967,17591,3234,3570,1016,3416,640,2752,2003,3082,19541,3152,4427,2976,1209,558,1941,8929,10381,32500,11156,7367,3327,3520,596,1634,2664,1893,1861,34717,6990,2644,693,2000,3430,1547,2269,2506,8504,4486,949,657,618,917,1212,2117,1201,86206,3969,2321,1031,2483,928,3760,917,1164,3584,2770,4866,2442,2708,837,1138,867,1677,1408,14321,3373,1740,2032,2173,1283,418,2229,1881,2054,6564,3073,2268,1798,1118,461,1042,199989,48846,1509,2832,1586,812,2128,815,894,5490,1669,491,1771,2419,2229,873,752,1328,1109,1105,1021,1695,1802,1191,699,1528,2607,2313,559,1219,1217,1234,1292,575,1508,2200,183824,62250,12437,1231,1288,930,916,1203,822,4346,913,1221,962,1481,641,3111,1448,778,637,599,1601,670,897,1113,944,1266,3316,1605,1048,680,1328,2420,1628,2632,1487,970,2268,9810,843,762,2158,1235,793,2064,1824,879,1925,1183,1788,509,1052,3721,17916,9571,5546,1242,1257,1268,956,2586,1535,1103,5444,2858,1143,1899,2964,1740,3584,11077,13170,78676,42415,4167,3179,5086,14003,7099,7854,14607,49630,24560,159983,91918,9612,4058,12110,27996,67504,31774,9375,6357,34356,27636,25468,13274,6864,12025,8658,26696,12373,6570,5667,10585,7176,16909,9183,13215,8781,129267,56961,16854,10978,9863,7497,4159,14397,24040,10628,41718,18682,11963,10813,23496,23952,13034,6694,35715,13044,5231,6003,8075,12022,8857,12265,15934,38372,16330,7292,4862,6040,5566,71887,32161,168104,65931,24981,32309,15760,35046,9673,6881,6147,21526,26765,16367,9540,10878,20507,35976,40542,21297,12205,10663,5486,5020,12999,9680,4910,3486,4165,4612,4116,5046,5144,7238,15564,8613,4083,26609,11667,3986,5626,5674,8190,4246,6295,7495,6098,6637,5006,5388,6079,5751,4465,7431,8750,14372,9777,5541,6390,7436,6951,6688,7213,7481,9069,5770,6206,23955,14947,8475,8291,9768,8558,8060,5399,7816,14162,13442,7625,8162,9699,9509,7734,11152,7096,5237,6129,4375,60373,51022,25964,11354,7161,7864,6130,4681,4053,20979,16794,13259,4254,6087,6652,5641,3816,1889,3759,3199,3059,2081,3664,2916,4078,2119,2552,2166,1760,2074,948,1417,1405,1518,904,2118,7027,4851,5669,1436,951,702,1094,505,668,922,749,639,635,8656,1079,522,644,534,513,547,450,549,504,7787,1631,1094,494,515,1395,585,522,813,644,3549,1116,1147,462,527,1983,621,692,540,527,445,742,472,574,328,460,1044,595,402,452,375,620,1293,488,508,573,581,405,295,392,529,462,546,470,424,413,470,577,426,459,493,578,434,454,485,349,461,544,609,589,667,764,519,492,427,410,811,588,750,514,399,438,487,558,382,750,452,531,443,583,810,717,612,675,1300,1050,2759,1523,1046,715,465,572,578,674,450,518,624,564,552,486,727,570,653,893,586,479,643,571,587,733,600,468,563,641,779,606,555,532,536,692,495,612,513,726,475,534,538,694,572,596,575,619,471,593,434,519,472,560,528,513,479,594,474,597,582,513,582,446,518,515,551,491,504,534,479,547,407,568,438,517,618,565,538,528,414,502,411,444,502,598,442,466,472,534,419,556,468,482,378,368,672,403,554,564,414,454,566,452,652,491,542,416,505,469,542,542,425,465,423,472,383,698,432,657,534,377,524,434,453,435,413,452,470,425,665,447,500,557,425,393,591,378,475,472,384,704,374,615,481,401,520,571,427,613,456,380,442,343,456,471,471,485,494,450,494,543,514,366,395,389,496,525,625,517,385,570,417,471,431,467,499,416,353,468,471,570,413,518,471,338,428,556,527,428,475,388,496,570,444,366,466,482,446,501,439,432,408,519,479,532,383,448,434,500,469,488,392,362,547,506,478,570,528,451,687,466,334,393,376,479,406,381,491,458,470,437,528,464,468,583,548,393,594,395,387,473,346,444,602,425,506,505,369,359,435,532,476,503,576,577,455,337,426,452,361,446,456,374,458,544,418,571,344,327,414,530,497,493,520,387,432,633,390,451,494,465,440,393,482,726,515,335,405,378,330,438,373,460,389,447,438,329,328,330,508,393,411,423,380,432,334,431,351,400,367,554,368,443,393,462,324,466,350,544,415,384,458,302,623,440,450,471,438,377,396,502,361,437,325,330,430,374,485,382,315,388,397,359,338,336,323,328,465,384,446,357,455,319,404,310,404,355,482,342,488,370,332,409,489,417,431,375,459,371,392,440,303,340,349,339,442,353,419,451,346,447,493,401,542,355,474,326,384,351,361,417,383,448,413,369,306,489,375,362,325,344,388,427,414,457,328,
34.5,194,293,602,1102,50601,8183,178561,741949,27824,3746,597,1068,69165,104788,6021,65120,37253,3446,1096,1741,30468,99622,59288,5500,112395,10213,45963,1885,15834,37126,128227,11333,39449,17016,10408,13914,94926,11879,30853,72912,7198,16092,8269,8547,4473,40235,15104,33912,35613,2938,25420,3627,3713,719,52509,18887,23836,15293,2348,5843,2753,3685,862,5825,20065,16310,3506,8427,5117,2923,3338,1039,5479,9337,8866,1421,6594,2689,2507,2880,1194,4122,5178,3838,1017,6372,10644,1839,638927,6052,2726,4903,8140,1378,5112,9555,13984,2472,1758,1847,3753,2023,965,11509,6784,8934,1489,2266,4233,1761,1089,4292,15838,28611,3569,465,3950,1483,1364,415,1203,3375,17995,3792,2672,7325,959,2921,640,3748,1829,16046,16721,4241,9022,1281,1024,499,40610,10384,194645,11446,17873,10544,6479,1230,428,752,1408,12510,5263,25135,10622,6752,1084,861,845,2115,5429,702,4514,4553,2291,660,10506,1046,1358,9068,2684,3354,11050,12932,2784,2583,1321,3631,937,3800,2047,2529,10501,1795,5137,2994,1215,492,1311,6549,10579,29970,10485,7332,3165,2687,729,1121,2838,2659,1104,38281,8575,2295,777,1635,2442,1444,1929,1145,9519,4626,819,778,1317,737,1315,1237,617,38159,2836,2481,708,2024,1005,3533,809,1123,5514,2127,3208,1343,3425,723,1051,690,1500,1296,6251,3024,1139,1520,1565,1058,547,2042,2223,1806,4184,2049,1459,1511,999,555,670,82900,23712,886,1961,1488,694,1586,641,696,6602,2293,378,1254,2192,1783,705,560,1175,1039,1283,657,1309,1129,1130,383,2747,2471,1269,598,1272,970,835,1746,888,888,1730,67063,24377,4154,1206,1128,583,629,1447,858,3585,756,1182,875,931,419,3461,1381,594,466,640,1353,607,611,942,1049,817,3812,1385,592,1017,1224,1860,1734,3613,1693,898,5351,4959,455,796,2860,1060,673,1605,1035,797,1968,1169,829,373,872,3255,13584,7297,4208,922,2423,770,694,2998,1640,1097,6414,4315,1066,2580,4072,1909,2344,7116,15942,81197,39029,5952,3645,7109,11986,6669,4784,14463,20016,15150,184459,108004,4953,5196,18716,21252,26803,14155,4545,4850,46569,42570,35388,14311,6302,11229,14545,15580,9528,7276,6171,9284,7223,10184,8958,15734,9339,35762,25554,13932,9566,13329,5803,3914,4485,5082,18153,23201,13136,8135,5688,25353,16399,9059,5011,13812,6050,4079,6203,7851,12289,9995,16377,21485,13149,5688,3430,3791,4916,6071,74593,34997,118413,32039,13905,52430,24941,17026,3814,4837,4847,6702,16748,9667,9587,11772,11842,12535,10490,6063,4383,6402,5308,5074,8962,7104,4527,4478,6018,5402,2877,5533,4745,5773,4788,5225,4803,12717,8162,3678,5951,6552,6260,3671,5973,6076,10899,6413,4361,6886,6853,6452,5006,6907,8461,24038,18097,7913,5954,7697,7851,8159,9013,7248,8813,5673,6485,6625,8207,9301,7930,10060,8976,10723,5390,6655,5751,8096,5442,8846,8816,10057,7305,10302,6675,5246,5028,3359,56569,44498,23644,10930,6134,7927,4853,4665,3656,18828,14452,12637,2836,4607,4794,3402,3582,1511,3279,2472,2153,1114,1982,2529,1927,1376,2199,1566,1400,1051,889,719,1174,852,758,828,861,937,1456,680,541,469,585,432,577,532,405,686,583,9843,1332,389,405,368,393,705,392,392,377,5615,1608,430,342,479,1076,527,371,406,380,1836,590,721,521,393,1197,630,488,305,342,389,500,564,468,423,368,762,351,431,236,282,429,720,504,397,340,450,427,309,275,318,356,348,487,332,416,303,533,508,366,448,256,480,408,380,371,368,368,838,798,671,1044,394,453,378,411,435,468,331,612,344,471,330,530,345,391,502,380,519,528,718,709,425,773,509,471,1093,851,836,651,807,492,587,526,415,600,568,548,507,498,458,459,443,518,575,481,325,427,559,453,417,359,574,446,527,491,530,523,776,529,431,413,387,637,441,417,686,425,507,409,390,542,562,728,446,449,573,508,760,593,590,388,472,676,476,401,336,439,443,525,567,583,363,401,401,369,360,338,395,528,538,375,505,455,496,390,505,485,551,428,348,363,308,388,441,460,472,389,438,538,339,366,372,355,366,305,431,361,436,469,402,511,389,379,406,327,408,388,519,532,453,392,397,431,516,424,272,384,392,336,450,495,428,443,351,480,400,401,396,417,329,336,420,379,497,432,422,381,338,317,395,285,467,282,417,374,442,414,421,453,379,370,474,394,360,333,416,396,395,350,406,515,482,443,378,507,504,360,331,466,405,386,336,282,586,589,509,465,400,439,314,378,435,390,429,505,383,359,382,385,420,483,421,354,519,303,409,406,350,264,361,448,438,371,392,403,394,594,475,565,329,438,312,378,437,407,514,423,447,541,310,428,463,341,350,422,484,422,369,354,446,491,396,332,351,488,344,402,397,289,461,364,311,402,408,251,400,484,307,400,359,367,355,318,386,495,340,394,323,419,434,414,344,414,389,395,356,273,324,318,313,393,355,448,332,342,327,368,426,298,419,335,355,367,280,358,403,370,302,398,466,382,372,267,376,428,372,273,496,395,316,410,277,336,366,473,355,376,328,652,291,411,387,434,307,318,340,329,308,362,325,311,300,360,307,215,382,336,327,336,295,284,457,266,382,325,248,519,474,462,613,264,203,294,400,344,349,361,350,283,435,321,221,365,267,567,326,388,410,255,234,299,328,329,265,307,354,322,390,336,438,316,381,359,307,367,384,315,460,273,264,301,464,333,423,529,313,248,326,404,472,186,316,296,220,396,447,439,321,351,353,
34.33,193,356,371,1550,51582,8895,173480,694820,18771,3744,487,938,67063,97354,6239,61754,37204,3647,1283,1689,27647,93428,58179,4793,75969,9873,50491,2862,15986,35356,113915,9812,43713,16751,11470,16748,87086,9137,27188,70512,6310,16306,10434,8479,3941,37501,15924,35454,35084,3719,17581,3044,4577,1067,53033,16368,21413,13082,2586,6460,3501,4462,1089,5458,19211,11108,3715,8735,3946,3239,3438,793,5392,9914,8560,1384,7091,1783,3770,4162,509,4105,5056,4134,1191,6721,11980,2112,426514,4842,3128,4283,5837,1185,5218,10786,15783,2509,2189,1772,3069,4360,2275,9504,8086,9438,1794,3417,7160,1624,1085,3873,13695,60079,5356,755,3655,1093,1814,552,1241,2339,13297,5098,3504,9106,2495,2384,719,2865,2848,13920,14918,4464,8772,939,772,828,41667,9889,162780,8465,23930,19442,7280,2389,1009,1345,3085,24006,6154,27713,10172,8776,1354,1011,1087,2416,4795,912,4558,7456,2527,1000,7332,975,1279,6165,2763,3180,10191,11559,2143,3097,1417,3663,967,3668,3215,2911,5543,1536,6146,2965,1224,480,2573,7189,13363,32520,11645,7098,3567,1880,549,1335,2376,2437,1183,49413,8300,2306,832,1459,2156,1485,3417,1232,9665,4502,1025,944,988,1343,1223,1983,696,24087,3243,1994,606,1504,931,5494,1352,1182,10813,2812,2740,1367,2413,1052,981,928,1698,1290,3115,2700,1057,1918,1704,1134,461,1697,2564,1435,3510,1597,1501,2319,860,549,1808,43387,10814,1121,2189,1460,700,1909,763,1149,12845,2956,630,1359,1863,1767,722,722,1735,919,2227,783,1637,1571,1217,577,2332,2032,1419,516,1256,1202,1541,1402,448,1151,1390,35269,12876,2290,1416,1214,904,896,1411,1079,5783,1801,1578,1022,1466,538,3265,1258,925,775,912,4165,712,522,1577,1222,1217,3011,1407,1100,788,922,1941,1632,3299,1375,1111,20802,8634,826,909,2343,915,857,1975,1355,1029,2399,1762,1098,527,798,5107,10167,10165,6316,2490,3969,1455,1372,4807,2093,1543,9441,6154,2637,4121,4989,2695,3107,11814,25587,67490,34131,9468,4908,9319,11756,5936,4462,13913,12086,25340,219117,128377,6751,6403,35113,26947,14682,11777,8630,5052,68563,104548,49312,14759,14009,9931,19455,10538,9581,8553,6180,10844,8006,6327,12494,23845,12070,44838,23809,13705,10615,21167,8260,4489,12091,4440,43675,17602,9799,6846,5094,24044,15043,10565,7673,12178,5169,4015,4520,7974,11222,10568,29176,35077,9939,4426,5872,3781,4153,5526,68742,31509,86536,20137,10550,84252,38176,12627,3135,14867,4083,5108,11401,8079,7424,12653,9672,8073,7395,8454,4367,5706,5157,5377,7656,6196,4188,5511,10740,7273,4280,5652,5904,6703,3867,5480,7000,9291,7581,4629,7434,7719,9195,4922,7054,6779,23471,8439,5198,9002,9403,7915,6146,9093,8347,41651,30290,14065,12275,9772,9216,10273,9896,7960,9854,6001,5997,7556,8007,9325,8320,11910,10131,9032,5775,6418,22537,17883,17205,7525,9894,6955,6694,10231,6839,5663,6132,3975,49906,40759,17521,9259,6464,6915,5809,4322,2169,12919,9764,8936,2930,4230,3887,2802,3322,1513,2403,1674,1673,826,1891,1861,1970,1396,1469,968,1074,863,631,738,677,747,1019,1004,729,596,541,1705,784,612,488,880,821,619,501,895,570,10286,1451,485,459,499,502,710,475,489,629,5680,1413,669,462,483,1602,812,445,380,511,1279,752,641,441,547,780,572,514,366,499,373,528,416,463,447,340,518,553,422,409,357,365,1513,518,436,388,360,513,511,429,543,509,679,568,447,444,306,939,410,423,469,541,658,421,430,507,639,520,850,707,415,1074,477,459,400,430,440,437,388,549,491,500,436,663,549,549,456,618,589,552,541,613,443,823,731,580,615,452,466,539,511,612,549,536,482,584,647,597,522,627,679,456,503,624,602,558,661,570,444,700,451,618,691,550,548,664,463,594,525,580,517,618,460,508,670,469,571,534,563,493,569,568,503,667,448,484,466,473,417,435,488,501,528,505,576,588,541,477,695,466,415,541,500,528,415,519,469,501,467,554,466,480,423,681,424,487,458,590,511,503,356,402,657,364,771,383,396,471,585,427,358,450,384,384,550,465,508,536,477,598,403,514,460,501,477,405,533,473,438,427,436,377,373,400,537,346,406,421,415,567,498,584,379,352,482,575,418,425,381,326,591,438,384,428,412,442,434,409,344,369,389,381,477,406,404,481,440,391,441,449,399,435,410,438,414,525,344,339,393,525,355,469,352,560,476,554,518,548,388,601,482,558,494,464,423,438,570,419,400,645,492,506,564,428,517,625,527,440,506,405,511,546,463,376,570,436,467,345,472,446,465,359,471,374,461,531,436,435,563,515,446,449,380,504,383,355,459,481,453,493,758,383,636,468,466,476,433,512,483,361,487,491,463,462,450,502,701,406,412,309,402,555,365,516,400,457,611,486,443,353,318,581,453,553,512,488,439,398,379,368,466,367,411,374,316,642,403,547,419,472,380,421,530,384,388,391,388,400,421,417,382,402,455,358,434,496,357,467,395,441,323,430,332,434,384,348,425,334,371,315,365,354,521,341,480,545,610,411,503,375,376,373,384,307,505,536,363,442,438,306,506,531,388,380,407,442,427,347,354,357,570,323,282,343,319,303,339,363,432,448,450,355,365,424,555,291,364,490,321,384,375,400,527,381,375,453,372,455,434,306,691,406,398,333,303,402,423,509,308,355,408,421,368,418,319,521,432,417,336,396,357,336,364,355,388,455,480,502,348,540,320,296,449,360,291,418,393,374,372,369,394,
34.15,192,314,377,1287,52753,6726,149260,669194,16975,3874,381,741,59783,78071,4808,52049,37010,3632,1185,1483,21382,73263,49883,4244,40279,8443,44326,1723,13877,26138,96022,10677,36141,17541,9964,17025,81768,9013,24693,63105,6721,15154,11747,9266,3229,31480,12508,30261,36492,2787,7411,2544,3584,516,56691,13415,20029,14978,2125,7092,3897,5373,658,6222,17064,11457,3465,7865,3437,1949,3690,663,6125,7299,6350,1331,5301,1628,2938,2109,405,4161,5481,3291,743,6863,12307,2878,173837,4655,2304,3097,6536,1776,5986,8699,16312,1816,3682,1369,2682,5866,2249,8728,6797,10738,2062,3038,9628,2157,1257,2611,9761,69241,7474,547,2659,1349,1207,453,1410,3146,14784,4326,2511,11056,2201,1966,515,3892,1926,11324,11069,4333,8750,720,551,464,30443,6637,101742,4326,25891,20685,10097,2637,625,961,2443,30476,6210,26298,8353,8498,595,892,1169,1840,4106,925,3695,8914,1869,1100,2918,778,1509,3729,1894,2717,10245,8446,1895,3600,1502,2138,685,2810,3072,2494,2841,903,4034,2279,925,437,2045,10786,13071,26881,10549,7426,2670,1061,730,1589,2019,2100,734,48100,8317,1885,807,911,1645,1711,1557,678,6669,3886,974,910,856,1156,1438,2252,827,6054,3822,1787,784,1155,1154,5658,586,1030,10871,2021,1480,798,2502,710,988,579,1068,975,1303,2013,792,1801,1808,811,385,1187,2118,1163,2869,1246,1210,2239,667,474,991,6434,2064,385,2588,968,688,1450,559,941,15410,4088,463,1380,1608,1383,468,545,711,886,3145,1058,1783,1177,1100,452,1869,1751,828,565,1002,804,625,1538,343,1631,1076,6263,1934,1121,1429,874,752,603,1291,990,4332,1283,1397,874,791,484,2519,1037,1013,555,371,6140,658,792,1525,1032,942,1898,1071,878,704,977,1813,2031,3377,1356,653,36697,15007,809,648,1479,638,589,1678,1155,1021,1705,1275,1307,444,757,2905,4072,12897,5204,3561,4583,1257,1638,5138,2504,1810,10369,5593,3640,4597,4297,2822,2145,18223,43567,39193,41132,11388,4721,8901,10755,6173,5797,9550,6984,30586,220980,130445,6428,9826,46978,28803,9924,10565,12171,6205,96804,119964,55548,22347,16100,7691,18768,8061,6111,8372,6127,8568,6687,6743,11740,22003,13552,38496,19067,9286,10188,27703,10741,3509,16654,6935,50926,5951,4148,4859,4770,16000,9737,9977,10664,9249,4735,3227,3137,8214,6477,7321,30372,38758,8177,4450,7837,3615,3736,3419,43120,19508,32305,11968,6727,83754,36036,10127,2863,22743,5085,3598,4581,8123,6827,9847,6670,3257,7874,9647,5347,2872,5427,5259,6943,6167,4319,5915,19336,11621,5362,5597,5863,7527,4109,7907,6260,6818,7836,5796,8448,7628,8788,5160,5677,6031,24383,8306,6150,10170,9573,8039,6001,8188,8441,44105,36485,16048,17502,14320,10927,9332,10252,7434,9460,5109,6704,5352,7112,9860,7003,10405,8846,8187,5019,6003,38156,28043,26063,8575,8409,5589,4903,7356,5229,5704,6832,2720,19940,14820,7484,4907,4382,2949,4944,3707,1459,4185,3656,3655,1276,2009,2218,1303,2031,1024,2171,1006,790,468,699,937,985,697,635,952,641,454,516,627,544,633,1174,540,519,605,362,2639,485,587,404,991,757,537,381,570,665,4693,1944,537,408,431,311,634,447,376,331,945,823,650,281,353,738,776,439,288,270,377,427,282,391,182,534,501,412,426,454,332,472,455,428,393,401,464,334,264,470,347,463,1061,451,374,308,326,584,277,406,287,425,377,473,540,426,480,443,354,422,675,571,566,369,493,349,514,483,335,591,558,581,583,468,618,496,400,384,378,473,408,435,414,493,429,507,492,409,507,514,448,655,516,696,466,473,528,440,546,632,496,513,513,450,453,466,482,461,592,445,504,530,397,500,559,627,607,516,491,529,470,392,567,403,410,575,642,665,495,508,506,475,512,712,393,419,440,619,583,332,494,619,413,488,401,427,469,515,418,348,524,444,570,391,428,486,458,343,315,378,386,335,454,345,393,458,400,305,449,405,388,400,496,499,305,331,373,287,293,364,344,456,479,369,364,402,328,209,424,515,372,393,408,579,385,356,361,498,419,392,380,383,457,435,397,416,511,513,304,390,414,333,409,437,341,469,387,473,474,490,426,355,398,391,410,409,623,342,371,288,433,325,345,412,455,470,274,330,399,334,470,486,357,280,418,487,452,340,454,457,357,491,580,381,429,426,438,317,327,325,454,393,334,348,298,414,392,324,504,384,388,528,520,413,404,372,560,446,439,413,402,389,435,483,505,397,439,387,525,379,546,610,416,388,421,346,348,401,273,617,448,528,332,318,478,349,338,386,395,388,309,438,385,477,460,338,316,454,391,489,446,442,369,509,341,503,486,371,373,427,349,373,371,470,310,443,522,343,323,400,362,444,368,368,452,325,294,315,295,335,294,284,468,441,275,293,442,274,430,330,353,387,440,313,275,334,434,312,269,337,388,293,321,319,386,305,348,342,367,323,374,243,361,277,331,287,360,381,348,282,343,311,287,363,309,261,393,361,448,395,414,269,507,328,276,404,329,314,308,323,256,397,291,323,463,336,277,274,275,457,246,339,281,254,454,289,307,306,370,352,313,268,370,293,249,373,353,345,341,306,312,449,322,392,279,292,309,380,291,290,355,272,271,311,334,275,283,401,233,388,451,312,363,263,303,371,403,378,368,507,288,248,371,410,349,349,261,402,277,332,287,553,378,330,375,247,451,326,267,250,343,261,283,422,321,314,496,333,294,325,421,
33.97,191,321,498,2054,46553,6956,180851,637821,16559,3325,491,856,53670,77161,4417,51331,39279,4100,1204,1948,19038,68731,47082,3296,32493,11447,51119,3215,14017,25202,94166,8063,36648,19827,10603,17820,75713,9397,24228,57274,5642,15139,11374,7472,3439,32926,12543,31267,30553,3966,8415,2798,4236,854,67579,14089,17510,14224,1988,7165,5358,7272,1087,6240,16854,10198,4488,7162,3549,2668,3713,715,7293,7378,8208,1715,5707,1755,3021,3151,642,4419,7371,4162,1230,6644,11212,2995,108487,4310,3907,3031,7312,1577,6580,10250,15515,2022,2759,1696,2567,7417,1211,6759,7076,10493,1390,4386,11196,2544,991,2260,8705,90159,12993,563,4061,1317,1719,740,1774,2966,18934,5122,1528,15685,3176,2182,589,5112,2593,10322,7388,4522,9145,907,900,770,25045,6868,74992,4865,22608,20644,12992,3439,831,1138,2326,35868,5771,25603,6218,7013,824,1346,1330,3172,5562,1003,4570,10453,3534,975,2136,1070,1269,2755,2010,3740,6980,7910,1693,4573,1183,2445,672,4073,2999,2963,2873,959,4550,2755,1342,491,2354,19098,17125,23450,9820,4345,3809,837,524,1619,2836,2343,977,36203,7495,1829,842,1232,1909,2139,2477,847,6208,3742,1156,957,812,1405,1004,2225,646,2682,3133,2478,720,939,1056,9015,1367,1025,13051,3405,2241,1073,2949,1268,1313,523,1192,1479,1475,2295,1019,1819,2760,1314,578,1287,1442,1635,2163,1436,1556,2712,1009,383,1223,3093,1586,455,2532,1181,899,1710,883,1002,14898,3631,641,1321,1610,1857,834,570,1199,922,5121,1668,1413,1194,1066,438,1128,1406,1061,544,1696,1247,1712,1192,640,1567,1407,2130,888,1066,1239,1057,962,656,2516,1277,4311,1582,2333,926,1107,658,2831,1723,751,1122,939,6286,675,671,883,1053,1064,1248,1057,791,660,910,2555,1559,3979,1253,937,60565,24231,1143,1173,1481,823,716,2128,2009,1171,2324,1566,2233,541,978,2831,4412,19710,10993,10459,6626,1766,2342,6622,2504,1848,9126,5346,7372,5243,3499,3282,4407,47015,111711,42365,62773,10782,4763,13480,27610,12972,9614,9548,8735,39383,217964,120532,8125,16118,59658,30533,12191,10123,22899,13327,179897,136967,62044,50570,24459,10130,18914,8443,6309,9289,6663,11703,7044,6477,12386,28286,15202,36209,13733,8013,9802,29160,12076,8515,23204,8488,49638,6742,5106,4884,4777,10106,8483,16233,15059,7918,5339,4444,3600,6745,4399,7028,30971,38708,8718,3773,13490,4659,3112,3379,25043,12270,15835,11869,6663,72506,28323,9113,3142,39586,7121,4414,4150,6739,5466,8545,9074,5446,9385,12385,7518,3807,5837,6502,6617,8469,6161,6738,44453,30719,10565,6550,7227,7244,5222,9916,8137,9065,8219,6875,10725,8383,9148,6983,7949,7318,22349,9501,7313,15469,10236,8934,7914,8571,6950,44911,31747,12643,35249,22934,22140,9954,9107,8731,7212,5658,6046,7048,7617,9273,6060,8755,7249,7298,5185,6746,67906,56434,49297,16797,7272,4903,4315,5289,5021,4380,5889,3210,10839,7989,3699,4105,3977,3420,3926,3113,1511,3276,1788,2068,974,1409,1291,1239,1180,1031,1426,853,625,522,576,641,1159,860,689,635,615,630,695,540,629,840,705,412,469,565,454,2404,729,934,542,1120,838,582,465,479,606,2636,1544,564,513,307,431,666,645,480,424,699,955,501,378,355,925,459,488,442,426,369,504,344,418,284,348,280,416,435,309,401,571,442,391,459,417,553,426,350,365,424,520,685,555,378,340,472,546,360,474,372,382,550,461,448,490,323,1054,919,450,484,509,662,555,611,454,485,521,499,718,522,713,567,577,528,516,630,566,464,427,581,411,593,620,534,732,716,611,511,577,499,512,528,748,724,487,625,679,643,502,494,582,579,587,520,577,664,647,548,547,678,622,554,630,597,598,506,605,774,626,527,544,465,492,485,446,438,530,567,426,546,516,420,582,610,682,504,439,467,508,457,506,537,402,411,571,520,388,537,463,376,517,621,459,517,524,461,668,512,445,574,407,392,374,572,588,605,504,319,448,436,479,352,390,525,493,457,476,399,488,523,488,520,705,392,496,500,461,485,443,444,395,408,419,402,485,428,483,418,471,397,499,460,469,336,569,572,393,532,488,536,535,524,346,464,417,394,422,403,392,485,560,385,449,427,402,410,443,540,390,473,430,309,445,462,407,585,574,612,465,393,599,458,418,461,458,534,627,421,465,418,492,451,514,573,469,457,425,505,471,404,458,627,616,365,528,383,437,407,607,608,364,498,482,498,533,456,610,470,427,564,524,406,430,570,576,505,487,631,532,448,491,509,492,524,670,518,519,446,494,538,546,513,380,462,515,356,549,420,447,353,317,395,395,503,476,536,519,422,406,352,522,588,486,434,420,441,503,461,543,527,461,559,516,453,371,384,377,409,349,614,516,437,556,395,343,385,498,335,475,429,357,412,284,415,385,405,359,362,368,406,543,394,394,448,410,365,364,423,347,366,535,436,399,425,348,346,482,406,330,482,438,360,459,362,383,407,378,483,295,443,392,352,479,416,402,441,317,431,321,421,341,423,363,505,512,361,394,394,341,416,520,315,457,404,469,354,394,322,299,420,445,307,384,458,340,440,439,282,421,454,450,319,557,392,352,462,517,342,453,392,413,396,343,407,425,379,354,410,367,356,504,408,321,349,343,398,442,557,468,413,347,534,423,318,458,375,320,455,464,626,415,315,440,324,282,346,291,391,330,589,401,343,388,467,308,321,409,327,331,346,426,525,400,349,524,307,371,451,331,547,
33.79,190,386,351,2076,38403,3627,168557,546305,12668,3888,289,990,49341,67351,4389,42167,29516,3256,1347,1746,17070,56237,38699,3717,24941,10000,48327,2001,11860,23609,83353,5206,28703,15551,7403,14791,72636,7675,20073,48164,4526,11183,8715,7182,2696,29413,11019,30050,29270,2804,7013,2375,4308,624,75830,11681,16947,12867,2267,6530,5340,8496,902,4904,16480,9033,4871,5563,4067,2237,2325,460,11400,7199,8496,1863,4303,2098,2318,2639,682,3688,6881,4759,1190,6552,14011,2895,54578,4232,3266,3122,5332,1332,4887,8910,16187,1584,2696,2371,1539,7769,1203,7165,8333,9704,1305,4347,12231,2777,851,1637,12421,97426,13874,451,5393,961,1578,559,1108,2639,26725,6238,1147,17065,3434,2334,394,5886,2921,6411,3464,4697,7983,842,839,392,21844,5409,37533,2742,17424,15975,13522,2873,948,1025,2814,36176,7500,25535,5052,4692,832,1277,1125,2534,5821,1428,4201,9490,5459,838,2474,748,856,1408,2245,3734,7312,10053,1835,3899,953,1801,467,3431,2490,3787,2590,1182,4444,4712,1549,388,2644,23587,20690,17478,7441,2912,3226,791,685,995,2475,1883,510,27453,4951,2528,805,1636,1338,2197,2193,816,6581,2481,1179,656,552,1189,734,2003,592,2227,3054,1856,512,732,493,9529,1602,911,11960,1926,2589,1274,3202,544,1184,350,2086,1435,1436,2955,1606,1585,2578,773,432,1114,1514,1483,1279,845,1479,1470,985,412,1366,2661,1590,403,1597,1082,749,1058,608,1187,12838,3346,404,1244,1642,1284,479,619,1255,685,5458,1092,1112,1764,1159,723,1428,1321,656,389,1524,1081,1222,1036,422,1039,825,1634,876,820,828,646,728,579,2338,1143,3946,1176,2537,1239,878,433,3009,1243,643,1073,896,5517,591,920,1415,874,781,2486,1416,665,428,715,1456,1844,3417,1366,1320,68175,26153,986,1768,1157,1147,790,2976,1411,1281,2183,1166,2421,646,990,1356,5499,18296,21655,14429,9014,1737,3533,4579,2826,2860,5930,6658,7686,5210,3445,2614,6157,65536,148916,59117,61433,13318,5709,26170,43387,18933,10646,15163,9802,41177,164926,89101,11637,18612,55217,25345,9762,7605,32297,15747,209530,121338,53106,62484,28534,12236,14249,5944,5098,6137,5307,14679,8989,8641,9097,27258,12895,33911,6519,5408,8850,22459,10592,12797,19327,7050,26514,8252,5409,3233,4971,7069,8475,20692,16661,7510,7123,6814,3182,4801,3492,5120,21326,25188,7384,3623,17880,5145,3251,2414,6628,5607,7369,6507,4423,34668,17195,6690,3214,40709,6904,4351,3848,6026,5723,6834,9967,5205,9580,9616,5970,3436,5669,6340,7329,9454,6796,9125,47974,34477,12968,10562,7598,8268,5706,9299,7948,8458,11646,7244,11283,8096,7843,7889,9254,8252,12785,9817,8043,22429,13875,10826,7597,8812,8085,24216,16268,7958,38235,30450,26011,8850,8134,6833,7845,5142,6242,7481,6223,6821,4862,5294,5581,5957,3612,5951,81519,63870,59346,17529,8920,2928,3431,3091,4957,3300,4773,2314,2687,2188,2034,4263,2996,3340,2731,1484,842,2589,980,698,635,1002,664,558,1330,607,530,578,498,877,396,446,854,732,1018,593,538,402,417,597,513,499,412,370,488,467,322,1504,512,706,589,684,524,377,490,242,969,500,714,334,372,311,445,469,342,280,616,543,417,397,327,313,309,381,246,444,340,416,275,399,245,442,406,289,352,291,434,852,674,504,384,364,549,285,388,358,434,430,408,268,383,458,432,407,498,536,298,472,455,513,489,400,397,305,565,816,291,415,488,432,511,546,458,525,399,451,596,650,586,524,570,485,484,431,542,617,381,482,370,523,636,439,421,751,548,460,422,635,526,531,768,575,500,737,579,544,595,475,426,449,501,495,391,517,522,485,461,474,488,556,666,373,522,420,542,518,361,526,389,691,408,527,632,418,564,609,545,445,504,428,359,568,399,587,557,479,518,300,403,468,457,534,367,352,546,479,539,436,564,469,459,353,412,447,522,402,350,339,412,571,339,320,511,311,395,391,324,353,305,328,333,509,351,476,372,478,437,437,433,375,440,357,343,468,392,477,376,538,490,462,516,453,429,282,370,366,552,689,502,432,417,374,478,404,232,368,351,322,343,512,423,289,346,353,322,265,305,442,411,333,368,363,298,338,550,308,441,371,457,422,485,368,608,293,700,479,475,377,499,273,331,387,376,415,345,506,422,440,336,355,551,412,431,495,474,542,526,349,594,441,502,434,488,425,317,487,447,487,379,593,597,606,507,530,392,484,468,465,490,332,464,504,426,412,445,334,453,395,333,394,460,404,598,528,525,386,330,532,328,441,441,424,368,393,467,380,378,483,392,499,541,285,565,359,287,404,394,485,371,545,442,479,388,431,287,442,363,266,379,295,403,393,380,270,351,287,417,327,390,370,542,449,319,363,390,355,517,400,392,469,370,354,322,363,309,245,500,384,259,393,414,275,332,416,343,347,463,297,308,286,244,300,275,388,251,481,379,327,276,361,255,579,413,301,211,446,349,316,264,436,420,543,330,306,273,444,386,295,335,432,428,416,315,403,332,311,381,230,375,309,211,364,460,413,346,304,239,337,275,436,477,526,283,403,305,331,364,300,367,309,337,426,343,377,324,314,325,273,315,371,370,301,280,267,453,479,310,325,316,313,303,370,397,336,383,355,293,367,259,349,318,394,435,388,281,359,411,327,367,376,369,443,361,236,343,227,282,325,296,460,293,273,242,348,288,379,338,341,286,208,450,322,332,335,302,370,458,322,
33.61,189,429,405,1217,53848,5304,184391,697974,17774,4296,456,1338,60498,87303,5973,54746,31725,3673,1931,2299,23760,69354,48371,4574,23994,12809,64742,2663,13532,30556,87698,8997,36854,20005,10009,18277,76846,10850,26857,57269,5817,15290,11349,6281,3602,44098,14105,35458,32042,3916,7020,2706,5038,686,87777,14204,20818,14659,2701,7290,6706,7530,1393,5315,20465,10639,4198,6855,4453,2243,4160,785,12065,9150,7456,1584,6429,1895,2568,3808,839,3650,9259,4245,1493,6609,14969,2838,39424,5319,3110,3835,4527,1008,8425,10957,17561,3599,3325,2218,2926,8844,1613,8733,8566,10590,1413,5145,13318,2700,1126,2250,22815,102962,12322,844,4800,1472,1867,583,1269,2860,56551,13082,1249,14379,3707,3106,994,5488,2447,5214,3020,5820,9135,1076,790,557,18360,4210,29441,2325,17799,12121,13394,3744,1397,1804,2267,36629,5829,33128,9832,5807,1134,1218,1484,3002,6125,1646,4469,11938,7184,959,2294,984,1581,1201,2581,3662,10860,11696,2472,4183,830,1886,720,4181,3536,3221,4945,1969,7010,8253,2927,648,3549,20447,30504,19108,8067,4028,3391,826,614,1738,2751,3211,982,34316,6946,2783,921,978,1509,2035,2039,747,6698,4719,1074,778,822,1651,995,1925,448,4093,4202,1800,706,726,849,9382,1633,1454,11589,2217,5368,1865,3071,767,1044,948,1575,1484,1951,6229,1987,2143,2498,1317,262,1728,1610,1341,1515,1474,1644,2088,855,625,1405,5982,1632,521,2336,1248,870,1499,938,677,13877,3155,491,1549,2271,1651,641,742,1616,1081,3767,2111,1045,1317,1288,738,1976,819,877,556,1513,1048,1551,1442,703,1074,1208,2196,1612,948,1079,1122,901,1027,2924,1977,4159,1346,1544,1069,1366,636,3988,1476,785,3926,1976,5266,950,1214,1888,999,1319,3187,2694,1052,805,787,2033,1646,3979,2231,3814,60891,23549,938,2498,1620,1846,1333,4001,2755,2083,4140,1510,3229,734,1790,1481,16217,18528,65705,27966,15667,2192,4292,3659,2483,5840,3656,9823,9683,8598,4280,2826,16860,112996,205538,90301,70509,14623,6068,63664,71188,30365,11551,28483,12721,45124,138011,70384,12999,18625,45150,24085,8356,6808,38776,21532,239131,97206,44250,67586,35562,10483,11504,3979,4905,6784,5038,15989,9791,10455,11085,24495,10942,39392,4902,5409,8038,19520,11857,25164,13562,13663,18020,23675,10080,3436,5503,7055,9431,30174,15889,6767,10484,11759,4153,4934,3882,5146,14584,14814,5077,3395,15842,8005,4305,2788,4892,4734,5338,6178,4790,20641,10626,9664,4522,38277,8260,5882,5879,7217,8229,7689,12332,7380,10819,13907,9309,4997,6415,8476,9857,13808,14295,11560,48052,33107,11692,14964,11461,9766,8978,12644,9752,10440,10798,7919,12943,10613,10285,11042,11611,8572,9624,8578,7631,52634,37887,30793,8015,10949,9485,14144,10892,6898,45066,34552,30738,7836,8055,6554,8710,4878,6759,5681,5548,5592,4447,4842,6932,5221,3301,6151,83569,69593,63530,18716,8315,2890,2807,1637,3284,2750,4779,2652,2179,1781,1945,2564,2235,1918,3085,1180,650,1783,1029,1178,525,833,623,799,3149,801,566,437,444,1543,504,1062,651,623,1821,1163,665,447,770,453,1740,908,550,559,485,691,408,1201,485,697,850,575,566,462,473,336,613,602,643,361,480,434,595,394,489,408,456,690,419,457,357,598,514,504,328,464,454,465,394,393,342,483,470,530,417,485,422,3431,4425,1305,779,793,360,382,473,536,437,432,560,412,473,388,810,419,439,542,567,565,571,590,524,595,509,371,607,874,442,538,527,539,448,520,692,596,483,488,569,607,507,569,647,664,616,406,540,536,506,592,526,604,559,600,609,773,714,503,595,488,649,551,876,1048,718,629,537,535,570,604,549,714,608,535,594,608,547,583,499,469,691,442,589,588,416,435,476,469,508,703,495,479,441,491,617,730,593,564,489,523,560,463,596,443,546,451,548,578,438,485,593,548,507,438,436,558,375,401,512,462,358,571,554,360,396,608,469,408,528,465,527,516,521,472,551,493,412,474,524,516,466,546,455,460,559,426,455,538,511,421,544,652,531,371,460,503,575,485,418,499,441,365,336,407,505,693,509,378,584,494,540,550,429,454,469,494,470,482,468,444,349,469,496,433,579,537,308,468,447,517,397,396,333,373,433,402,508,526,425,479,443,411,464,542,455,701,529,615,451,479,446,494,514,450,519,452,425,420,624,526,546,413,500,434,572,427,582,452,566,531,690,646,489,483,567,634,465,559,536,466,399,361,547,450,432,457,410,562,405,428,544,491,363,498,490,445,522,431,484,391,474,521,424,365,484,534,459,356,566,439,440,422,505,432,431,482,375,505,425,521,564,438,409,455,430,546,360,492,467,375,373,486,463,470,534,355,487,408,533,499,372,437,344,453,407,370,461,382,384,443,453,569,403,383,436,350,391,447,348,398,428,538,488,418,453,398,424,410,510,553,402,504,411,419,446,344,355,342,378,460,425,480,320,361,479,387,442,446,460,404,401,336,414,386,360,332,369,307,433,579,373,381,350,414,477,467,340,306,318,346,341,413,426,433,485,294,325,274,454,361,414,382,584,464,450,376,553,311,392,393,371,393,409,490,490,370,391,392,445,424,456,372,350,494,420,300,323,580,357,386,342,413,389,365,355,478,428,417,503,392,312,461,295,433,411,533,402,385,373,405,478,321,312,405,359,429,353,315,327,396,340,344,346,416,609,340,362,412,374,325,432,327,330,316,467,361,313,399,396,460,397,299,439,485,435,437,407,322,394,397,
33.44,188,346,499,1377,63031,4374,185285,726640,17340,3878,375,1951,57996,98214,6754,54519,36786,3621,1183,2515,21376,81646,52492,3697,25525,11043,57261,2508,16331,31766,106542,9183,38776,17872,9391,16208,79502,10409,29646,60103,5973,17386,10932,8220,3561,53510,12624,37176,30912,3693,8446,2962,5469,707,73810,14795,26105,13414,2277,6377,4930,7318,856,4745,23950,13069,5061,5979,4514,2906,3963,612,9723,8270,7035,1179,5242,2160,2675,3280,679,5992,6177,5096,1120,7459,14136,2500,34444,4563,3246,4256,3061,906,5858,12348,14982,3600,2633,1632,3045,6150,1777,11599,9633,9367,1442,5554,13625,1971,1399,1718,29475,80565,10718,487,4117,1467,1929,468,1397,2593,72218,18999,1677,14261,2934,2451,602,3535,2385,4219,1795,5152,10762,1196,919,893,12579,3924,15984,1575,19946,8058,13994,2453,460,1803,2757,29647,5342,39748,8903,5291,627,1374,1351,2042,6475,640,4503,8410,5959,836,2637,641,1522,1152,1808,3779,13604,15180,2894,3274,819,2003,614,3502,2711,3472,5783,2127,4448,6592,1927,496,2905,15462,30154,25908,7211,4396,4044,756,402,1692,2740,2853,807,38904,8068,2176,836,942,1387,1575,2160,622,6312,3975,896,451,998,1529,1452,1366,566,5318,3115,2303,649,853,846,4480,1032,824,7632,2047,6137,2300,2888,616,986,498,1543,1542,1340,7102,2812,1675,1732,880,425,979,1269,1832,871,1307,1091,2330,994,623,1121,5543,1932,438,1701,1362,674,1631,807,768,9131,1956,694,1927,2085,1432,1059,648,1124,812,2096,1292,687,888,1144,525,1741,646,930,407,1032,965,1443,1593,570,992,1563,2302,1089,1108,911,811,591,492,2240,1109,2928,944,1257,501,634,337,4594,1706,793,7231,3224,1909,592,991,1194,878,1244,4650,3463,806,592,772,2320,1645,2918,3926,4197,30695,11988,869,3128,1847,1435,875,3629,3901,3879,6887,1708,3115,764,1249,1573,28303,14017,106234,31197,13949,2723,3474,3949,4058,7846,3415,10468,7737,10309,5108,3062,26938,137539,221595,93945,66522,9613,5343,91937,75715,31781,12150,37014,16425,40106,93546,41678,14508,16903,25361,11872,4090,5806,52851,24598,230439,54215,22369,65961,30357,9218,6934,3995,3423,4409,7069,10350,8297,11379,11033,17725,6793,27673,5680,4045,6222,8316,7958,26441,14076,16326,11373,44312,18213,3543,4734,6474,6520,28002,12977,8395,8446,13912,3968,5989,4809,4301,9719,5756,5736,3708,11377,8377,3901,2931,5832,5437,6935,7016,4598,8111,10148,9597,4672,22903,6366,6453,6669,7804,8162,8361,12049,10867,11075,14056,9450,6184,8242,9232,9415,13175,22183,14409,25603,15940,6283,14129,9825,12343,9216,15038,13242,9764,9525,7576,27280,21523,19253,12954,9897,7887,10085,7841,5547,66600,51585,42233,9860,8759,9696,9960,5193,6857,38265,29697,22950,6911,7976,5581,8119,3968,5157,4548,4442,3891,2791,3481,4209,4066,2347,4995,68346,57688,53039,13733,6076,1851,1616,1382,2316,1829,2717,1087,1054,733,765,859,820,708,4156,588,488,1021,392,1305,551,411,487,528,4328,1260,619,503,475,2208,505,1047,637,317,2069,1151,585,445,560,418,1538,724,429,369,598,626,372,512,508,394,667,453,427,396,391,415,523,498,433,367,350,357,452,389,486,361,406,387,372,358,411,671,405,372,382,386,376,383,313,360,404,290,354,287,465,336,383,4153,5270,2157,879,1150,354,369,455,460,501,323,473,330,552,294,687,531,434,555,453,540,569,500,507,546,434,339,791,663,531,433,514,518,563,623,459,373,545,429,576,503,532,447,506,575,422,710,540,492,453,432,556,612,410,737,467,572,639,605,676,520,462,691,695,640,502,635,410,520,458,389,546,728,602,400,532,457,512,602,444,482,357,491,539,424,462,632,512,444,617,528,486,358,402,441,473,499,440,412,376,498,595,351,312,307,357,424,495,459,396,581,284,385,514,370,353,464,435,374,627,332,292,414,430,472,470,478,286,478,361,427,446,526,403,409,475,362,450,295,397,378,331,450,554,503,374,335,344,634,406,347,356,384,418,441,405,440,448,572,361,414,457,409,432,311,423,425,416,489,424,405,366,330,347,329,328,273,401,315,442,408,422,318,497,462,439,422,446,416,395,391,295,466,354,343,447,394,435,411,424,313,323,453,513,389,480,554,656,478,508,434,361,319,492,442,446,428,591,472,497,436,509,491,599,468,488,396,544,465,548,575,586,441,492,559,487,472,312,411,579,516,407,368,421,569,440,391,347,437,433,369,441,405,524,545,345,370,401,438,318,319,346,531,342,382,418,383,366,442,303,457,467,444,499,530,401,333,265,328,406,487,438,419,342,323,381,279,373,295,326,407,459,293,361,332,337,300,391,258,287,395,479,401,342,294,362,317,341,498,437,427,351,321,384,339,368,291,303,486,344,296,332,458,387,258,355,338,370,392,297,337,311,299,409,390,360,285,422,328,361,425,306,385,283,444,213,467,331,388,387,229,372,292,305,429,339,305,230,287,467,410,346,293,373,271,466,380,410,299,408,269,366,304,400,257,342,452,317,306,404,293,310,274,406,331,381,351,428,248,240,259,776,281,219,434,396,302,368,270,507,337,368,334,379,350,423,346,293,373,299,366,278,319,266,296,357,368,254,278,338,403,299,283,314,295,245,264,340,440,383,350,292,296,251,300,445,349,247,429,356,306,298,279,282,380,310,318,373,218,348,303,517,253,458,512,374,314,363,300,303,350,384,407,317,294,380,292,329,319,338,325,
33.26,187,435,693,2075,72250,4285,193062,745098,18934,4231,487,1429,78855,117001,6263,53112,47441,4430,2717,2243,25512,102940,66266,6667,25260,9602,63502,2616,19460,35739,123019,10221,44818,20948,9777,18501,74396,11766,33165,69485,7562,16266,11406,9071,3342,72889,17123,43995,35226,3438,8993,3042,6009,768,65068,15482,28401,17444,3195,8548,3845,6812,1439,5814,39450,14518,3974,7698,6482,2885,4201,913,9510,8657,9461,1649,6002,2265,3550,3901,857,3581,5955,4887,1726,6269,14362,2547,32399,4508,4013,3961,2703,1390,6003,11317,17909,2495,3218,1971,3605,5358,1650,17213,8249,12021,1948,3833,11210,1686,809,1935,36332,60580,7367,710,4465,1545,1611,502,1999,3940,100824,21926,2110,12650,3531,2255,817,3585,2488,5276,1562,5736,11234,1696,858,633,9411,3782,15364,1414,29303,7871,11046,2242,1215,1173,2398,29740,4973,51300,9994,5151,986,1649,1370,1669,7103,1505,5595,5960,5599,1343,3635,858,1919,1239,2338,3707,15499,19827,4095,5866,1388,1500,679,2512,2366,3733,8789,3072,6531,6647,1768,636,2226,20071,32829,30846,10562,8553,3843,1180,549,1757,2746,2599,1041,51541,12010,2333,848,1054,1182,1557,2304,614,4911,4396,1352,453,1072,1640,1159,2537,712,4318,3321,2062,830,829,1194,2734,812,1013,4840,2383,9016,3094,3347,881,933,678,1794,1465,1654,7249,3279,1674,1436,990,655,1244,1610,1391,2050,1123,1625,2678,845,639,1387,5525,1936,572,1853,1551,1421,1741,853,605,6037,1777,833,1758,1724,3483,1838,817,1453,914,1675,1613,1315,1580,982,1087,1712,1189,866,487,1658,1217,1399,1220,598,1178,1412,1777,1154,1102,979,1194,1150,882,2834,1374,1643,936,1116,1115,1227,525,3983,1877,1075,17073,7833,2001,908,792,2097,911,1598,6246,4070,2131,1005,1127,2412,1718,4557,3558,7492,17716,23894,2447,1369,1068,1982,2075,3010,4436,5510,11999,2396,2879,995,1689,3625,74697,35798,202324,34833,20298,6027,5500,12072,8679,13651,6857,9735,8654,9778,6525,6356,43709,165637,209795,88907,58283,11242,8905,126215,63668,25981,19951,45317,20074,38997,74105,31218,11533,13047,15707,7136,3778,6208,70243,33370,209788,41534,15632,54739,23738,7400,6598,3800,3622,5294,7532,7105,8742,9905,29367,19673,7961,18585,4950,4235,5021,6126,5685,23773,13118,18274,13562,92198,39906,5338,13864,7763,4522,19417,8856,12898,9230,16867,6298,6944,10043,4691,7544,6207,8291,4200,12210,9461,5324,4051,7719,6851,7813,8617,5172,10395,11908,10174,5361,15744,8138,9608,9176,9391,10450,11324,14703,25786,14582,12666,9554,10076,10350,10458,13135,11751,35046,17730,14227,10115,6821,10399,10906,12293,10319,21730,12840,8436,9711,6599,57859,43243,41015,14052,11939,7498,13666,6691,6061,78134,64572,53874,13336,9730,10916,8431,4468,5056,31403,22215,18884,5158,5537,5859,8297,4599,5380,3223,2846,3136,2308,3396,3059,3339,1844,4454,51965,44392,40220,11046,4577,1560,1300,6727,1841,1165,1891,863,986,638,601,667,563,494,10405,1917,624,527,574,2759,745,395,608,966,5029,1141,603,812,557,3047,890,952,816,590,1668,878,636,451,470,386,1157,640,431,441,554,592,566,434,578,390,513,514,475,394,493,399,354,607,439,369,553,457,406,502,438,338,518,518,513,467,410,645,535,379,485,618,508,348,406,482,640,416,403,464,391,510,554,5753,5861,2766,1563,1328,498,602,424,440,551,420,655,495,636,581,523,527,532,659,710,515,472,469,555,475,597,671,1149,723,435,536,529,551,533,663,647,479,705,521,662,681,540,530,606,854,516,565,642,598,511,500,572,817,704,698,671,573,625,499,588,547,442,586,583,691,563,760,630,622,545,434,669,459,595,596,476,515,623,596,485,697,544,446,668,478,623,473,500,476,465,451,563,491,521,507,485,500,478,554,434,344,468,404,638,441,434,403,527,515,491,524,546,523,580,627,485,425,526,465,491,519,470,402,494,474,557,508,415,528,418,494,453,473,496,581,599,528,472,357,485,445,496,450,439,443,477,470,573,436,427,408,347,510,598,498,556,362,440,511,468,428,645,403,403,446,470,558,492,574,472,431,449,392,493,451,459,432,506,456,419,489,421,501,472,594,413,330,389,423,483,699,408,519,434,508,449,424,435,483,542,497,568,549,569,495,468,535,486,725,466,502,448,523,531,366,542,581,742,497,555,440,526,588,525,585,578,516,634,452,645,571,580,413,452,428,564,396,508,545,631,380,462,530,533,477,521,493,493,525,439,436,415,549,514,402,517,440,380,492,464,542,547,427,591,426,421,411,331,422,470,380,507,331,612,429,508,408,449,523,372,458,532,495,362,410,520,692,424,488,306,339,329,475,585,609,356,398,500,348,383,550,402,431,434,456,431,362,512,399,394,464,540,543,394,411,390,341,356,366,285,453,435,317,390,344,374,405,420,504,418,407,352,477,422,347,348,500,488,357,398,485,607,454,346,312,272,462,467,287,406,416,442,312,390,421,384,347,441,310,357,328,461,555,294,384,424,393,380,338,442,448,340,416,340,330,513,400,400,415,490,365,420,371,456,397,314,406,454,374,413,432,438,335,457,468,335,467,488,613,385,368,451,454,318,368,542,340,325,465,340,404,545,304,466,335,468,309,465,509,320,408,344,302,349,410,389,385,363,471,354,478,447,509,602,513,369,254,518,401,293,377,407,418,537,358,384,417,352,273,317,443,336,424,320,382,349,395,239,264,553,415,397,396,400,299,328,278,391,479,325,346,
33.08,186,424,406,1402,83414,4654,188294,747155,19151,3319,459,1010,89969,117655,5865,55751,64223,5197,1412,3110,27417,115513,71454,7499,26041,9733,67970,1795,17022,39790,126091,11249,44663,20713,9916,16140,75040,12370,30418,74706,5858,15941,10923,8076,3204,63847,14370,43147,31912,3949,7763,2800,4259,522,40254,16257,28751,14694,3702,7406,3405,3914,1379,4745,40057,15181,4004,7586,6374,2393,3235,600,5854,9339,9156,1870,5344,1746,2858,3544,344,4736,5897,4238,968,7792,13373,3742,35363,4585,2901,3790,2308,1134,7260,12764,18801,2569,2262,1511,2512,3251,1842,16273,8250,12404,2154,2601,9781,1356,1508,2824,34823,35131,3878,642,2172,1473,1534,449,1876,3266,101576,25715,2130,6623,2880,2592,476,2777,2360,5348,1427,4794,10509,1563,788,731,4200,3671,10522,788,33453,10757,8955,1834,629,1157,2254,19034,2977,57591,10234,7004,872,1032,1246,2034,6701,888,4625,5366,3017,823,2349,1034,2212,1294,2272,3863,10178,18539,4964,4528,1001,1392,470,1625,2793,3462,6796,2429,4997,2265,1119,304,2513,18463,23031,39776,13570,8660,3895,1121,464,1371,2919,3162,528,55468,11578,1938,909,911,1289,1566,1515,590,3568,3750,1058,617,678,1429,1324,2226,798,3517,3012,2162,492,591,710,2057,557,1144,2303,2218,6265,1854,3039,765,1171,578,1194,1140,1398,6742,2863,2427,1841,1004,358,928,1429,1697,2380,859,1540,1750,525,420,954,2486,1384,557,1532,962,657,1197,804,766,2952,1530,502,1053,1934,2966,1424,501,1381,706,1117,2239,1044,1475,1099,655,1505,562,734,376,1221,1096,1737,1509,390,818,833,1457,1372,884,966,796,794,673,1147,826,1649,1415,1354,983,1207,482,4587,1333,1034,17979,8324,2984,749,1059,1748,1184,2108,5797,3469,1985,637,1495,1477,1592,5363,3695,10242,4892,33280,2851,1227,1318,2358,2000,3509,5679,5526,15302,2167,1689,1120,1677,4235,113788,49775,228249,31807,16575,6320,8470,16647,8125,24798,9800,8164,10849,7728,6147,6571,46771,156907,123756,50514,42280,11974,12666,134611,58755,16867,24821,49067,19054,27914,42762,18798,7226,12365,10882,4848,3590,5462,74724,34555,133608,36079,13042,29138,17218,4554,8094,3634,2741,8732,6645,7182,7487,7256,41462,21296,8123,11226,5856,3104,4063,4701,5587,11604,6771,13502,13032,105711,46344,4899,24995,9631,3384,8549,5172,12724,7347,14138,7807,9431,12824,5702,9937,6212,7418,4726,10843,7585,6409,4661,7610,7629,10140,8826,5353,9861,12209,10495,5085,9446,9233,9648,9506,11142,10626,9776,12699,34182,14527,7990,11692,10495,12767,12607,12711,12559,32730,16051,10317,9150,7641,12456,12798,13354,11519,20804,12875,7829,8241,5909,67490,53647,43059,13927,11295,6618,13000,7531,4406,75423,60069,49021,11079,8085,8545,5238,3642,4529,10249,8397,6958,2866,4616,4267,5289,2066,3188,1982,2159,2068,1481,1828,2345,1525,1337,2372,18406,14928,13745,4485,2070,568,623,11037,2062,1194,830,868,504,690,622,645,490,725,12403,1975,498,435,512,2868,611,615,474,649,3636,1137,712,877,702,1584,547,747,410,755,790,594,440,359,476,383,883,495,503,438,372,560,397,471,389,285,465,379,323,570,443,369,383,569,331,349,335,276,348,402,451,302,322,550,386,453,478,494,336,328,349,348,386,371,320,498,349,390,593,382,502,481,373,4245,4896,1827,1125,810,679,334,541,572,571,602,492,496,532,519,708,393,444,618,474,499,449,701,541,578,627,503,1552,1374,365,597,526,403,739,672,618,626,649,542,450,543,486,435,515,483,468,748,436,570,586,501,426,642,484,604,416,441,640,544,884,449,322,415,367,609,539,509,497,633,382,444,496,503,386,603,308,578,411,508,572,401,416,464,427,489,429,635,269,393,355,323,417,430,526,494,470,422,401,301,338,348,442,347,521,322,491,694,398,381,347,398,307,270,412,407,403,419,350,383,430,491,358,418,359,435,556,460,611,442,539,320,472,552,464,404,641,439,471,505,415,408,507,511,537,378,419,285,387,355,396,487,422,399,367,416,430,493,415,351,323,361,602,364,668,401,303,488,438,459,404,450,531,358,470,392,503,344,376,432,437,549,404,439,404,525,561,347,373,375,517,452,427,483,550,543,368,468,516,307,432,444,439,381,496,466,354,482,356,501,554,496,414,409,495,515,552,488,605,435,468,465,501,402,407,423,524,443,398,434,482,375,571,398,522,421,401,504,344,299,591,403,423,415,538,489,498,416,309,443,334,568,392,390,475,426,308,386,379,429,451,400,340,375,454,389,377,405,343,565,298,324,544,318,583,441,535,359,460,349,468,397,354,309,266,330,271,455,407,365,459,352,370,349,358,386,306,294,409,343,308,345,351,423,289,389,304,365,308,285,433,400,261,299,352,400,384,332,387,355,274,310,309,306,291,256,342,205,390,235,411,364,260,313,340,323,295,303,411,331,258,379,273,373,295,496,286,212,307,300,323,289,381,481,250,414,344,279,354,361,266,302,316,359,300,222,299,324,311,402,373,279,309,354,340,367,375,383,385,304,426,493,381,348,335,394,315,321,461,327,362,326,434,412,216,393,343,354,492,266,391,347,215,361,247,389,355,435,469,351,451,375,578,263,314,368,261,287,275,244,357,306,400,339,242,290,372,381,380,319,326,238,348,217,382,365,385,299,509,310,323,400,363,332,298,334,244,353,350,358,280,307,314,270,343,236,381,385,253,268,220,437,328,251,251,285,463,290,381,284,227,403,
32.9,185,394,466,1916,92737,5846,183532,729898,22233,3371,498,1535,101768,141073,8456,65638,74862,5243,2180,2364,31848,130519,70165,6718,31813,9673,63301,1823,17960,40359,158693,11203,49170,19162,14076,18833,72564,11865,36015,82554,8672,17080,10978,10884,3682,55253,17491,47204,36260,4110,9140,3942,6710,572,41808,16137,28174,14451,3316,7503,3794,3363,2247,5450,37932,15978,4177,6885,7749,3256,3823,611,5984,10102,9944,1505,6359,3189,3453,3290,801,4044,6190,4765,1308,7219,19090,2854,36214,4690,3425,4098,3225,656,6723,12584,20334,2183,2039,1513,3192,2485,1929,19361,8339,11180,1801,3069,7120,1485,1126,1669,28827,24811,3597,1073,2027,1464,1365,698,1809,3328,97822,19263,2067,3919,2200,2945,867,5996,2127,6020,1055,5969,10097,1802,1144,627,4083,3837,7224,929,46302,17422,8748,2394,993,1083,2968,14422,2825,60780,9397,9047,937,1507,1060,2495,7892,1086,4663,5021,2769,988,3627,869,1573,1506,2508,4611,10095,20005,4250,3832,1091,1070,564,1897,3406,3703,5770,2547,6877,1962,1264,559,2250,15262,21037,48973,13622,10361,3770,1109,534,1601,3299,2905,769,59531,10752,2414,841,961,1050,2041,2251,1078,3093,3433,1084,775,714,1206,1579,2313,781,3097,3383,2643,683,816,1096,7069,702,1255,1565,2323,5233,1711,3244,1208,1044,740,1717,1681,1980,4575,1897,2099,2277,1262,611,1495,1194,1743,2575,1504,1477,2384,989,529,1764,2550,1427,545,1736,1315,774,1796,679,852,1912,1319,493,1892,2669,1816,756,900,1479,906,3857,1649,1488,1001,1463,569,1718,789,1088,518,1166,1139,1387,969,495,988,1001,1933,1119,916,1139,1058,1013,844,1089,1102,1322,5244,2460,755,1583,463,4851,1729,2192,20001,9632,10080,1023,868,2254,896,1768,5186,2558,3261,1048,2367,2247,1751,9308,3328,13462,7575,71931,5782,1770,1765,2526,3020,4230,11302,6979,14700,3315,2339,1322,2482,9235,201034,82350,227032,29200,16734,7752,17875,15919,9678,35268,14213,10406,10078,7114,10430,6035,46620,137591,76818,26498,34438,9572,16946,120995,53569,25095,27742,42922,18178,21547,42085,13355,5634,13041,9582,8590,8458,11457,80107,35182,130860,61344,17543,20363,13649,8932,13011,5517,5065,11705,5258,6688,7925,7041,45693,24629,7944,17546,9237,4529,5669,5570,5346,8518,6922,9641,10253,105767,43439,6330,51229,20717,4041,5927,7164,10668,6102,11158,10105,12171,15579,8164,10966,8234,9342,5463,11693,8309,7550,5227,12081,10005,11922,9738,7143,12278,12643,11660,7075,8043,10361,11749,11133,11936,12811,10899,13337,37026,18045,10627,18231,14111,14234,13907,13786,12911,27443,14523,11486,14671,9878,16798,13734,11751,11480,18972,10978,7764,9732,5149,67085,50602,42458,12214,10184,6429,10671,6930,3836,64833,48939,41822,10449,7934,7402,4510,4853,4357,5493,4313,3626,2306,3091,3871,4024,1770,2465,2391,1577,1515,1147,1817,1315,1254,1620,1691,9681,7410,6231,2133,1117,659,735,16241,3783,1806,754,532,507,570,900,603,607,1178,10528,1724,854,466,524,2176,1081,438,530,474,3087,999,509,839,816,1090,389,543,480,778,747,585,412,452,514,584,612,733,549,441,430,527,503,316,508,454,381,452,451,469,436,491,543,524,476,315,415,522,429,443,471,496,449,354,329,453,634,632,511,576,417,498,455,292,563,422,456,531,587,418,438,456,522,2720,2534,1837,1017,780,480,547,493,536,512,768,523,487,1082,563,866,572,647,736,545,974,524,688,703,678,1023,619,3568,2651,668,548,560,637,606,749,933,778,609,644,542,534,527,572,662,615,632,509,537,661,488,441,607,694,612,513,704,500,936,509,756,582,646,598,535,589,468,521,509,626,611,609,474,438,470,549,554,539,367,494,459,584,443,451,645,574,544,465,524,500,468,439,575,567,508,512,561,596,420,481,416,532,441,519,395,518,490,561,448,428,389,478,535,444,413,383,464,493,454,475,403,591,614,443,528,350,354,452,609,400,391,498,489,426,555,517,403,505,450,511,470,433,451,323,543,488,507,581,495,471,586,481,488,516,577,580,476,510,372,485,436,445,497,362,413,516,496,461,619,419,412,446,493,516,447,527,603,418,397,541,455,413,584,463,528,511,435,547,365,460,516,489,423,499,568,572,479,532,521,558,449,423,502,561,558,543,411,434,444,519,661,389,511,570,540,522,674,568,446,454,416,437,529,505,416,440,335,391,451,588,484,396,466,520,463,450,626,387,400,353,437,556,527,368,519,420,605,350,470,439,418,371,586,345,381,452,400,455,308,482,538,354,376,414,544,468,313,341,354,406,316,347,414,439,463,350,266,384,581,379,378,463,382,534,462,439,393,428,382,392,437,345,583,380,367,452,328,557,445,445,411,343,482,453,540,391,320,414,511,375,329,544,374,564,414,289,345,354,366,407,433,361,293,320,381,366,435,419,401,402,398,410,419,342,387,371,394,360,300,414,538,366,373,369,392,433,525,510,313,333,370,441,365,532,431,479,370,391,422,303,431,381,338,500,344,489,349,354,368,394,349,402,343,322,598,414,451,403,433,453,398,430,429,469,454,364,485,408,383,358,289,397,457,354,411,434,366,485,416,595,429,309,423,402,277,348,331,326,341,363,322,310,363,332,348,366,374,495,417,344,352,299,484,357,313,416,468,339,389,286,366,534,329,409,451,407,340,417,465,331,388,336,320,436,417,427,326,424,449,374,448,331,422,487,349,374,375,401,416,327,268,418,465,471,274,279,358,380,394,381,313,359,
32.72,184,407,331,2113,90973,6320,176075,741353,16422,4458,323,1588,98096,136723,6089,64660,76219,4890,882,2430,28589,135434,70669,6695,30849,10569,59879,2130,16801,41931,154398,13472,45311,16948,10955,17662,76892,11777,36115,76177,7906,18977,10002,7807,2844,34494,14638,45032,39469,3309,9203,3131,6983,508,38873,17242,27028,17427,2465,9953,2701,2451,1786,4994,33092,14262,4773,7226,6892,1654,2918,1266,4579,9221,7948,1444,6448,1903,3349,2367,287,4690,6506,4613,1430,7478,17647,3679,39168,3923,6054,3447,1915,834,5001,12865,16281,1929,2258,1843,3659,1759,854,15651,8236,10325,1630,1688,5306,1024,1603,2195,15125,18064,3770,958,1946,1165,947,581,1496,3103,65112,11801,1426,2839,1613,2365,814,5713,2818,5991,1438,5253,11418,1474,1368,607,3535,2460,6820,610,46471,23759,6851,1104,835,455,2027,8548,1299,61157,8701,9656,1174,1065,833,3126,7214,852,4501,2698,2860,853,2389,891,1453,1107,1863,4350,13854,14181,2555,4264,1552,1346,509,1873,2504,2693,5490,2003,5377,923,861,820,1836,16064,11568,50112,15956,10499,3545,838,492,1393,3567,2384,830,55803,13068,1906,982,738,1763,1255,1897,920,2714,3927,863,659,1022,1080,1167,2020,418,3082,2828,1789,522,633,841,11744,1729,1475,2318,2695,2517,810,2694,669,954,483,1492,1403,1217,3793,2040,1779,1640,622,388,1224,1428,1364,1891,1213,1493,1810,1166,513,808,1165,1314,365,2137,1414,735,1668,925,937,1064,781,535,1346,2907,1385,517,965,1545,891,6084,3490,951,1363,736,600,1342,677,1049,546,1294,973,696,881,411,760,1248,2128,777,841,689,958,788,725,967,752,1049,11046,4093,807,1103,511,5943,1939,3420,11717,4757,14462,1519,967,1881,1116,1068,2047,1577,3003,1174,2590,1508,1839,11717,3112,26595,13523,84954,7786,1692,1444,2650,2910,7279,14128,7792,9646,3853,2358,1287,2830,12192,223092,93319,169160,18175,15385,8947,23533,12923,8218,35138,11413,13309,9563,5320,13704,8332,36462,90711,37578,7836,28218,7066,16705,68079,29273,32195,29026,33089,14154,11018,51953,18346,4517,11393,8478,12446,11480,13300,59576,25231,136291,67812,17684,10060,9180,15812,14147,6928,6198,12386,3003,5967,5485,8850,33499,15498,6521,19734,12205,4912,7002,4972,4970,4020,5618,6438,9409,67593,28653,7840,60594,24092,5508,6682,7279,8470,4279,8817,11627,11309,16432,7584,12201,8974,9416,6068,11478,9705,8740,6044,10070,9630,12312,11626,7000,13288,12303,11461,8308,8255,11048,12358,12035,14291,12888,11445,10478,25031,11869,10224,21912,15250,15498,14171,14294,12139,13728,10593,7842,30029,22194,15474,13060,10041,9367,13810,10146,7305,8275,4483,38756,30194,24943,8624,6810,4094,6554,5234,2985,31818,21861,16290,4162,5676,4982,2497,3894,3198,3644,2247,2577,919,1902,1803,1623,1297,1292,1243,823,1675,863,1027,844,584,1322,710,829,736,876,1195,1393,575,565,16528,4021,2315,484,407,533,561,1225,423,529,643,6078,1324,575,407,354,1290,667,507,455,430,585,496,540,498,538,492,311,406,331,366,521,582,456,219,362,443,477,447,429,343,345,541,287,353,395,507,301,408,352,477,352,505,384,452,646,681,389,301,518,499,557,266,332,297,409,395,464,492,429,453,284,277,432,447,472,585,640,453,681,584,497,376,486,771,898,546,476,579,518,725,603,514,557,701,471,452,1047,635,463,610,441,561,592,902,780,597,557,536,1566,1191,4167,2173,376,615,576,547,694,506,531,612,433,562,441,529,740,569,522,518,522,423,470,479,590,421,448,572,473,571,428,486,447,509,361,465,443,556,602,572,450,368,344,487,313,531,372,481,379,563,386,451,403,455,439,484,433,467,356,491,462,436,348,339,387,501,484,469,545,421,460,499,433,364,571,511,382,488,347,368,408,335,416,359,374,452,469,497,614,460,373,408,414,471,558,452,462,373,276,411,462,359,600,375,419,596,213,422,458,302,462,329,581,397,346,478,476,478,433,245,409,431,449,543,442,306,372,326,461,467,500,344,370,392,381,397,319,334,363,424,499,379,482,316,495,391,653,426,440,367,438,445,368,332,415,435,680,572,466,442,421,458,365,414,355,369,565,392,423,334,652,395,409,413,342,405,457,475,397,411,426,371,286,362,399,487,529,409,410,487,439,361,386,310,465,432,415,579,363,315,517,448,383,326,437,316,417,384,420,352,453,406,489,384,516,365,427,328,351,350,326,453,422,303,446,307,310,381,458,261,399,368,318,398,283,375,303,423,416,426,384,437,331,380,382,279,339,347,325,349,378,383,455,365,313,289,423,305,319,431,315,378,372,383,219,362,253,474,372,363,452,351,562,311,361,365,291,369,377,430,333,330,447,336,315,356,238,488,422,274,376,371,277,356,480,482,357,537,298,353,384,300,243,406,269,333,298,383,317,345,330,328,379,315,407,284,321,288,326,410,321,337,334,360,417,453,409,319,290,286,352,269,333,345,418,346,350,316,265,477,272,291,379,447,567,295,478,419,323,426,336,351,302,355,359,442,385,293,341,335,265,301,296,323,319,250,241,349,383,373,300,311,280,333,274,232,439,337,405,333,297,419,453,271,321,321,274,385,346,367,352,395,332,242,292,408,309,375,207,250,478,355,471,512,237,359,346,291,400,430,384,409,282,306,281,309,346,273,294,367,337,375,292,286,313,418,354,187,236,296,270,386,398,348,452,321,339,372,255,318,306,369,335,371,319,314,
32.55,183,432,464,2248,90042,4940,179577,755650,19586,4761,415,1247,103710,127902,6582,69004,76813,5381,2432,3644,30559,131141,67823,6037,30669,15201,65821,2699,16461,42606,153196,11832,48428,19999,11161,22940,78562,11500,33058,75112,7005,18691,12871,9115,3542,34531,14318,46358,41068,3863,7626,2449,5666,1040,41916,17204,23564,19613,3078,8156,3911,1407,1903,5866,31817,13840,4897,6577,8125,3940,3194,659,6761,9758,6890,2016,6128,1922,3450,3054,912,4171,5645,4658,1410,8220,17078,3381,39587,5875,8043,3907,2998,832,7026,11357,19181,1996,1964,1583,4029,2180,980,15639,10533,12836,1782,2293,5048,1108,1265,2364,11706,18440,4052,695,3113,1330,1799,641,1379,4326,47460,9525,1193,2162,1376,1890,608,7439,3457,5888,1204,5176,12784,1558,729,791,3263,3373,7759,773,42579,30100,8966,1547,1074,986,2589,7163,1532,55217,11413,11985,1435,1239,1078,2843,8127,1315,5543,3147,2683,956,2185,1007,1164,1628,2570,3955,19828,14971,2856,5877,1086,1307,507,3247,3337,3592,4329,1845,7004,891,1363,914,1897,42424,7066,43690,14319,9932,3839,1262,423,1713,2996,2576,751,48334,9729,2429,1280,934,1736,2056,2228,756,3149,4402,986,719,847,1351,1065,2399,670,2818,3827,2153,586,954,1313,24140,4555,1777,2783,2401,2248,689,3399,964,1234,651,1358,1812,2986,3076,1666,1821,1840,970,388,1326,1731,1754,2369,1179,1855,5674,893,549,1362,1389,1623,615,2171,1221,703,1918,976,1048,1190,1723,554,1164,3554,1167,659,965,1609,2241,13494,4169,1183,1194,1391,541,1959,491,1146,624,1407,1026,929,1806,542,865,966,4031,2100,809,833,895,611,632,1006,1039,1248,22607,9806,848,1667,813,8281,2005,10911,7373,4977,23661,1613,1038,2488,1168,2143,2955,2198,4394,1116,2921,2129,2192,16192,5747,63232,26830,86680,7270,2253,1520,2286,5537,9248,16041,7530,7790,4513,2204,1819,3934,22345,229579,91412,119014,11735,17531,10809,25662,11426,6094,27145,9812,21218,8044,7049,15068,10274,30185,68026,83862,32178,25366,5845,16559,40464,18678,34828,26713,26811,11109,8426,90686,37661,4033,10298,8530,24760,21586,15263,41628,20677,136783,67609,17475,8944,9293,27674,17336,12996,13439,9875,3533,7082,4861,8080,26790,13691,7164,18781,12488,6029,9279,9212,5539,3837,6485,6343,9811,45822,19869,10084,57988,21722,5990,7445,9512,9758,5648,9364,14106,16264,16436,8826,16762,10086,10483,6702,11220,10553,12048,7175,14425,11766,16403,12268,8704,14135,13942,11562,9596,9328,12643,14262,13210,12724,14511,12601,12083,14847,10113,8209,24613,15191,14215,14756,14303,11421,7076,9543,9028,77172,54445,27351,11815,8172,7453,9359,9868,7371,10068,4509,22439,16549,14177,5883,6601,3556,5973,5477,2258,13859,10559,9601,4962,4826,3716,2150,2726,2293,2559,2048,1355,1026,1268,1284,1326,1218,1058,550,778,1389,786,930,963,648,4049,934,648,770,666,993,1007,770,486,12217,2796,3067,977,547,660,508,1046,545,508,576,2731,1280,625,392,564,814,750,385,510,462,583,452,485,443,456,562,414,380,491,484,424,458,570,333,394,480,536,339,536,470,388,395,303,579,485,559,479,390,426,408,436,389,545,423,467,342,466,387,468,554,558,520,508,581,433,598,516,657,644,523,705,721,511,548,591,633,570,577,673,598,546,604,648,692,673,552,676,771,526,587,628,559,504,587,815,791,552,562,744,715,606,553,698,1176,660,480,668,589,1887,1380,3797,2236,505,642,507,684,645,540,562,567,548,443,837,482,599,472,671,766,584,734,566,650,497,490,529,574,472,530,468,426,550,609,726,559,472,327,519,642,439,576,611,467,435,413,446,442,614,548,505,420,437,600,475,524,505,571,491,552,440,466,606,488,392,578,472,482,449,511,372,531,520,383,458,451,479,642,583,437,420,378,502,498,440,592,472,539,361,437,551,405,388,534,527,549,554,441,619,629,471,426,478,458,436,538,400,572,446,366,361,577,518,467,448,404,393,478,406,477,458,439,401,395,465,451,366,444,539,756,397,473,423,439,559,476,406,540,447,423,544,438,459,500,449,351,598,540,418,535,498,546,662,580,424,490,605,501,461,460,481,430,482,529,431,617,438,516,599,373,478,564,474,528,500,452,529,504,445,473,583,518,447,516,565,466,483,596,548,390,543,501,519,511,578,427,453,550,470,461,412,534,431,491,495,693,409,389,500,575,428,508,395,380,524,455,393,535,421,481,326,462,477,553,598,433,430,426,420,456,427,431,499,343,504,353,341,331,457,463,466,389,405,462,448,356,453,497,538,384,490,307,467,427,335,365,415,462,454,488,446,454,385,330,472,408,362,472,357,392,399,517,377,453,320,567,506,406,354,370,316,310,407,376,511,509,373,352,368,349,434,322,463,446,458,455,334,494,256,313,427,345,452,357,407,289,410,401,450,396,388,269,404,288,435,420,516,414,329,392,440,222,467,592,365,450,367,280,395,380,427,448,370,364,423,366,439,440,398,388,382,427,341,516,357,347,356,484,423,252,421,494,455,296,369,420,319,381,379,331,329,354,367,418,449,517,396,387,392,355,346,477,428,351,394,350,412,435,373,517,402,473,368,329,543,444,380,408,386,417,347,408,366,334,416,573,395,571,552,347,352,325,423,426,323,410,471,371,388,388,382,316,391,284,304,417,344,463,353,445,339,356,422,403,389,368,309,389,296,580,478,313,340,511,438,436,405,424,413,475,389,353,352,485,429,348,
32.37,182,325,375,1808,87565,3947,187968,772712,18873,2840,380,1069,94380,116216,7967,66611,63345,5671,2422,2641,25741,111705,58915,4134,30636,11986,69105,2341,15996,35045,138813,13891,42879,21189,10796,20894,78240,10395,28416,65434,7123,19270,11431,7640,2100,26821,15654,36501,42290,3443,8282,2924,6264,811,45124,14666,21898,16108,3375,7350,3997,2084,1194,4042,23594,11368,4469,4713,4815,2893,3866,427,5444,8931,5820,1760,4809,1657,3366,2055,563,4988,3825,4429,905,9784,17811,2338,35212,5856,8182,5044,2157,949,7020,13785,20363,1797,1473,965,1942,2104,901,10894,8314,12045,1531,1978,2945,1348,920,1818,8764,10961,2205,585,3336,1284,1504,483,1441,3908,18512,8908,1103,2177,921,3846,864,5259,3105,5921,1149,4443,10881,1257,751,359,1819,1578,5764,775,31356,26587,8819,1474,703,1183,2969,4886,730,37656,8721,8010,671,1246,891,2617,5904,952,4400,2443,2309,887,2274,1030,1546,1568,1902,4141,15380,7557,1615,3634,826,1178,544,2896,2842,2837,3390,1812,4339,557,912,513,2283,50195,7259,32426,10626,6070,3923,856,561,1375,2922,3124,646,27123,5600,2611,695,987,899,1765,1808,617,2540,3117,724,528,724,2449,1064,2354,616,1445,3976,2081,655,711,782,29837,4632,1516,1396,2294,1845,760,2429,994,1083,598,1324,1257,2889,3133,944,1308,1830,870,383,982,1665,1418,1876,1109,1488,8180,1940,385,1002,978,1026,376,1406,1033,898,2315,740,964,812,860,315,1188,3047,1206,606,765,1050,2229,14562,5011,1167,877,1039,373,1588,773,1186,394,1422,973,1674,1021,623,888,1502,5141,2479,584,797,659,1621,950,1027,1019,875,25576,9971,980,1565,831,7018,2257,18010,2754,5355,24584,1917,866,2979,1071,1354,3944,2124,6281,1456,2294,1783,2525,19825,5874,82175,34930,64767,5944,2219,1469,4248,6435,10854,14782,7110,4288,5005,2615,1942,3788,24983,159323,67980,43762,5841,16527,17919,21820,9485,4714,17020,6920,21749,5790,5769,13203,9678,16929,33403,141666,59548,14166,4067,13359,9706,9421,24078,20453,16587,6152,5228,103897,45594,3780,6101,6123,25339,21365,11469,32896,12320,107123,48586,12600,5522,7434,33743,13921,14502,15942,8708,3511,7837,4356,6103,9877,7164,5946,14663,10156,6128,13028,10422,5672,3571,5379,7743,11753,12351,10419,10825,35512,18493,5425,8268,9438,9133,6554,9538,14097,19920,16771,8801,15595,8873,11019,7668,9978,11140,18420,8146,14421,11763,15855,11746,9527,12223,11832,16367,9174,8663,13376,13972,11883,11829,12431,12302,10253,6634,10219,9220,16856,9807,12596,10302,10802,9631,6689,9415,9235,95176,66459,34660,9360,5079,6702,5400,8842,6583,9236,4167,5323,5257,5470,5077,5421,3388,5084,3833,1521,4564,1720,2462,2732,2452,1712,963,1598,1200,1209,1664,648,912,780,753,938,1000,579,759,818,763,853,678,612,574,3520,1342,1003,650,804,512,716,525,614,4655,888,1539,469,613,468,594,589,494,459,390,905,618,447,387,499,481,415,562,481,424,486,428,396,255,314,306,469,582,467,295,290,720,626,508,410,362,597,423,518,546,522,363,295,325,331,451,556,331,451,468,458,388,413,391,628,451,532,424,466,450,539,396,413,594,560,483,491,457,596,631,627,579,436,420,580,443,439,553,506,578,471,511,416,430,558,462,580,431,550,471,586,667,666,418,593,521,678,520,514,573,514,555,499,777,488,680,455,376,2287,1292,1564,1291,479,529,426,510,376,405,459,478,513,708,437,434,465,431,400,415,518,406,455,337,388,516,353,366,371,347,527,530,534,365,538,335,407,334,560,492,409,481,404,382,396,343,345,541,411,453,375,542,393,636,439,514,440,469,451,480,499,527,425,427,365,333,399,402,496,634,301,360,354,360,360,316,342,571,436,393,439,444,560,328,506,531,369,412,479,428,417,355,313,406,357,486,389,309,441,321,339,398,416,364,443,494,448,316,515,352,416,410,431,611,516,495,342,511,364,471,503,584,415,544,752,402,386,620,404,427,429,440,423,470,495,322,426,351,432,489,481,557,429,423,518,494,685,413,356,340,516,459,476,376,437,515,482,444,348,417,432,315,445,437,313,524,609,429,322,501,415,319,417,314,339,299,439,359,353,448,357,405,297,281,369,470,416,488,340,400,320,462,454,460,331,442,430,418,351,376,365,357,540,405,289,313,372,445,389,268,400,353,441,570,632,367,446,336,449,297,560,278,418,473,355,355,290,352,351,307,350,384,327,340,328,281,351,254,442,318,389,448,308,261,418,338,436,477,419,389,422,313,314,327,331,345,383,333,396,394,271,316,276,346,370,313,300,372,371,245,255,269,287,299,308,354,295,388,360,282,240,429,482,291,460,332,346,369,364,431,410,234,329,416,342,408,260,246,254,285,320,317,347,410,390,329,259,457,293,205,312,374,228,339,352,305,332,433,318,295,311,334,291,422,388,424,250,219,456,341,455,421,315,488,350,351,361,360,345,286,199,281,307,406,482,294,289,369,289,322,240,228,453,313,342,478,230,306,276,403,340,265,310,417,228,367,296,379,381,348,280,332,309,363,341,316,315,236,327,274,385,335,256,311,354,244,318,345,364,396,293,277,194,488,261,247,493,267,420,468,346,243,259,321,319,381,253,147,401,246,420,370,353,338,369,369,439,279,295,335,328,356,335,342,269,435,323,299,374,325,171,367,373,301,292,330,337,470,189,592,368,270,298,432,433,397,
32.19,181,297,512,1975,79680,4609,187279,798851,18118,4901,407,1426,96378,107522,6834,60701,49897,5034,3474,2438,25980,102380,52983,4904,27406,10403,65432,3211,15735,30286,115898,13037,39382,20188,11648,23624,72976,9427,24717,64282,5841,18428,12021,7290,2965,29656,12014,31750,46798,4010,6443,3157,7828,1010,47120,12426,21984,18310,3075,9280,4573,2265,1257,4505,27638,9184,5214,5333,4226,3833,2287,972,4776,8144,5484,2121,6216,2483,2686,2817,707,3777,4528,3743,933,8408,17395,2797,30310,5374,7537,3944,2517,731,7863,13573,22149,2157,1735,1544,2419,1967,816,11784,11158,13114,2149,2672,3275,1265,1413,1942,17544,7632,2731,625,4561,1706,2063,527,948,4774,11037,10597,1380,1876,1152,5567,605,3741,2561,5559,1254,6039,12236,1011,1132,713,1969,2288,7901,935,19961,22930,10391,1353,763,1308,2912,5592,1071,45496,8186,7187,893,1237,750,1506,7919,1555,5249,4135,2895,1615,3426,942,848,1109,3454,3553,11199,5861,1313,4437,901,1244,757,4001,3092,3292,8622,3088,6617,903,830,550,2874,51153,7126,30883,9759,8612,4859,1101,857,1267,3972,2987,534,18451,4561,2988,847,950,1619,2314,2107,678,2956,3845,919,506,1077,4278,1585,2548,972,2660,3668,1739,732,832,1233,30884,5594,1295,1690,2233,2965,1108,2813,829,1360,643,1706,1469,3583,6824,2728,2084,2354,1126,551,1306,1115,1359,1311,857,1267,15288,3537,467,1116,1316,1594,691,2123,1537,699,1675,763,935,1700,1351,462,1059,3385,1156,569,641,1229,2442,14701,3975,1020,1351,1020,585,1399,1090,1253,710,1168,768,1899,976,622,699,1155,4533,4405,897,957,880,1512,923,1054,1434,1747,24390,11293,900,2867,672,6344,3312,41163,5185,18017,22743,1867,1561,3287,4360,2263,4375,2734,6870,1750,1925,1990,3544,28707,11337,93003,42447,39960,4745,2271,1433,6290,10703,12703,10067,10096,6571,4810,3000,2212,3121,28629,107880,44536,20470,23970,16979,24056,16108,7535,3415,15864,7988,21468,5261,6928,9886,8953,11583,27050,228918,94038,19819,3542,10147,5956,9125,24840,20894,13675,6111,5186,106348,48813,4812,7179,6512,28370,18111,9978,92250,36114,79426,32761,12869,5143,8163,29129,13481,10694,20935,12724,4894,10513,6315,6476,6274,6911,8666,12392,14482,5973,16756,13686,7286,4412,8740,9376,11188,6870,14112,13076,39911,20174,7294,8546,11010,12175,8846,10961,15753,22175,17693,10121,18595,10981,12239,12303,11860,14058,43003,8398,15453,36335,27236,20244,9208,13232,12485,21328,13779,9930,13590,12686,11969,10190,12452,11713,13813,7628,11176,9330,15216,8192,8859,8417,8852,9656,5390,10953,10043,112856,82491,41767,9402,5174,6394,3449,7985,5072,8200,2961,4634,3837,3389,5168,3435,2866,3539,2950,1236,3754,1490,1815,2170,2078,1170,699,1368,814,747,1148,1048,1525,662,635,783,649,705,1290,1065,740,766,760,914,511,4088,1383,983,913,835,871,638,464,500,1845,695,1281,858,595,437,589,663,650,486,451,445,483,527,513,560,454,390,594,442,436,480,437,368,436,356,506,348,662,473,483,484,579,617,490,425,502,417,480,432,437,426,487,567,462,507,419,549,506,620,647,424,621,679,427,856,767,560,723,525,486,669,771,785,624,611,590,510,963,540,570,531,677,667,670,698,509,789,672,729,630,829,604,628,652,687,682,860,604,592,779,649,824,637,531,555,556,612,603,735,547,553,472,552,927,595,502,513,550,1172,923,713,665,535,478,749,641,520,529,498,522,502,511,540,510,442,429,645,389,534,474,387,460,465,579,552,432,415,566,535,417,529,412,536,629,395,474,595,576,494,364,447,367,480,431,408,403,452,583,460,414,368,500,513,435,438,511,515,439,491,494,487,496,458,456,542,451,380,420,409,472,419,548,387,407,534,509,444,351,381,414,463,429,371,429,401,393,476,542,428,382,554,443,614,573,423,434,520,504,623,433,419,482,417,481,408,392,433,631,365,528,399,501,562,555,525,423,410,397,404,348,517,436,389,373,553,542,533,416,520,471,416,476,591,501,861,465,520,639,473,615,506,496,406,428,815,463,360,446,448,384,476,428,531,600,368,508,556,582,478,416,465,490,415,471,382,585,562,639,370,527,330,450,400,403,457,376,463,444,454,504,377,475,354,456,451,464,344,711,447,470,381,485,412,429,402,451,403,479,395,455,424,416,378,291,441,385,450,464,512,382,389,402,541,388,617,690,308,349,505,506,422,480,465,410,390,486,489,386,438,346,346,460,468,362,459,362,300,341,493,311,391,374,442,542,491,505,409,329,400,288,344,346,257,488,373,393,618,338,335,400,394,242,355,379,325,353,411,351,403,472,341,475,418,432,437,395,316,426,287,352,398,346,232,412,414,366,455,313,308,468,469,383,359,387,451,377,377,414,282,360,385,340,389,427,432,435,438,352,371,276,349,488,342,462,356,549,372,392,314,380,252,426,340,411,320,445,391,393,344,315,298,325,384,367,395,418,442,292,411,436,510,345,411,382,461,281,492,383,305,309,340,422,395,472,365,429,344,412,283,559,320,364,342,327,436,387,444,514,389,361,356,312,442,489,340,305,325,394,375,406,276,358,326,372,502,344,404,353,399,354,297,385,318,345,387,329,378,453,412,428,452,584,292,326,400,318,347,403,484,370,473,372,403,333,358,293,396,372,412,333,335,397,381,406,257,419,338,500,557,506,371,337,363,488,355,316,433,483,291,364,373,382,356,309,
32.01,180,338,443,2258,62070,3926,175576,858173,22890,3854,351,999,70481,85411,3954,53946,45151,5759,4754,2783,19715,85090,41627,2699,23588,10069,69760,2448,11314,25429,101173,8614,35573,18660,10419,24881,68993,10337,21530,51421,4535,13964,10689,8394,2670,29168,10390,25500,45816,2709,5740,2589,6829,1081,48852,11476,15795,18620,2454,7704,4326,1455,1241,5040,36014,8412,4616,4926,3753,2030,3394,553,5182,8456,4889,1667,5880,2003,3890,2899,347,3135,2517,3860,964,8470,16232,2052,30506,4523,5094,2792,2190,946,7790,10926,20008,2096,845,1040,1625,2136,757,16129,10573,12335,1678,2133,2897,953,1031,1527,21367,6635,1702,662,2588,1187,2101,312,1524,3243,8606,7796,1341,1269,816,7239,462,4557,3073,5287,997,5361,10229,792,829,456,972,1523,7136,759,13346,13471,8599,1154,624,714,1673,4054,927,52344,9614,5113,822,1068,900,1584,9391,1246,3804,2786,2571,858,7068,1752,1477,1111,2007,3288,4066,3879,1004,5362,1020,1308,512,4757,2062,3868,11241,3461,6053,924,1244,465,1448,36374,4821,33879,12085,8518,3271,1400,251,1249,3416,2011,622,12256,3876,2192,755,645,990,1562,1661,768,2421,3106,726,582,925,4602,1710,1453,627,1453,3173,1512,437,694,912,19400,2592,711,2145,1703,2602,868,2463,1006,872,499,1705,1491,2872,6166,2449,1553,2394,1277,334,821,803,960,1038,779,683,13831,2846,723,1078,1526,1357,621,1796,1086,608,1664,504,658,891,1086,655,915,1702,1830,830,767,1302,875,7885,2720,1075,888,1154,751,1340,678,1695,408,1317,776,1753,746,451,610,938,4389,1701,877,803,731,2087,989,1118,1215,1080,11126,5338,1072,2901,1390,5140,2069,50131,6755,25109,12810,1175,3042,2569,7973,2191,3840,2100,5167,1619,2060,2144,7706,30972,14151,80168,37503,14410,2498,2118,1516,6421,9511,10774,7357,13111,12007,4868,3867,2399,4314,19918,32831,14968,9080,57771,13183,19912,6718,4757,4274,11379,4825,17111,4696,7094,7406,9097,9187,16227,215632,91709,19544,3335,5691,3359,8808,27487,19239,8277,8950,9860,88330,33707,3779,7000,7336,17809,10952,7636,114401,42915,23031,9558,26287,6015,6197,14364,13492,9639,20068,13365,5713,10734,8760,7954,5107,7982,10564,12101,14289,6271,19458,12657,7887,4505,8244,10535,12053,7089,14240,14170,34879,18773,6814,9067,13440,14398,9636,11255,16195,35200,15991,9549,19863,11728,10809,14442,13948,13993,53717,10100,14316,65027,45211,38349,8974,15420,16595,24685,12227,9666,21963,14748,11040,7935,11208,11558,15098,7304,9761,7248,9131,4262,6213,5448,8454,7074,4415,9820,9734,111418,77312,38561,8579,3298,3144,1591,5375,3623,5094,1992,2565,2311,1988,2041,2079,1843,1682,1442,532,1994,1151,3318,1070,772,1034,505,2392,942,936,884,701,2108,740,562,435,673,367,1607,1029,606,982,455,576,739,2082,596,688,738,446,361,716,419,456,540,488,485,419,589,422,333,296,409,383,308,548,437,298,532,426,383,278,927,378,497,445,349,331,290,290,426,472,386,442,428,293,543,329,301,563,374,400,561,259,393,365,460,480,479,457,546,469,413,499,407,595,469,534,472,539,879,605,438,489,644,715,705,374,533,413,493,618,490,727,552,711,577,407,612,612,568,658,679,579,468,568,570,649,512,882,605,478,433,449,645,541,550,517,447,511,455,493,453,496,701,731,530,502,653,460,379,515,453,513,603,529,505,396,507,371,429,360,441,469,566,439,256,398,433,394,324,547,394,405,394,527,413,379,403,410,342,381,456,496,451,377,413,357,549,508,351,540,433,534,403,367,444,415,468,382,395,458,405,356,362,429,475,358,371,345,445,374,295,366,379,329,478,308,380,309,402,553,444,391,343,563,513,428,589,399,437,440,513,446,551,348,445,314,565,420,473,504,368,305,338,533,523,455,480,497,635,410,461,430,466,487,642,376,370,435,334,355,385,412,484,378,349,440,408,547,549,494,446,363,401,371,414,464,716,402,547,435,438,455,502,422,281,463,558,470,493,409,464,414,663,412,406,587,483,306,311,335,470,320,613,374,349,448,215,301,398,277,535,313,387,366,360,429,412,343,278,313,477,437,375,326,539,347,338,362,314,441,270,415,415,517,295,435,358,371,384,543,429,364,348,415,373,415,425,485,359,338,510,397,352,433,377,381,392,390,283,292,416,395,504,433,245,382,285,350,439,327,396,464,489,272,410,327,410,402,427,362,320,416,492,324,293,375,485,370,327,284,466,388,311,240,386,325,304,338,417,323,364,367,272,306,288,322,358,306,264,396,265,267,309,307,392,436,367,438,314,255,260,351,382,279,263,403,379,387,294,322,407,297,270,363,352,302,301,314,293,407,336,377,261,259,356,417,328,345,261,347,393,412,359,610,289,281,241,411,515,270,328,333,276,314,275,258,215,437,233,367,276,362,378,248,364,337,553,302,284,255,478,402,316,310,287,360,443,333,287,517,348,311,403,346,275,264,313,338,419,344,384,567,342,261,273,276,229,486,188,275,378,226,396,236,329,318,322,409,274,361,259,320,409,332,308,377,280,230,410,158,270,361,309,429,322,265,289,366,360,405,319,557,331,391,381,338,270,287,363,285,365,310,374,474,383,299,357,405,277,240,446,370,243,361,374,313,389,407,341,245,313,257,412,400,349,260,530,276,389,475,444,427,385,381,406,437,286,380,388,451,353,323,275,405,342,296,423,
31.84,179,425,409,1688,57488,3437,151703,883743,19082,6293,354,2157,51896,72881,5347,40045,55770,3403,3945,1568,19490,65139,37531,2068,20328,10011,72397,3267,9946,22889,80481,6060,33656,16945,8408,28339,60394,6667,19382,45931,4645,12507,11320,8310,3599,27342,9249,22061,46116,3177,6982,2039,4715,636,43753,12419,11288,17108,2633,8509,3165,1001,1764,3540,39473,8244,4240,3565,3884,3073,2502,822,2868,5262,4038,1844,4943,1520,3405,2118,627,2127,3166,2640,1377,8399,16020,2798,28934,4731,4181,2230,1813,582,6883,10782,19598,1035,904,1476,1816,1627,615,17710,9827,10960,1360,1692,2768,1243,1772,2009,25397,7705,2374,462,1598,698,981,571,1065,3473,12144,5780,1141,1122,846,9712,665,4370,1816,4622,975,4056,10352,978,988,405,1099,1638,9342,992,18215,10573,7831,1077,644,1375,2114,3938,1051,61237,12040,4558,504,783,528,1690,8799,1277,3887,3027,2374,801,13559,1169,1023,735,2494,3906,4262,3663,895,4410,858,1252,745,3700,3366,3243,12822,5369,6328,578,872,662,2459,25974,3160,36461,15899,11367,3358,579,398,1494,1982,2225,422,11072,4051,2631,829,751,728,1638,2913,697,1894,3220,537,379,632,3969,1389,2187,551,1976,3092,1660,688,623,1073,12274,2208,1221,1444,1363,4032,1166,1524,915,1069,415,924,666,2273,6509,2853,1911,1464,871,385,1129,1282,1092,1121,713,1216,16512,4086,417,1055,933,1206,594,1825,1151,996,1806,745,612,701,586,463,1500,1862,1088,448,736,997,1360,4598,2551,904,1155,1160,796,1492,806,1322,446,934,1148,2278,791,710,636,1245,2827,1129,755,987,750,2540,1216,1410,2807,1295,5537,2811,670,5235,2013,5813,2255,58892,7591,29612,8984,955,5023,3481,14890,2753,3806,2292,5197,1845,2158,2742,16102,25134,15041,64800,25985,8014,2664,2338,1896,6752,10753,8248,9343,10847,15488,7170,4742,3065,7028,16471,15187,7756,7979,121813,10299,18407,5568,4987,4189,10832,4152,11527,4057,8100,7655,6553,8436,13437,172031,64129,14776,2743,5017,4143,8396,31162,20510,7681,12379,15869,63588,26371,4296,4927,6152,11555,8530,5734,124117,49751,12505,4375,39832,7553,6655,8436,14606,9329,19544,14498,6515,9785,14224,8577,4971,8720,10694,13174,16443,7343,20522,13754,7735,6033,11044,11047,13661,8434,15062,17127,27685,17805,7792,11595,12484,13951,10050,12754,16723,47975,18296,10009,29086,21602,14713,16627,15452,12490,50551,9208,11901,89219,63090,51043,11508,13495,15743,20891,10313,9098,29197,19843,15668,4907,10946,10666,14692,5750,10438,6741,6152,3463,5095,4439,7328,6755,3341,9516,7912,98274,71353,31511,7651,2494,2878,1329,3206,2666,4075,2044,2396,2789,1634,1099,1127,685,2597,1193,491,1043,893,5149,1228,715,612,530,2839,918,1222,827,811,1900,563,661,497,866,401,1544,1172,768,536,912,925,463,1055,574,546,569,355,465,502,597,533,754,477,602,483,356,284,481,345,387,470,272,437,598,457,493,313,320,532,414,324,433,260,384,320,393,318,334,356,411,352,401,410,357,393,458,473,340,334,502,391,508,296,365,646,426,466,639,503,440,534,566,423,532,583,447,396,603,481,570,555,684,623,612,670,583,507,538,684,662,614,454,478,586,593,681,799,496,569,537,743,740,488,524,491,662,525,619,442,450,517,614,422,481,615,470,483,492,530,504,535,468,331,517,457,638,378,347,566,455,474,472,482,373,419,439,433,620,376,441,387,410,461,384,342,281,468,507,478,500,332,349,323,409,439,589,335,360,462,312,503,307,477,422,280,319,357,481,571,463,459,463,369,522,410,258,508,410,308,514,406,473,391,392,342,361,431,282,393,411,368,405,417,550,271,443,439,398,281,511,397,346,272,598,337,338,380,376,373,396,548,322,424,516,390,370,525,415,488,413,289,428,399,357,424,506,562,386,317,394,358,384,434,409,516,302,382,283,413,534,524,473,497,304,434,413,420,415,421,382,488,475,370,375,522,327,518,347,499,480,546,461,329,437,510,410,458,429,337,553,352,338,366,304,471,356,457,452,381,536,344,404,481,420,484,525,320,348,385,436,379,592,315,361,417,411,287,440,520,422,391,317,396,462,449,406,390,295,462,330,275,431,385,457,353,500,327,385,350,356,292,522,412,445,332,475,284,337,391,420,489,398,373,476,394,398,411,338,367,434,351,524,415,320,390,353,462,261,418,378,389,256,326,288,346,468,275,354,291,294,344,212,358,345,390,288,289,360,411,424,274,509,278,503,289,464,378,206,296,317,323,366,394,295,466,247,287,291,424,367,380,278,421,376,317,425,342,301,309,316,293,258,297,198,317,335,221,261,237,357,242,329,274,449,343,353,424,351,366,391,317,433,306,371,300,288,337,434,283,391,345,293,259,316,319,323,279,414,382,274,326,273,361,374,410,310,381,242,285,360,267,230,276,260,350,298,369,365,319,256,307,376,281,464,341,268,251,240,383,375,269,330,252,618,410,348,314,327,322,301,367,260,315,244,321,294,327,291,249,337,347,304,295,378,364,289,275,366,301,342,289,402,291,464,352,427,259,272,249,288,238,324,280,336,275,400,342,421,365,220,364,233,273,271,456,319,252,376,296,349,509,313,358,253,308,310,618,403,301,286,380,282,204,344,379,331,272,316,440,303,280,413,294,347,213,312,277,418,364,369,426,345,310,408,320,415,399,264,233,434,390,310,448,238,250,245,
31.66,178,359,454,2691,49919,2713,123001,1077919,25155,4376,343,1849,45393,66306,3888,33260,82757,6684,4095,2156,14273,54199,29768,2034,25015,11865,79751,3018,9488,20311,67715,6076,37992,17894,9893,31807,73469,6810,19641,35436,4030,13547,9699,6238,3947,31644,8520,22370,44702,3306,5973,3042,8878,1538,48449,11636,11858,18548,4174,8549,2960,1745,2790,4337,59535,8387,5170,5151,4017,3392,3300,659,4348,5756,4753,2605,9200,2022,3262,2471,962,3538,2780,4570,1399,10307,20261,3316,32481,6794,4357,3440,1664,891,8071,13336,21781,2055,1569,1194,1769,1955,779,25958,10653,13497,2030,1941,2235,1364,1616,1827,33719,10535,3028,836,1918,1302,1810,672,1957,3958,40583,8331,1232,1367,610,10952,696,6300,3030,7593,1873,6593,11992,1238,1154,515,1922,1824,11629,812,28536,11412,9124,1379,617,971,2375,3948,2882,80635,14271,4796,996,1325,863,2464,9586,1009,5410,3442,2915,1330,56278,2043,1186,1493,2444,3566,9981,3739,813,5653,1237,2113,723,4904,2995,3781,15938,5603,5622,802,1138,618,2392,16136,2744,53543,18597,12475,3951,1159,623,1790,2405,2663,821,19100,5393,2267,1182,1036,1501,1866,2588,630,3266,4368,1121,431,958,5146,1132,2288,703,2005,2381,1992,501,649,1105,6470,1189,968,2034,1379,5489,1779,2903,964,1417,523,1586,1045,2762,9033,3375,2089,1710,1114,495,1525,1966,1091,2090,1175,1066,16185,3272,476,966,1167,1138,719,1744,1623,1040,2175,580,862,1191,1430,769,1623,1689,1306,589,699,1646,1751,3529,1543,960,1004,1790,904,1395,701,1492,736,1347,1382,2161,1162,671,1271,1729,1764,3217,1907,961,1258,4448,2485,1681,4682,2292,2223,1353,1450,16660,5655,9215,3801,60897,7574,34580,6204,1724,9982,5077,30415,4731,12335,2342,3580,2165,2697,2830,60573,24062,19072,41966,17003,7220,4853,10089,2518,5975,12105,7219,10165,11118,19356,9488,6742,4377,14909,12597,9102,5032,7494,242295,19130,15746,11276,7811,15110,7456,3750,6241,2895,6868,8862,7355,16468,11405,105763,43208,10027,3112,4151,4178,7921,41028,24268,8178,20204,27561,44810,15041,3422,6191,7948,7975,7277,5621,115237,47324,11621,5144,71586,10092,10160,7721,13285,11352,21083,20779,9740,11588,16484,14149,7946,10755,14611,14914,19102,11138,20632,20454,13329,8433,14866,12718,14658,11170,16693,17222,22075,15368,8460,12458,15640,17042,12525,16138,18004,50573,18289,11064,55088,35328,25982,18902,17968,12583,40709,8273,12466,107251,82072,62714,12771,15214,15921,17593,6739,7878,36364,27132,20376,4774,9766,9652,13297,5289,8038,5123,5387,2452,5023,5228,6183,4337,2108,6574,6366,79514,53247,22600,6104,2452,2109,1335,1913,2043,2892,1310,1472,10784,2394,923,1124,1218,3846,1303,449,934,1128,5738,1871,869,796,482,3366,765,1888,613,758,1814,812,637,537,1044,613,1405,1172,654,704,556,786,622,907,597,518,670,638,610,815,555,535,729,342,518,569,498,537,536,413,483,332,437,476,336,410,488,476,382,320,521,519,440,794,365,355,334,500,462,326,350,537,599,479,656,470,616,475,511,486,863,584,509,518,704,487,666,492,607,745,729,642,909,859,793,742,700,750,669,781,672,662,670,625,785,753,884,810,740,893,680,803,657,740,508,712,801,500,562,484,656,753,650,552,670,666,673,537,542,566,541,591,572,859,560,562,557,471,481,683,490,545,444,478,451,536,536,410,452,446,492,501,544,624,484,491,417,508,527,625,506,450,437,477,494,528,413,530,412,510,503,713,352,593,439,568,442,538,466,444,376,341,505,456,469,641,523,616,346,603,439,529,413,476,406,556,410,542,437,545,481,459,568,460,381,507,542,536,536,448,496,544,487,542,345,528,489,515,516,369,391,429,428,470,511,381,398,411,457,487,583,608,467,449,511,455,652,393,474,544,680,448,443,439,362,480,388,410,504,487,549,508,446,502,477,438,420,424,499,384,471,656,546,467,569,724,481,482,361,510,583,595,449,496,504,601,530,557,455,480,392,525,469,548,592,431,567,517,499,450,500,381,547,484,617,441,543,426,426,594,440,457,529,381,517,456,479,476,447,564,401,477,463,385,492,456,518,446,387,438,358,471,413,428,462,535,385,430,500,418,401,511,495,381,554,523,469,540,487,409,443,396,469,490,486,402,397,470,536,448,512,658,381,458,408,440,447,418,483,518,412,380,337,362,344,349,375,464,367,383,291,360,303,387,438,333,431,408,582,362,302,512,553,401,303,404,429,427,331,307,334,363,343,391,424,476,419,372,488,452,461,392,294,286,428,381,345,389,397,336,253,445,364,314,504,374,433,382,396,333,478,461,361,470,397,459,375,295,437,494,310,451,399,531,387,445,457,427,429,344,288,469,380,438,379,377,424,369,395,319,406,366,372,397,296,433,365,304,308,440,377,324,394,419,381,362,400,521,349,430,318,311,422,523,406,386,319,340,353,289,385,399,322,367,354,238,328,447,339,340,473,433,455,358,428,378,377,376,363,425,427,324,383,361,400,368,356,397,396,399,357,365,466,435,451,488,425,468,393,406,395,271,376,432,334,304,374,334,305,453,404,289,340,484,248,300,371,458,391,759,390,518,420,382,310,494,367,273,409,376,488,369,400,391,263,327,486,414,329,359,439,377,413,456,389,312,499,436,424,303,379,388,376,318,429,337,398,368,363,305,413,459,415,251,447,318,424,465,317,302,397,403,380,300,429,474,352,
31.48,177,265,384,2557,45213,2716,112180,1066119,27144,4496,364,762,36363,56080,4368,33802,100902,6019,2955,2228,11889,43635,28620,3106,24400,13617,86467,2735,8439,17653,60732,4764,41315,18804,9172,41379,71616,5840,17079,32078,3374,12488,10107,8595,3983,32287,9031,20220,50580,4222,6821,3195,7137,640,55581,12809,10769,18240,2445,9152,3749,1871,2868,3387,67847,9214,4707,4742,4824,2155,2777,513,4104,4763,4443,2147,7234,2291,2546,2371,419,2728,2678,3470,1082,9322,21268,3582,28903,5535,3541,1826,2486,930,7808,13753,21430,1871,1200,1467,1753,2293,753,29189,11734,11385,938,1758,2508,1129,1258,1819,32626,9673,2321,523,2044,1498,1256,465,1428,3427,72423,14427,1418,1137,640,7827,651,7447,2487,5049,1420,6970,12029,1357,1020,497,1537,1547,10173,481,39545,10129,7647,1551,591,597,2077,4028,2822,82647,13595,5735,534,1293,659,2865,8204,1201,4887,2554,2242,1108,75578,2255,960,1289,2626,3095,13827,3307,907,4254,834,2093,807,3882,2860,3116,14073,5121,5320,777,871,559,1880,3033,1993,65714,21397,11886,3211,780,438,1259,3239,2190,553,27607,5298,1698,1139,685,1051,1454,1604,576,2472,4718,1141,435,977,3263,1379,1508,607,1695,2937,2439,635,752,927,1459,439,983,1451,2068,4529,1615,2070,811,794,449,1229,1164,2186,8864,3416,1746,1324,864,439,1157,1129,1110,1766,1443,1507,8268,1654,427,1193,1150,1465,587,1306,1837,1038,1854,666,706,741,1655,481,930,1814,1202,679,628,1608,1722,678,1345,917,1165,2306,810,1598,673,1637,473,1293,1194,1740,856,1007,1181,2360,981,5377,2005,1017,978,4795,2037,1713,5800,2095,1610,1348,1125,24996,7070,13812,5307,35055,7564,23288,2849,1827,11503,6399,35559,7406,21107,2888,3367,2789,2793,3044,74877,25998,14326,17901,5475,5746,6599,13861,2357,6453,10121,4817,11672,6829,13088,7096,5400,4611,16552,7575,7776,3061,5521,237373,19230,8644,17218,8931,20030,6970,7389,3740,3257,5442,9542,8176,21771,11955,22457,18098,8290,3052,4994,6187,5801,30982,15417,7256,16040,29064,10295,6950,2864,6931,8312,6650,7023,4969,60368,24486,8335,5261,63986,12211,11305,10681,12416,14586,18812,21127,8713,10850,16165,15388,9908,14086,15544,14756,20341,12452,20594,22230,11999,9536,16830,13701,18532,13402,15813,17513,20853,15475,9750,14155,17616,16786,14386,20822,14802,37687,14453,8105,64487,37525,29857,18278,15267,10360,19843,6444,9386,97868,71531,56807,10298,15369,16262,10360,4472,6679,28503,19226,15248,4220,7359,6672,9938,4277,5241,3567,3898,1601,2453,2806,3051,2368,1135,3096,3416,30225,19873,6697,2561,1149,1123,622,1352,668,847,819,758,15057,2666,787,712,443,3969,926,438,421,646,4472,1679,700,597,362,2961,656,1649,1010,682,835,525,467,682,656,311,675,794,440,523,718,784,407,338,467,335,596,409,757,678,536,450,481,332,310,292,471,424,395,423,385,406,302,354,358,501,381,407,400,377,407,339,448,629,478,500,463,522,604,395,396,536,557,385,461,483,775,553,498,494,446,604,616,841,638,677,498,747,725,763,785,684,592,607,781,698,613,667,593,639,566,612,873,613,671,549,731,695,658,518,617,652,522,540,567,379,673,439,557,447,654,563,590,517,562,451,517,546,804,484,432,407,437,574,408,466,338,329,446,396,605,311,298,367,609,372,401,405,393,491,528,349,396,519,366,492,495,575,517,313,484,402,375,437,566,340,423,422,425,431,516,284,345,530,446,340,402,327,484,320,447,445,471,423,410,460,364,386,343,411,568,433,438,331,404,347,290,388,489,479,363,365,412,408,480,514,383,444,447,345,426,407,400,642,340,330,430,389,408,417,455,321,431,467,323,491,495,326,468,428,402,435,378,473,423,347,522,405,456,507,431,357,525,509,354,390,326,291,433,341,387,409,490,438,334,387,550,626,408,538,388,528,547,344,523,435,360,277,514,366,373,545,594,674,378,519,565,354,493,416,494,386,330,460,423,542,471,382,430,434,321,339,543,371,366,415,324,633,421,429,341,397,467,515,376,392,395,470,452,558,446,363,430,461,431,679,560,366,398,462,345,333,343,459,249,367,424,484,338,418,432,359,347,448,483,336,349,517,318,380,344,356,406,391,380,336,558,346,348,525,253,275,459,389,344,507,454,340,379,326,380,272,392,385,456,384,313,281,410,264,332,261,382,263,416,264,377,252,413,200,376,285,398,381,305,348,390,260,247,389,308,216,276,355,390,336,249,397,334,214,289,364,304,385,275,286,284,478,334,268,214,367,316,237,335,417,506,398,333,384,419,323,426,396,277,288,311,347,293,390,336,226,404,431,281,289,307,309,396,324,287,375,213,308,419,403,255,325,284,303,473,339,336,355,255,372,387,339,199,252,343,405,223,322,357,407,374,357,257,327,404,303,269,327,219,341,238,610,263,486,321,315,321,269,270,331,268,257,269,364,495,257,239,235,217,288,343,410,338,267,286,377,328,335,361,391,266,288,294,277,336,383,392,667,321,480,311,328,305,317,366,301,461,358,378,360,301,387,338,270,332,288,256,455,306,339,490,413,247,405,305,367,291,304,245,332,390,356,261,424,343,425,400,321,311,357,479,299,402,513,281,320,318,344,338,334,408,379,295,400,277,328,380,440,241,300,302,222,309,373,260,300,260,279,558,303,237,198,359,381,338,330,271,303,392,385,485,
31.3,176,388,527,2314,44899,2998,98826,1067597,24555,4305,470,1460,33575,54753,3312,38631,114336,9455,3010,2228,13107,36169,26598,2730,22499,15317,126156,2481,6230,15752,53624,5609,38435,19178,9749,50530,69393,5392,15785,32828,4781,15635,11675,9205,4616,37217,8814,19151,49248,4416,6954,2563,10033,917,63317,13413,10876,21073,3318,7479,3673,1514,4597,4531,56450,9276,6294,4382,12350,3618,3050,707,4184,4300,4749,2017,8247,2528,3873,2286,433,2182,3138,4387,1496,8725,20388,3395,27343,6100,3989,1713,2740,1056,7792,14329,22117,2283,1311,1558,3906,2449,818,27509,11140,12786,1679,2016,2140,1301,2079,2187,27035,13743,3431,599,4590,1609,1401,779,1752,3933,105375,20690,2372,2145,704,6169,514,6453,3559,6113,913,6464,12683,1470,720,706,1722,1650,8927,751,51910,13525,8155,1218,779,1204,2724,3631,3695,79728,13541,7439,1254,1612,621,2936,10000,1924,5381,4356,3981,1101,87113,3712,1375,1094,2339,3825,16091,3608,1035,6088,1891,3543,1072,2525,3014,5161,11039,3900,5106,765,1080,487,1925,1760,2090,62659,21687,12802,3920,853,594,1525,3426,2362,596,35542,6527,2275,752,1531,962,2259,2068,933,2721,4833,1518,599,1077,1681,1367,1791,565,2354,3312,1955,745,663,1136,1090,580,1047,2178,2506,4334,1564,2349,644,1521,767,1688,1076,3089,5309,2616,1580,1541,1012,555,1464,1244,1307,1940,949,1276,4965,1076,462,1145,1373,1151,731,2106,2319,955,2150,749,1190,1427,987,569,937,2155,1691,484,1320,1471,2056,714,2236,987,1101,2126,959,1617,880,1337,624,1782,1641,1694,1329,1202,1659,6644,2914,10555,3539,944,1396,5112,2748,2282,6651,2838,2145,1636,1262,32948,10842,18206,9599,20795,6854,15654,4523,2427,10557,19663,35945,14235,43355,4722,4344,3428,2853,3337,77222,25430,13711,15244,3377,6867,10593,23250,3243,7600,8384,4237,11805,6450,10328,7171,5940,6253,15899,9434,6218,3245,5728,183748,12098,8302,24602,12515,25212,12294,45898,15529,4743,5426,7673,7367,29844,13721,11725,18171,17157,4737,10679,8095,5506,22747,12657,9500,13077,28156,8164,11020,4538,12366,14106,9284,9426,5686,37009,16735,9460,7269,56069,17125,18959,14730,15895,17285,19674,21397,9380,13025,17996,19954,12398,15709,18383,18083,20982,14790,22874,14710,13859,12963,20352,16496,22102,17596,15365,19039,18166,67734,39244,20888,20058,17183,16508,20719,15773,21317,12456,7346,69649,39153,31032,18190,15938,8633,19568,6698,9908,80457,54951,43409,9346,14221,12547,7655,3502,6745,21925,14528,10146,2310,5224,6410,7990,2657,3930,2644,2215,1332,2190,1746,1898,1667,885,2174,2017,13441,21044,4516,2488,1075,658,450,794,1275,745,561,1394,16046,3027,1122,763,561,3624,1044,1040,598,902,3445,1015,441,530,519,1189,910,1160,901,654,822,607,923,628,535,486,536,559,505,826,913,665,618,473,487,395,787,517,894,1191,586,463,520,457,546,442,398,633,329,382,474,494,518,660,857,642,548,580,700,528,635,419,462,868,1053,612,498,741,715,586,573,708,758,623,619,959,743,644,750,791,810,746,942,830,740,826,658,807,689,888,668,644,701,692,767,817,783,698,773,728,781,717,722,717,623,580,584,661,730,676,483,753,576,566,527,586,520,499,615,699,691,632,557,493,543,743,478,813,428,553,596,621,686,436,507,404,404,453,472,484,670,514,517,463,412,644,639,557,524,468,329,552,361,626,475,426,477,462,570,557,432,554,358,452,435,519,527,576,493,498,450,386,541,456,506,559,644,536,572,404,415,494,521,527,460,478,508,407,521,645,522,561,561,510,423,488,421,441,422,349,498,553,504,517,419,389,696,364,477,357,438,387,585,489,588,396,538,622,439,402,433,517,386,471,407,451,543,476,443,406,481,515,531,580,484,489,436,418,402,521,473,492,366,492,420,451,502,474,585,522,444,559,531,433,451,541,654,369,480,429,471,550,422,494,393,481,474,394,857,466,571,438,500,408,535,466,480,394,545,460,469,377,594,459,687,667,543,443,414,403,469,490,391,447,478,509,489,476,498,404,444,503,504,496,429,408,455,385,379,388,479,361,416,437,487,397,416,396,436,480,406,409,412,383,480,474,496,304,350,442,476,485,570,405,435,356,457,497,377,469,325,457,432,480,399,493,323,380,500,406,400,399,625,437,442,390,334,357,361,472,477,502,487,440,430,403,511,483,364,412,340,440,363,508,415,310,428,347,413,341,302,305,416,472,584,414,414,278,348,387,480,417,452,397,331,363,345,399,389,359,424,384,288,315,301,363,438,394,344,374,463,338,326,377,380,357,419,400,320,338,386,378,281,447,322,450,405,317,379,357,348,387,514,317,312,358,270,417,449,473,344,460,407,348,343,438,397,333,427,344,281,376,453,354,368,443,238,431,421,470,394,324,342,348,285,274,380,359,347,311,265,540,317,311,459,374,317,337,410,355,335,362,341,356,355,395,345,356,430,393,425,352,420,342,316,446,324,421,361,517,409,374,366,414,355,304,360,353,420,295,479,375,362,360,382,270,318,389,435,336,372,352,384,334,292,475,467,459,400,441,467,331,396,376,260,299,398,304,341,366,440,418,400,393,303,319,308,347,342,327,405,350,451,513,339,375,414,402,553,415,435,455,447,371,378,341,341,320,285,386,262,471,363,341,396,521,350,295,305,371,323,325,334,528,228,347,420,341,352,436,455,383,342,335,340,304,285,
31.12,175,281,535,1433,38368,1643,68774,983273,24210,3252,289,907,26195,51639,3328,33108,110296,7868,1532,1696,10891,29903,25451,2326,25758,12085,137521,1998,6416,16243,47686,5914,38600,21541,8547,56940,63883,8391,12793,31113,3771,12969,11280,6402,3794,32278,7604,17167,50744,3161,5398,3572,11446,711,63557,10298,6945,20593,2749,9673,3394,1697,2668,2186,34936,5368,5429,4758,13653,3143,1797,447,3263,3436,4120,1717,7053,1764,4435,2087,443,2032,2862,4096,1220,9896,20138,3629,29352,4901,6453,1539,2669,847,6485,13034,22149,2261,1181,928,3915,2859,1062,25141,10725,12176,1371,1734,1378,1204,1814,2124,16539,12181,3505,457,3751,2064,1153,428,1363,3951,93280,18915,974,2811,660,1414,263,4158,2149,4632,1417,5823,12751,1130,588,516,2246,1947,4792,957,52390,18279,7707,1234,586,1108,2658,3301,2546,54638,8435,7799,1126,1800,887,1863,7733,920,5351,4497,4728,1795,56444,1761,968,1173,2519,4225,7613,3719,854,4899,1850,2811,694,1274,2653,5017,5190,1646,3987,895,1040,705,1879,1628,1645,52343,16620,11029,2826,931,470,1695,2475,1711,661,29713,7097,1528,643,1072,1135,1751,1981,987,2400,3832,625,323,810,678,1219,1645,729,1442,2467,1508,379,476,1292,1088,325,1076,1305,1488,3145,1104,1795,624,766,366,1372,1332,2361,2127,623,1159,962,748,427,868,1533,1054,905,1041,1096,1974,600,501,1194,1047,865,428,1512,2080,889,2112,633,681,1894,932,448,1066,2086,1318,484,989,1247,1658,900,1965,896,780,1059,726,1099,1160,1220,462,1935,877,2706,1295,991,1588,7425,4117,9230,2972,690,2564,4356,3191,3947,4256,3064,2448,3034,1733,36118,13142,14405,11273,15677,6560,36573,13185,1576,7826,28893,18287,13661,52085,5536,4379,4006,2976,2911,41048,40015,13415,8993,2607,8337,8621,22743,3654,9020,6802,3655,9680,5251,6849,7756,5421,10312,13677,8212,5144,2747,4397,53732,5702,9311,26410,12266,21857,16777,77248,31093,4336,7313,5596,5490,32200,11610,9007,17342,21442,5887,10388,10064,5473,9548,8169,9660,6503,19098,9314,11448,7013,15714,17545,10696,11915,6274,15848,14242,11508,6628,30637,17185,22035,15394,17552,17281,22322,15972,10598,14380,21119,22030,10720,17043,19255,15670,20655,20698,19340,14621,15845,13018,20829,15724,21159,15593,16320,17945,14541,98864,63113,33923,20486,15543,16844,20059,13544,14009,12210,5840,44739,23372,19092,11844,13060,6388,14366,5304,9840,26200,16986,14047,3364,10136,9136,4556,1855,6061,6605,3317,2538,1474,2234,4371,3565,1747,1935,932,996,1291,2124,934,1032,901,1087,739,844,1311,24569,6181,2504,1474,499,649,522,1325,533,401,886,8784,3179,727,541,675,1354,837,716,536,461,894,774,460,454,482,612,581,488,566,611,521,385,661,283,382,456,344,867,765,687,991,927,443,514,505,658,453,552,1208,1838,1682,388,395,535,563,367,360,462,405,529,686,450,428,503,513,477,683,597,789,649,563,477,794,983,1171,944,681,512,845,901,685,760,763,813,979,865,667,781,750,848,737,981,772,893,728,718,662,642,899,805,632,664,722,703,612,429,576,565,614,545,631,523,463,458,566,449,678,647,397,455,568,492,605,474,478,529,493,564,374,537,377,520,485,488,344,541,502,475,297,536,414,342,409,449,418,461,470,435,456,405,465,331,302,476,464,329,478,270,506,413,468,507,440,523,429,407,407,501,377,501,465,388,471,569,393,491,554,407,481,352,441,351,431,501,383,331,372,362,367,377,363,523,362,412,455,452,551,486,422,442,378,262,306,576,330,414,374,404,331,405,349,381,406,346,357,366,460,445,393,566,536,528,393,330,444,424,506,317,358,472,527,403,507,440,431,367,314,447,514,405,512,473,313,423,408,472,338,429,382,606,263,420,388,325,622,439,505,403,422,664,428,375,345,576,498,556,447,547,368,390,546,443,373,639,383,339,448,396,511,449,368,388,366,399,350,348,368,517,379,361,393,310,493,391,457,508,501,427,437,492,395,543,471,310,371,387,404,369,424,384,382,463,510,405,391,370,307,442,346,416,456,223,408,367,422,328,728,376,360,304,428,306,451,361,508,312,326,285,383,293,344,409,386,332,433,370,315,415,340,440,492,426,275,303,286,336,292,355,332,500,288,323,355,360,291,297,319,240,339,401,294,397,401,448,385,501,432,498,303,401,299,322,374,315,249,249,342,374,203,430,416,362,341,205,307,253,297,409,194,271,309,340,367,387,385,334,291,453,263,472,314,302,236,311,278,345,271,397,311,290,384,464,300,399,281,276,325,371,365,238,318,263,406,558,422,329,298,319,349,383,453,191,297,295,392,334,291,212,315,289,311,207,298,340,358,268,322,436,347,321,330,393,335,280,321,380,287,278,247,302,318,178,298,134,331,417,390,336,291,509,525,162,276,274,502,377,336,344,510,311,282,364,334,358,332,496,360,319,375,305,176,343,306,433,364,277,332,289,292,283,288,270,308,328,375,420,242,402,405,302,320,353,296,226,363,226,333,404,339,347,240,364,348,399,252,372,441,307,450,316,249,344,277,408,243,343,373,323,503,303,330,299,416,365,459,230,301,301,313,306,265,308,359,303,391,274,297,275,301,311,308,413,279,269,300,388,426,285,339,347,282,364,368,230,303,400,274,349,430,347,394,262,217,454,307,297,443,239,365,280,298,234,223,279,453,315,274,
30.95,174,212,392,2000,37048,2317,71863,935238,23380,5281,300,1144,23767,47708,2993,30707,103298,7965,2496,2016,10704,30595,22294,2256,28073,11717,189310,2769,6589,14381,42871,6624,40603,22352,10688,60654,63253,10105,15541,29515,2690,13262,9930,9408,6535,40514,7333,17482,48347,3259,7109,2935,9508,985,58572,8041,7125,20079,3696,9046,3856,2172,2348,2974,30096,5322,4980,3243,17196,3057,2908,553,3331,3739,5563,1876,7295,2421,3336,2618,533,1803,3123,5797,1421,9418,21941,3819,34491,5386,10737,1530,2182,936,7831,12962,20882,2585,1296,1413,4531,2169,904,20687,10932,11665,1568,2126,1409,1516,1158,2703,14270,14670,3058,832,3499,1588,1478,503,1470,3652,74461,12787,1847,2997,780,1116,588,2681,2149,5290,1381,5697,12286,1204,1034,840,2343,1858,3441,624,43401,19513,8340,1211,577,1081,2335,2405,2292,45742,6424,8791,1275,1163,722,1434,9578,1238,5346,6360,5080,1440,30374,1861,1227,1407,2877,3175,4609,2684,679,4788,1470,2159,641,1499,3030,4280,3753,1304,5264,816,893,382,1392,1895,1634,45091,16516,8950,2921,1527,468,1487,2604,1959,610,22523,5235,1308,948,1000,842,2192,2059,685,1860,3210,976,438,745,849,1471,1542,628,1874,1898,1631,464,603,1394,1322,667,817,1948,940,4045,2022,2071,1011,1069,499,1294,1014,3617,1362,724,1219,1670,1147,348,1012,1173,775,1361,838,1313,1586,694,476,1245,2082,1181,438,1200,1314,986,1743,765,853,2379,907,497,1000,2297,1140,554,844,1754,1857,887,4270,934,926,1628,910,1402,2041,1187,491,2018,1159,1985,1082,1146,1708,11822,7624,8864,2368,1146,9314,4538,3497,21301,7309,2827,2604,3221,1563,33321,12131,12838,18215,14022,5811,136695,61573,3549,7783,33637,13503,8580,52093,4877,12635,6839,4652,5099,22589,74110,27016,7963,7291,10309,9537,18042,6128,10839,5920,4048,6878,5696,6148,9069,7368,22605,16489,8456,6104,3293,3997,18774,4771,12812,26570,11007,16857,20732,125717,49555,7421,24387,10042,5303,26779,12728,14733,16716,26535,10164,21240,18527,6599,8929,10779,10433,6095,16412,13859,17537,8250,21537,28590,13468,15542,8950,16763,15951,16411,9055,26806,19018,27412,18086,19033,18892,20826,17967,18127,17341,24598,21415,17001,19781,20939,16863,19652,46699,25682,14088,18675,12897,21971,16815,22932,15348,18844,17944,12539,143880,99377,54947,19846,12797,14860,17605,13874,12101,13781,6587,27605,14851,13148,9082,8421,5900,11169,5363,9782,10562,7512,8043,2935,8256,6108,2569,1857,4645,3813,2300,2043,1092,2901,2540,2264,1290,1050,1085,785,3229,2352,940,878,700,1475,701,620,598,29629,6767,4728,1838,679,524,604,1437,433,895,2152,6230,4611,1164,564,431,1044,1022,762,690,559,814,689,528,626,375,686,748,428,626,613,839,756,682,694,524,1289,514,723,473,1463,2755,1492,407,695,667,564,776,1050,3802,6695,3633,629,735,675,535,712,608,936,722,680,693,845,571,1148,1078,1380,953,1113,1168,1244,1127,1124,1429,1358,1632,1336,854,901,1283,954,1023,965,1000,870,803,884,1069,723,860,917,1354,864,810,958,857,611,990,980,986,747,892,946,655,649,649,648,962,842,814,721,596,552,530,511,535,551,566,460,491,564,568,723,534,516,488,528,551,491,560,584,497,549,736,424,560,591,505,543,517,468,548,464,457,452,431,461,453,493,430,549,627,503,684,541,357,608,315,429,537,606,402,455,604,521,642,462,437,457,535,576,465,486,443,485,390,645,375,430,489,443,464,486,360,455,571,407,399,472,425,461,427,334,470,354,405,530,554,576,578,434,427,555,395,492,591,605,452,487,402,490,468,539,474,340,529,339,578,422,448,545,399,522,489,367,507,468,619,475,563,474,547,474,435,370,409,563,367,526,441,427,362,518,574,561,501,396,386,527,405,666,457,417,436,469,920,649,444,564,491,456,454,495,423,444,588,480,499,541,447,334,469,609,513,532,457,621,527,508,336,511,509,508,614,573,585,480,456,385,437,729,510,462,487,370,415,417,357,420,358,454,500,431,393,377,476,424,475,528,466,407,563,400,488,528,427,511,580,352,415,456,485,466,474,453,514,530,420,428,446,438,393,440,409,344,467,493,543,498,378,239,413,463,544,348,355,324,610,449,408,366,376,368,269,396,358,463,528,535,414,350,672,414,393,604,299,390,365,408,411,424,339,542,258,338,436,367,360,329,355,379,345,300,424,369,375,313,467,476,406,336,436,387,314,489,330,287,533,387,305,284,454,279,387,356,328,439,378,344,520,456,373,389,354,317,388,307,301,320,382,490,332,332,349,445,523,547,437,475,395,392,441,385,371,321,315,335,413,375,291,413,457,481,535,299,306,292,358,353,349,299,327,367,379,415,429,305,454,413,418,347,328,349,381,324,350,363,379,371,474,305,442,424,275,533,343,304,344,449,300,308,397,439,335,420,453,326,552,310,447,275,316,368,457,359,401,256,312,433,403,452,405,334,344,410,344,369,311,410,278,259,380,329,327,286,350,358,437,430,349,354,331,418,332,367,370,270,437,468,339,433,434,408,256,360,442,371,455,444,288,370,388,294,426,346,445,392,470,346,360,501,374,362,364,336,504,569,291,375,330,317,356,362,414,292,358,525,358,383,512,506,340,386,321,383,427,351,461,347,364,314,481,342,257,359,381,363,381,352,404,467,274,401,273,384,363,431,434,293,445,417,316,418,324,358,320,373,364,
30.77,173,344,301,2172,31076,1560,50370,852157,20192,4039,216,752,17836,38297,2498,21222,86138,8844,1783,2196,8897,24972,17641,1976,23721,9682,188317,1739,4154,12863,35942,5201,37501,17429,10134,49070,66037,8542,12740,22871,2731,10854,9093,6896,4430,30063,4422,13522,42549,3558,6564,1752,8948,563,44176,6500,5428,14926,3473,7243,2006,1360,2208,1762,25818,3796,3953,2657,8937,2280,1476,438,2171,2412,3721,2061,4965,1651,1839,2437,593,2429,1685,2926,739,8323,17973,3684,28816,4649,11466,1055,2253,870,6244,12944,14964,1832,933,707,3195,1662,745,26121,10559,10089,1589,1678,709,866,1085,2676,18554,10671,2157,499,1312,1069,1144,400,1239,3575,25104,5279,832,1946,856,875,264,3074,2704,3981,1032,4920,9105,746,828,740,1507,940,2869,776,37173,20702,8012,497,535,1168,2340,2118,1249,34025,4339,7395,635,1227,638,1021,6572,1007,4856,4914,3166,1723,6134,981,1432,1055,2434,3650,4058,1949,472,5640,1295,1656,363,1363,3366,6942,2417,832,4517,797,1008,611,1731,1641,1193,49651,17717,10881,2708,894,359,1434,2069,2397,410,15656,4164,1954,558,641,1127,1836,1988,684,2605,1845,660,357,772,688,1086,1381,377,1012,3068,1188,343,611,1057,1493,346,1551,1400,1535,6989,1525,2425,627,1023,728,1648,1082,2477,1916,427,1246,1482,672,379,496,1000,1092,631,990,1364,1341,780,609,1136,1832,920,525,1741,842,937,2020,522,1175,2590,652,510,1195,2102,1174,426,892,1459,1012,811,7333,814,1053,1164,602,1814,1870,1264,680,2794,1490,2574,1532,1190,1548,9339,6845,2945,1442,958,18287,5880,4215,41996,16568,2744,2496,3707,1608,21283,7070,7027,16298,11994,6575,200238,95032,5494,3014,24489,8061,3392,32621,3382,14461,7513,7222,8638,6418,81677,28758,8161,9694,6951,10001,7108,6711,9685,5389,4757,3945,4342,3883,6370,7438,32785,16544,7382,10261,5738,3074,3490,4727,10651,15058,9127,10777,20268,124277,51602,10695,41474,13822,6000,18203,7907,17953,10165,22466,13884,22957,22801,8524,8652,10384,12132,6044,15629,18089,18004,9682,25083,29345,11644,15211,8701,17337,17151,20325,11773,28834,19738,29375,17948,19055,18604,18198,17585,33235,19273,24789,22524,16539,18256,22692,16873,17608,57959,27835,13163,18855,11351,18907,12791,18558,16230,17816,16398,14292,157939,105376,59122,14862,8707,8614,12372,13878,10071,14191,4832,7808,9053,8994,4473,5092,4231,8888,3268,6136,8154,3304,4514,1326,3544,2655,3368,2550,2560,1911,1106,771,585,951,1108,890,625,783,513,689,3522,1052,609,844,1234,1150,496,711,407,16031,3355,3461,2833,716,475,368,1053,493,789,1759,2049,4790,983,490,364,617,413,342,487,684,553,539,731,517,395,474,497,407,495,546,759,781,965,735,619,1039,427,607,511,1406,4221,2405,736,596,780,680,1498,2035,4725,8905,4868,864,1043,963,806,896,929,859,1041,1080,879,867,786,1502,1295,1492,1085,1030,1061,1265,1079,1146,1015,1336,1423,1608,720,746,1055,1101,1025,836,757,1134,656,652,937,654,645,761,1106,717,625,661,682,491,755,832,565,691,833,613,465,580,766,406,392,578,545,563,473,375,652,432,496,437,387,454,502,434,529,535,603,477,506,403,409,512,505,389,385,628,348,437,404,468,400,433,683,579,943,494,425,368,548,358,468,522,346,480,438,364,287,311,312,382,405,380,501,490,429,501,415,448,381,304,501,431,357,368,660,449,451,419,411,343,453,510,431,342,432,406,472,436,353,283,477,408,369,363,449,532,300,467,302,512,308,415,395,423,365,466,390,514,370,386,377,692,436,393,437,371,394,407,287,356,319,324,432,314,344,402,334,297,476,452,398,331,445,333,376,337,391,619,401,402,447,349,597,538,433,461,417,397,532,594,393,509,611,539,434,359,461,451,431,490,434,304,496,498,448,389,541,395,393,493,342,543,433,495,438,364,358,365,386,500,363,447,312,419,491,558,391,297,321,385,322,502,388,649,442,419,426,288,412,364,379,344,471,443,478,483,547,475,448,386,383,353,450,381,324,385,367,396,347,434,359,352,415,321,330,251,298,387,445,300,431,254,542,387,313,347,463,397,333,305,388,230,222,264,509,286,304,467,290,360,449,298,410,329,418,405,315,407,355,308,332,334,318,364,310,257,329,389,353,339,431,286,321,258,429,253,354,372,363,318,499,375,484,225,398,487,486,329,265,290,283,365,343,271,297,261,311,421,409,220,265,524,361,479,327,286,329,315,281,402,399,274,363,343,284,247,334,311,363,288,228,334,375,369,283,328,258,299,310,338,277,328,522,351,363,305,283,295,335,292,385,282,381,347,280,264,408,247,362,317,291,279,295,393,302,376,317,368,378,404,377,270,361,406,325,383,344,280,324,377,283,311,378,291,389,303,318,357,236,225,229,377,312,315,351,279,241,385,391,395,374,334,348,268,247,352,433,294,285,275,389,318,406,418,284,314,409,379,374,336,313,198,386,354,268,268,300,398,241,343,321,251,381,240,395,282,289,277,290,389,364,368,341,295,293,316,265,279,364,433,455,465,396,481,247,327,303,296,286,365,231,285,240,370,410,234,326,333,320,351,255,264,359,275,279,298,256,409,370,341,261,230,432,358,296,345,264,240,286,549,276,334,187,378,271,281,229,425,349,269,288,320,431,231,304,243,251,346,295,240,370,246,201,380,283,348,391,350,260,338,211,
30.59,172,357,360,1550,31451,1606,52467,908427,21977,6574,377,1536,16716,38588,2537,23962,105420,10825,2508,2006,9478,24664,16164,1775,43014,11210,229589,2514,4470,14231,36325,6045,38313,20643,11327,53671,87328,11181,12723,27871,3108,13064,10795,7987,4750,40575,7484,16792,54700,4115,7796,2730,8639,869,39489,8114,6375,20614,3682,9749,2393,1672,2573,4863,45188,6074,4318,3277,5702,3359,2925,763,3303,3798,4865,2344,5236,2246,3542,2230,870,2700,2556,4959,1209,9887,21797,3968,64955,5810,17805,1922,2261,838,8033,14671,22305,2066,1552,1389,4070,2422,719,34887,12604,11514,1460,2041,1368,1170,1704,6525,36224,9319,2885,498,1944,1149,1163,353,1614,4563,11619,5856,930,2266,1070,936,500,4354,2702,5872,1003,6005,11667,959,1573,575,1448,1734,2470,724,37418,22062,8073,1086,700,916,2482,2484,1083,29765,9744,6148,785,1434,1013,2490,10091,1574,5099,4110,2906,787,4548,1236,1261,1515,2595,5133,4833,2944,626,5561,1200,1269,796,1793,3480,8228,3506,1092,5225,739,967,446,2183,1819,2351,72529,27809,17196,2952,1352,477,1523,3082,2291,596,13277,3698,1693,926,699,965,2284,2284,941,2134,4219,1010,369,814,1215,1737,2219,806,1841,1928,1490,649,1034,1287,1131,545,967,1274,1515,12627,4590,3843,699,1220,741,1372,1253,3514,2048,629,1031,1741,830,418,1273,1373,1056,1553,1536,1424,2505,939,625,1242,2664,1402,510,1193,1144,1414,2721,917,969,2261,1058,576,1182,2428,1220,671,905,2293,1308,986,13140,978,957,2302,1216,2564,3522,2044,984,2834,4205,6661,1970,2767,2952,8412,8279,4924,1819,1130,31094,9914,6146,90505,33492,3937,5349,2327,2277,14033,4639,14554,13797,12991,27120,288812,143235,10911,4348,16344,7326,3799,17577,7749,15473,8041,15251,17901,9791,80840,27673,6831,10537,6054,35547,9468,15272,10370,11042,6074,3702,2563,4115,7894,8199,40464,17716,8618,31772,12885,4953,5582,6929,8393,10420,9266,10340,17447,107332,43341,15957,70109,24055,7460,10869,9474,17649,7786,24655,21839,29888,29522,11228,10617,12921,13015,7753,15930,21824,24644,11827,30954,34400,16050,17207,13826,16681,18330,21938,14784,31187,53318,33413,26213,19886,18929,17018,21285,63210,28967,26933,65336,30586,19775,18057,17053,18858,64685,25221,11571,21350,10005,20881,11626,16734,16767,17052,19115,17176,157927,100018,57870,13764,7661,7076,10920,13211,9203,14746,5761,6688,7345,6649,3351,4496,3374,6961,2197,3699,5829,2287,2834,1345,3116,1807,1886,2651,1680,1139,1027,811,677,665,1569,1814,788,584,667,601,5814,1910,1142,1776,951,995,565,667,794,9036,3560,3784,3686,645,779,418,596,571,1554,2995,1855,4429,942,642,526,513,504,880,656,950,746,1012,1383,578,531,705,1450,552,937,795,1173,1928,1150,1892,586,1273,562,1026,1525,4513,7267,4931,1833,1367,1410,1603,5302,8464,8442,8687,3456,1338,1150,1085,1354,1645,1590,1190,1368,1412,1195,1688,1694,1494,2878,2212,1468,1089,1318,764,1116,971,1345,1129,1112,801,1059,805,999,972,943,969,977,989,933,759,862,820,746,775,829,1075,1197,632,649,846,1154,870,509,754,672,864,550,683,638,586,490,489,563,571,623,664,524,739,531,597,515,552,541,427,472,652,500,479,534,418,487,484,532,526,504,1001,542,442,567,526,630,665,898,1059,1298,498,550,415,431,488,441,754,707,644,474,501,665,474,504,440,442,447,382,467,444,440,490,470,434,427,578,498,542,505,509,526,472,606,407,549,500,379,649,475,338,446,558,491,466,461,659,433,379,414,460,442,318,429,389,427,518,385,487,511,549,498,459,560,461,431,448,442,567,512,599,393,570,475,399,467,493,575,543,371,407,471,753,520,454,445,401,818,920,484,581,371,616,752,641,424,479,541,721,534,499,535,398,600,605,568,559,395,547,677,460,680,479,510,463,537,641,588,488,363,595,530,942,665,551,417,450,674,582,490,437,587,461,416,676,669,465,428,347,472,450,464,623,346,353,675,442,342,471,461,464,607,403,347,431,486,564,503,494,456,424,396,429,376,427,625,405,496,414,542,386,399,401,451,478,612,466,406,346,588,550,435,408,402,366,420,475,459,451,428,479,571,418,413,340,329,418,486,407,467,475,370,494,561,507,445,337,351,386,371,433,345,376,663,446,381,322,353,404,383,417,448,400,434,378,408,411,543,383,324,292,444,440,499,398,365,352,273,367,475,411,404,258,422,387,306,385,369,475,273,316,353,339,485,373,346,466,466,421,417,497,434,512,358,347,335,490,388,490,366,433,330,441,276,473,390,426,403,408,432,343,471,380,330,314,426,334,392,322,301,400,399,490,259,370,505,377,314,301,271,375,275,297,464,299,366,476,387,296,402,377,355,354,433,236,332,349,374,357,327,318,323,384,348,306,314,341,371,430,603,346,331,365,536,333,378,377,328,394,327,482,326,531,350,371,358,244,378,411,417,483,379,365,361,352,428,462,358,248,466,336,446,369,476,369,437,256,297,569,366,352,332,468,315,357,451,308,425,336,361,349,386,437,388,346,366,349,341,374,350,368,518,314,390,572,371,415,329,320,457,299,339,425,333,364,426,244,380,369,446,346,360,414,433,333,352,301,307,380,280,334,362,334,476,410,319,318,326,334,328,321,371,419,450,289,285,365,372,305,312,365,455,354,398,331,352,483,359,300,329,333,262,308,377,288,389,357,354,347,382,313,325,339,276,407,277,355,
30.41,171,379,265,2702,33039,1575,55565,1022433,24702,5827,318,1482,20603,41796,2702,24985,105746,14273,2602,1117,9076,26885,17000,2408,66381,10262,211035,1986,4697,12799,36076,4073,40082,19750,10957,47145,117215,10420,14010,26649,3184,14801,10237,6578,3523,39949,6648,14281,52573,3767,13522,3493,9592,401,40224,8286,6817,22201,3202,9873,2743,1470,1487,3174,48603,6415,4737,2697,3847,2438,2906,621,3295,3449,5279,2306,5567,2913,3968,2105,380,2717,2700,4181,1060,10591,20703,3732,101706,4497,15536,1066,1960,724,6670,13588,22152,1566,785,1025,2145,2506,641,38660,10151,13950,1388,1370,1443,1369,1025,9133,44036,10871,2519,725,3288,1328,886,364,1635,2953,14822,5851,1028,1535,691,649,652,5032,1940,5545,797,5946,13995,580,1076,359,709,1863,2201,611,36944,21073,7447,1185,602,1120,2636,2675,864,31367,10559,5404,513,969,677,1757,8475,1426,5950,3522,1472,466,2861,1132,1139,1574,2282,3829,3882,2332,568,5233,1186,1266,511,1583,3114,8096,3484,868,6561,598,695,500,1350,1415,1619,79255,29859,19944,2677,962,849,2337,3086,2080,537,14922,3527,1897,666,873,1305,2632,1381,474,2224,3776,1337,361,787,772,1975,1574,598,2810,2931,1797,673,918,1156,1190,500,760,1062,1071,14345,4460,2991,739,1103,535,1395,1113,3742,2105,441,1069,1197,637,498,889,1322,1168,1288,991,1435,2073,616,267,1366,3279,939,502,1017,1244,1545,2183,787,667,1350,945,505,959,1780,1677,609,1072,1683,1600,880,13131,1036,691,2955,1708,2880,3249,2116,1657,2654,6513,6765,2347,3001,3117,5600,4408,24378,7764,1422,32273,7984,7225,97983,37520,4536,5082,2507,2351,5002,2515,27934,8185,13396,58456,302168,153815,13620,4259,10572,5736,4163,5188,12763,8726,8958,18267,25738,16885,60379,20081,6322,6347,3790,48541,11514,21280,10668,10590,7942,4233,1886,4199,6092,9139,37770,17133,7105,50938,17384,5747,6164,6059,10576,5834,7057,8742,13132,46601,21634,22030,77283,26256,7457,9023,10726,11709,6834,19934,27574,36286,29538,13269,13256,13964,15944,9580,15772,25599,24617,13665,32425,34471,16784,15648,17473,18508,17159,22114,15153,32572,80902,50660,41774,18228,17816,19030,24651,63564,27703,23409,88175,48449,16569,17637,16309,21220,43665,14790,10291,16846,7709,17509,11060,14779,13992,9906,17453,16952,119636,69470,34763,7010,4103,3025,7775,8320,6642,10624,3800,4355,3377,2431,1845,3549,1699,3316,1083,1475,2764,885,854,789,1396,1335,988,728,555,500,606,839,838,630,2054,1352,652,503,443,661,4377,2002,1163,1463,1313,677,490,497,1083,1406,2020,1365,3047,938,630,492,730,371,1446,2704,1365,2667,987,558,484,973,1150,1384,807,718,1083,634,1644,556,543,448,1241,446,587,1530,1507,3343,1684,4349,1051,938,815,2220,4137,6456,7747,3726,1901,1548,2013,1815,6994,10186,8255,3019,1568,1814,1256,1386,1409,1815,2081,1562,1047,1551,1308,3585,1850,2744,2834,1614,1313,1034,868,1134,1120,1185,1256,997,1100,872,1068,1099,913,1101,613,831,850,771,745,866,771,806,666,663,546,596,700,638,581,879,726,540,437,597,810,668,553,435,566,502,686,489,710,543,689,467,354,447,439,430,432,480,482,439,515,807,439,562,388,453,536,421,414,649,817,943,538,507,376,434,518,619,1150,1170,1884,475,424,414,390,462,409,432,528,497,563,470,453,440,464,367,332,408,473,314,354,433,528,432,422,368,603,429,352,360,370,392,709,432,500,343,364,309,358,449,355,361,562,348,360,595,356,366,350,436,388,564,487,362,559,425,567,276,395,355,397,379,592,438,554,302,407,400,468,408,322,420,472,437,465,568,489,654,319,426,531,464,569,494,420,535,532,689,412,642,351,397,568,438,490,477,760,347,530,500,331,439,437,534,377,432,570,524,389,471,447,417,491,494,453,453,666,452,327,395,344,368,500,379,384,350,348,342,360,482,399,412,470,397,566,462,506,487,468,441,446,415,324,390,385,566,407,316,446,437,485,354,407,378,444,276,518,296,414,461,392,480,305,406,408,339,356,309,317,345,362,485,335,452,318,402,488,438,437,335,322,372,366,390,469,328,455,254,428,444,350,369,371,480,410,383,361,308,346,473,305,305,225,435,288,250,309,327,409,389,304,266,333,308,323,404,309,314,271,243,282,427,273,290,295,371,351,283,424,348,441,384,381,306,283,582,494,353,354,412,398,301,320,411,277,263,284,413,317,283,188,331,385,354,336,338,389,411,321,268,281,354,482,350,306,380,384,311,397,430,242,243,216,453,315,291,542,542,321,263,344,321,230,249,337,440,272,381,197,285,241,306,317,419,278,347,210,246,260,262,327,298,353,264,448,251,354,441,350,304,297,224,373,411,300,224,377,308,373,203,410,257,278,259,270,346,535,265,267,284,303,348,243,523,330,344,410,449,362,345,221,360,385,352,321,313,245,239,243,332,282,370,315,248,403,251,245,256,223,348,547,274,397,402,336,267,344,270,426,351,270,239,267,237,318,307,338,405,300,293,372,369,308,315,387,284,351,332,341,325,312,317,256,314,310,249,240,364,271,368,332,389,313,469,306,370,270,252,317,319,281,319,305,411,171,292,221,271,200,412,305,255,368,339,381,149,322,313,356,273,264,282,378,328,221,225,254,378,281,260,309,336,405,304,208,236,355,277,403,295,268,237,342,314,271,410,400,229,425,241,272,215,288,326,294,253,242,
30.23,170,202,312,1786,29711,2545,59101,1183292,33389,4421,345,1031,20111,39489,3244,30441,109312,18541,3448,2022,7622,20751,18227,2193,116224,14472,182625,2957,5335,11122,38707,4096,40683,20240,10647,49067,156130,12224,14041,27633,2455,13842,11341,9279,3549,36822,9358,14428,53595,3751,31764,3194,8629,695,40975,11094,6622,23624,4438,7866,2932,1787,2011,3463,55261,8486,5270,3026,4072,4027,2548,664,3336,4297,5171,2017,12698,3164,4602,2722,492,1838,2866,5040,1343,8860,23371,3667,180643,5782,11139,1352,3001,940,8635,15333,24237,2269,1239,893,2721,2487,799,41900,12392,13208,1925,2160,1209,1325,1260,16009,42595,12993,3681,569,3673,1048,1089,407,1429,3883,84952,20807,1617,2795,1311,794,537,4058,2505,6436,1419,6271,12412,738,1733,357,1303,1981,3159,955,44345,16286,8059,1424,700,1226,2307,2418,710,35734,9033,5936,690,1093,873,1843,9295,1822,5242,3424,1808,740,3681,1435,1382,1095,2216,3137,6484,3032,797,5389,1142,1772,491,2143,2946,8497,3457,1009,5306,911,1155,598,2353,1891,1572,76974,32059,19561,2587,920,763,1553,3569,1821,454,14050,3587,1814,773,714,1393,2767,2062,565,2053,9041,2971,599,1040,985,1392,1924,622,1541,2162,2039,554,1009,1305,1626,594,1037,1643,1460,11262,4231,2627,825,1099,636,1374,1060,2975,1927,650,1061,1892,898,749,1762,1426,1147,2052,995,1430,2929,909,548,1383,4259,1305,1009,1526,2494,2033,2981,1049,1293,1015,1401,492,1528,2613,2412,1196,2659,3121,3127,1502,16666,2578,1925,7441,2414,3017,3528,2001,2421,4238,8931,17113,5876,4890,6944,5537,3312,136791,62881,3477,29034,9643,8287,86021,29373,6511,10627,3777,3920,4217,2407,75601,22318,14556,162628,292605,140509,15854,7174,10103,6068,4632,5279,15189,8845,8703,26535,29873,33850,72947,26296,10786,4767,4153,42465,9274,29017,12036,9923,13217,5343,2697,7537,6384,15185,30013,13953,8161,64806,21255,7585,7434,7046,15877,7076,13873,9957,15240,26616,22482,27477,68602,26133,7388,14498,18138,18032,10264,23141,30727,39159,31463,15093,15773,18393,18870,12701,19093,29642,26626,13760,35989,49750,29448,25387,25701,23742,17095,23525,17248,30208,102378,64226,52385,18094,21627,23619,27090,57351,21827,20093,120984,63367,17973,16668,16906,23013,26198,16135,8129,13803,6258,17829,9897,13847,11610,8613,19032,13050,85509,47017,21955,4527,3686,2030,6526,5381,5197,8093,3027,3008,3633,1981,1253,1748,1248,2004,781,673,1592,577,1230,1767,902,3109,916,1076,557,522,684,1247,1521,839,2400,1255,841,672,834,871,3507,1594,1013,1721,976,670,525,798,1191,1344,2339,1532,2569,1034,719,640,567,639,1527,1831,752,1629,1587,964,548,1587,3441,3727,2601,771,1261,1343,2273,1030,1047,967,1158,520,1181,3575,6798,12999,6526,8167,2139,1375,2001,6548,8281,7855,6091,3439,2708,3366,3547,4533,8542,15346,8182,2199,2115,2009,2276,2309,2251,2015,1632,1378,1292,1372,1857,3713,2672,2879,2352,1486,913,1067,1357,932,966,894,963,888,1045,810,855,855,813,1107,826,820,637,915,789,744,584,789,648,646,669,644,541,909,548,631,636,687,687,514,770,749,553,438,498,623,482,435,431,563,532,616,499,498,527,473,585,433,512,539,670,793,622,483,418,496,449,587,541,870,731,1302,441,442,489,510,631,674,1609,992,2038,678,660,371,380,478,437,517,558,400,538,485,420,464,503,330,462,485,463,476,399,406,470,444,482,534,575,579,815,511,559,577,513,478,497,424,500,390,459,464,394,627,410,561,442,480,485,468,492,445,558,385,417,580,437,462,493,442,535,500,435,485,462,598,478,365,590,538,564,612,536,476,762,588,465,521,470,722,870,492,400,404,636,653,558,585,514,482,633,494,654,486,553,404,528,563,684,524,473,520,549,496,537,524,456,541,541,545,483,491,377,457,522,459,628,507,526,427,402,481,472,410,359,516,582,503,450,493,433,422,481,605,554,689,588,372,696,401,337,445,590,318,441,455,606,549,540,432,539,384,377,485,356,484,518,313,490,465,445,619,415,514,412,534,324,390,393,401,396,457,393,386,376,398,411,303,413,487,443,390,387,443,470,362,418,396,346,375,453,244,311,308,370,367,339,295,312,394,382,503,338,492,412,451,365,316,461,372,313,380,374,496,371,526,537,451,379,419,335,442,304,415,312,336,298,385,350,311,394,405,393,419,369,371,526,319,513,381,291,328,494,362,490,367,423,490,426,371,451,299,334,548,391,390,296,379,429,416,405,314,371,336,388,488,342,356,372,404,420,318,429,381,276,281,358,290,211,380,372,397,317,320,338,359,324,306,318,306,269,269,366,408,367,377,433,299,373,323,319,417,383,325,374,335,353,371,572,417,218,497,349,394,328,322,340,263,320,484,394,296,389,315,486,319,363,424,324,346,260,294,357,314,380,331,336,364,481,303,356,309,326,333,318,357,342,336,372,390,411,353,362,369,325,370,390,429,368,347,330,279,478,342,354,309,430,287,355,256,429,369,213,277,325,346,299,311,385,295,363,362,367,494,311,322,316,330,336,411,568,452,334,304,386,355,415,328,440,389,352,399,286,412,298,445,511,326,259,347,452,266,430,326,347,324,405,318,367,286,398,399,341,282,376,340,384,251,264,303,378,280,256,319,268,360,254,282,405,265,288,564,272,293,343,309,323,303,537,377,298,303,351,341,416,339,259,238,360,269,268,313,353,329,307,335,291,411,434,
30.06,169,324,165,1465,27096,1703,57463,1242734,43747,3621,246,870,17475,37132,2786,25918,120419,16721,2990,2041,8575,22865,18715,1892,143610,13208,174546,2678,3248,10106,36820,2536,36933,18622,8454,44443,167196,13359,12521,24922,3074,12189,10526,7542,3575,29494,6352,12863,54948,3729,42963,1780,9905,625,36551,9628,5929,21958,3255,9534,2793,1224,2259,3131,44017,7560,2898,2550,4225,3587,2194,547,3723,2929,8823,1695,13118,2304,3724,1778,728,1976,2812,3217,1131,10425,20978,3034,221294,4546,5043,1500,1825,786,6724,11554,23039,2256,1309,932,1404,2230,923,39317,11936,12386,1294,1178,931,1016,619,17811,29784,15093,4224,865,3991,1365,1454,564,1096,3218,122775,34416,3018,3115,1216,1282,380,3158,2904,4970,1077,6227,12341,763,1337,455,1140,2039,2696,690,49505,14866,7325,1341,670,1005,2218,2600,673,44952,6337,4643,702,1094,751,1256,7183,1557,5006,2002,1863,444,3082,918,1097,1873,2133,3424,5154,2481,693,3686,764,1154,392,1461,2426,5753,3384,882,5852,819,1432,542,1310,1632,1920,55984,19146,13011,3367,2049,585,1536,1733,1673,396,14508,3280,1761,652,946,1136,1898,1974,556,1290,9348,2623,935,851,971,1187,1432,379,1685,1797,1170,409,1191,692,1123,341,883,1612,1666,8682,2602,2214,790,1243,660,1290,666,2622,1238,516,778,1037,877,480,1548,966,1186,1261,904,1580,2535,980,434,855,2594,2000,459,1874,3839,2445,2497,909,1458,963,1590,710,2591,2178,6789,2084,1608,2738,3761,1926,16878,3375,1663,9945,3875,3280,3410,1722,1793,3933,6376,19062,7094,5220,8550,5250,2494,206395,109442,7056,11900,4129,6316,36059,13802,6637,19591,6006,5940,4112,2396,94423,28818,10021,219752,218046,102396,9126,5801,9085,7345,4179,4707,11270,6748,6526,28099,19890,35110,105646,38399,11122,3345,3531,18999,9512,29978,11667,9342,17293,6904,3293,6898,9092,18352,14466,10615,8344,47147,19091,6635,9780,9560,15842,7309,15422,14440,15806,10019,26718,30480,44692,16640,9355,18828,23058,21212,14325,24180,28805,44069,29243,15265,16401,19768,20099,16578,21828,26978,24700,15791,32792,54374,36193,25180,27297,23746,15246,28338,15185,20228,96710,62121,50663,15092,20849,27743,25867,21217,12342,12075,110123,59336,15873,15800,17257,25536,7955,12941,6194,7700,3466,12020,6912,7567,7281,3800,11759,6850,21306,9301,5177,2211,1835,934,2585,1821,2447,2775,1626,1155,1733,778,510,731,538,899,493,452,414,727,1947,1745,576,2599,541,1543,499,738,602,1562,1941,668,1695,899,568,306,666,916,528,978,854,1193,1038,501,352,558,1444,1792,1844,792,983,1202,986,669,485,1008,1589,1063,867,1245,1791,2361,902,4005,7374,6500,3450,1350,1468,1991,2843,1725,1535,945,1230,965,2512,8039,12611,16987,7425,8827,2063,1732,2899,7683,9082,6839,3081,2021,1431,5043,3265,4444,10774,14996,8326,1743,1801,1874,2125,2145,1990,1997,1342,1366,1070,1206,1700,3375,2105,2885,1378,980,849,1055,2145,1091,714,692,749,845,827,819,893,678,783,727,719,607,500,549,673,793,532,521,567,483,561,372,811,447,535,512,560,500,410,337,716,534,763,476,423,345,515,437,417,423,408,468,668,412,360,508,365,550,497,538,615,561,334,426,370,572,400,567,426,837,669,1185,340,401,432,472,410,740,1431,927,1035,533,442,304,474,433,352,472,482,448,393,389,356,401,501,295,287,460,363,421,460,527,385,449,655,458,410,364,566,359,349,436,381,374,332,413,364,358,367,371,290,266,483,402,617,420,455,426,311,347,487,512,468,438,491,568,465,358,445,564,474,611,465,610,564,464,425,556,517,391,415,592,578,422,356,412,596,496,656,363,377,554,433,492,362,415,335,501,439,448,492,458,434,426,484,438,386,400,527,442,325,432,358,317,466,425,408,572,460,527,381,440,440,554,499,472,335,443,425,599,368,449,519,556,490,505,391,451,372,256,460,333,374,360,378,479,425,447,388,362,344,376,489,383,407,528,299,324,450,382,310,624,398,387,323,391,339,395,324,359,365,353,365,339,263,301,460,369,313,372,551,307,338,358,240,489,470,423,331,409,384,329,483,310,479,360,355,391,219,344,413,388,328,352,428,312,294,457,351,298,251,310,447,264,354,303,348,259,183,279,424,303,382,360,255,360,327,243,220,280,359,371,487,219,271,341,496,462,333,385,351,370,384,207,444,288,417,303,390,228,299,315,361,292,314,332,503,318,379,331,341,324,291,292,299,347,348,302,379,247,283,369,341,293,242,295,371,267,332,265,252,199,257,314,277,206,404,388,411,414,293,322,323,217,244,341,449,258,237,377,377,289,383,187,296,268,257,376,362,304,303,327,324,370,276,362,252,246,274,276,315,427,273,192,344,319,344,299,332,358,296,381,183,320,254,249,286,244,255,289,223,392,283,328,299,310,287,336,352,289,195,361,220,385,222,225,296,355,347,398,379,230,256,419,309,295,329,342,205,362,157,391,377,397,250,394,315,324,267,292,306,291,244,396,243,321,346,322,253,226,278,313,269,184,312,242,260,241,383,282,336,258,334,379,355,266,224,446,418,160,501,341,246,329,300,327,321,271,389,251,345,239,220,492,297,293,356,261,183,433,268,332,428,253,249,248,263,335,226,368,327,298,303,221,281,238,322,360,260,346,364,281,229,274,252,299,353,217,205,267,235,126,347,299,200,246,301,168,259,191,238,322,285,306,169,209,216,
29.88,168,453,366,2038,28158,1803,58450,1292286,51031,4962,444,1262,17666,39190,3248,25602,130721,15130,3010,1934,9792,24361,19305,2408,174545,10713,168668,3107,4646,11618,38838,3533,37038,18549,9374,36888,202696,15150,13182,26211,1762,13795,10677,8285,2163,26722,7086,17349,54902,4121,52193,3186,10269,712,37924,9747,7519,21177,5797,8828,2544,1932,3155,3849,35964,6220,4699,2925,4025,3043,2615,665,3486,3086,11994,2639,17579,2998,4043,2087,836,1698,2103,4711,1317,8438,20549,4899,261270,5532,3427,1067,1942,1054,8012,14730,22563,2295,1097,1083,1550,1998,1330,30928,12571,11385,1836,2351,923,1019,1292,15962,23146,16179,4231,705,3305,1380,1225,465,2514,3720,152849,43853,3860,3251,935,950,554,2404,3250,6408,1247,5363,10148,717,1230,322,1133,2299,3642,1139,56085,14439,7422,1169,854,703,2009,2177,796,44519,7719,4560,848,1358,917,1388,8157,922,4872,2331,1056,397,3396,1049,1323,1961,1953,3034,6228,3405,857,4960,1306,1302,537,1474,2194,5335,2734,1251,4550,1017,911,626,1530,1908,2242,39919,13149,8631,1823,1782,459,1367,2699,1749,602,15128,3433,979,587,713,1471,3066,1375,621,1452,10755,3266,932,749,660,2001,1242,443,2294,2016,1064,362,2167,795,1680,520,814,1237,1239,5807,2305,1700,629,1128,507,1962,1393,3013,1590,815,1045,1742,907,458,1803,1294,1339,1538,789,992,2125,702,555,1217,1636,2667,825,2688,3294,6117,3507,1521,1831,1464,1758,874,6310,2504,34589,11606,3322,3321,5601,2538,20003,9355,4572,14302,4562,7888,5711,2912,3450,7228,4437,23991,7939,6605,8042,5191,3622,338171,194964,18720,7099,5523,6454,21501,11542,11808,38427,10474,4659,4970,3407,107124,30592,24627,255007,171418,74750,9349,8136,13564,7897,3945,4468,6066,4837,5569,25518,28593,39783,138776,48421,12495,3762,10050,8245,9633,31450,12147,11268,25249,10274,4228,12459,15218,25214,10271,12366,12373,28078,23537,10315,12765,18340,23011,11867,17355,21080,17940,9834,32655,38969,35265,19440,12664,29084,23461,26168,17357,26038,36058,37528,27908,16509,17645,28094,24729,22670,23835,28836,36485,15840,31824,53832,33913,25976,28278,23769,14640,41654,13319,16507,74780,45858,35503,11487,23422,27577,24711,10987,11576,9808,83083,42125,11820,12580,14417,19523,6789,8057,4624,5263,2579,8035,5610,5794,4281,2605,7203,4430,6634,3571,1856,1817,1022,883,1843,1486,1705,1647,662,834,2365,706,640,658,1075,3314,896,499,470,593,3637,2053,1177,2567,1032,2093,824,691,669,1267,1370,798,1286,876,662,550,786,745,992,1139,1750,1521,1412,707,1013,872,2125,4724,2841,928,895,1135,1339,1134,728,1722,1342,2401,725,2036,3272,9427,4531,12795,20308,10274,5306,2243,2278,2250,2867,3855,3427,2401,1481,1985,6638,23230,29705,22435,11294,9563,2570,2954,4122,6653,8720,4802,3461,2917,2331,12062,7504,5529,14317,13844,6989,2000,2033,1536,2476,1974,1741,1588,1336,1320,1152,1401,1481,3281,2145,1939,1098,1302,881,870,2023,969,1029,893,982,957,745,829,589,686,710,858,604,592,683,746,590,490,600,499,582,656,654,645,667,528,625,658,517,531,440,620,643,578,652,710,621,461,447,483,406,374,487,488,698,507,469,419,445,365,499,425,919,1298,604,620,556,549,438,459,412,900,733,1658,598,537,417,392,398,1115,1141,702,1016,393,466,460,365,557,526,396,579,522,453,464,474,464,432,443,405,519,339,559,464,394,503,394,439,597,493,560,472,647,498,508,547,520,396,552,550,483,505,464,424,422,637,710,580,481,477,547,442,340,530,443,521,514,647,491,631,430,517,559,612,811,632,430,564,614,864,704,440,444,509,660,557,429,450,497,598,474,735,475,471,465,591,442,522,468,491,465,458,381,533,448,418,553,516,509,587,581,437,494,473,525,430,648,405,569,455,507,440,435,467,449,391,404,541,467,498,560,330,486,540,466,442,456,371,528,470,522,397,521,530,418,486,366,456,447,428,506,445,400,406,457,427,640,521,434,369,603,446,534,459,398,432,424,507,478,434,418,506,501,391,398,415,601,439,416,367,384,308,385,474,299,341,359,353,536,366,372,399,300,345,328,506,450,410,316,336,373,338,454,370,471,406,347,452,410,238,373,462,345,551,355,468,526,590,368,312,356,356,390,300,300,402,390,361,360,396,444,432,360,356,383,448,483,432,344,446,404,490,332,340,375,733,311,399,357,463,325,289,410,422,459,461,402,355,429,316,317,351,318,406,308,293,438,445,387,360,448,310,330,256,318,283,453,328,473,403,352,261,342,396,299,375,312,324,391,372,341,311,269,333,381,320,402,392,345,269,326,253,232,273,415,342,405,277,458,321,253,348,261,405,563,300,433,402,272,279,325,305,399,453,435,456,360,340,332,437,399,411,508,326,349,384,392,422,385,407,352,331,259,492,334,331,370,426,279,323,278,316,385,510,358,455,380,328,309,278,583,254,256,295,330,293,361,287,279,315,436,312,246,356,341,440,313,501,303,368,360,280,357,296,303,302,470,322,280,299,371,367,310,261,398,345,494,525,377,377,355,247,359,282,378,343,279,341,265,263,260,296,404,335,217,302,316,349,354,390,399,321,352,319,441,326,240,224,370,209,380,330,270,396,370,290,278,322,341,277,314,394,421,222,279,369,392,294,258,297,259,378,324,294,265,307,248,362,268,277,290,305,308,327,277,289,205,251,288,246,341,312,321,356,309,253,258,227,222,281,
29.7,167,228,285,1994,31318,1748,53781,1089021,57065,4238,175,1157,18398,31505,2262,20141,117773,11868,2359,1247,7886,21580,14640,1579,182374,11325,139023,1576,4309,9137,33446,3049,32509,14760,8646,29858,224560,12141,12275,21834,2230,11564,8272,6287,2348,26490,6477,14502,49276,3464,60070,2716,8737,463,30112,5937,6130,18656,2974,6314,2100,1318,3173,3053,30125,4717,4852,2232,4297,2514,2027,454,2311,3162,11401,2221,20308,3187,4241,1447,604,1535,2245,4063,1260,8722,19202,3186,301544,4980,3812,1003,1750,605,5158,12312,17153,2545,1206,666,1723,2145,592,31327,10050,10328,1367,1497,819,1105,1378,11603,11958,16332,2955,627,1451,1540,1398,638,930,3020,157386,42922,3674,3331,836,985,573,2167,2809,5140,875,6020,11683,805,1373,531,1744,1300,2990,777,53080,12817,5929,644,427,1107,1761,2197,603,49038,8043,3942,816,1196,1030,1653,9072,1552,5401,2087,836,542,3240,912,872,1527,2371,3031,4037,5228,1584,5238,880,1354,513,991,2358,3221,2219,856,3698,982,860,574,1596,1563,1593,19066,5259,4590,2171,1896,610,1175,2829,1493,505,9661,2082,838,485,1116,1191,2052,1798,409,1473,5170,2152,447,536,704,1787,1394,566,2204,2184,1495,440,1320,1272,1249,503,769,1334,1120,3553,893,1442,652,863,450,2376,1008,3067,1320,595,941,1920,879,435,1491,1030,1029,871,659,710,2203,580,750,1420,1973,3107,914,2846,1628,18706,7219,1962,2306,1464,2668,693,9355,3471,58381,19584,4088,3001,5487,2652,21829,9316,5547,13727,5951,9184,5083,2224,5343,7803,2115,13573,7212,6498,5725,5181,5086,391474,232192,27268,7019,5173,8611,13061,9781,13098,37107,10757,6586,4401,4624,97547,27294,60938,242450,105157,29514,11644,10602,13047,9607,4462,4060,2144,3265,4839,14603,27525,62033,179753,42995,11403,4544,18497,11410,7696,24168,17104,11564,24380,12181,5379,16988,16047,29406,9390,15675,12728,26677,27232,12119,18313,22515,25399,11577,19588,24115,18922,10276,35253,34981,23395,21836,13550,35086,24182,29630,18521,25677,31279,38396,53712,25892,20216,26700,23354,24553,26537,24883,55738,14514,27697,28124,17265,25021,25113,22408,14176,41252,9787,13992,25702,14623,13625,10485,20482,25751,13656,6383,9992,11924,26444,12282,8072,6124,10082,10434,3853,4591,2304,2521,1035,4084,2787,2090,2560,1113,4523,1597,916,546,689,1029,971,734,826,2123,937,556,358,393,4931,807,418,640,1267,4984,1247,396,369,545,3160,1321,990,1660,761,1904,468,547,629,486,925,736,902,816,785,542,536,1368,794,1516,2281,1021,1305,817,1512,864,3455,6910,4312,858,574,1222,1514,2001,1186,3872,1610,1351,780,1731,4430,16204,7476,18592,21902,11384,3647,1729,2757,3576,3522,5313,3545,2840,2168,3485,12234,32971,34870,18234,8468,6993,3225,3968,5818,4096,2962,3417,2962,6480,3819,14912,9216,5237,11341,5682,3507,1244,1218,1360,1616,1384,1271,1237,1334,1624,1119,1098,1378,1718,1188,1171,699,488,709,730,663,601,860,448,781,560,709,558,465,500,643,358,450,519,505,734,398,417,497,506,627,437,445,628,498,350,529,578,338,316,511,464,479,396,402,378,436,403,458,516,558,316,507,415,545,430,315,493,380,372,485,391,737,912,575,521,368,429,485,404,461,703,791,673,376,453,558,396,617,968,627,424,416,324,457,581,382,490,458,567,390,418,478,395,350,390,376,342,526,477,278,471,362,461,345,372,275,370,323,470,511,507,488,322,576,466,341,398,391,435,346,307,436,480,358,493,632,449,416,425,405,528,459,470,418,375,460,580,563,493,500,425,469,1032,592,458,422,519,536,667,471,388,473,507,516,384,335,329,354,405,577,427,493,489,530,400,516,433,375,344,416,484,647,431,391,471,501,338,435,416,363,475,414,470,544,382,413,442,458,490,513,296,409,460,345,308,424,395,694,388,437,347,341,575,377,409,378,386,509,395,451,297,419,388,340,386,350,461,313,494,276,418,371,339,352,369,432,422,422,341,393,353,314,333,475,350,299,529,394,410,360,285,363,423,370,367,384,391,613,369,243,293,204,355,323,235,326,352,270,301,350,461,299,300,502,289,324,324,256,258,279,313,302,426,335,340,309,245,477,328,338,343,284,272,285,347,282,381,381,320,335,324,335,392,281,350,466,496,503,294,210,424,395,297,314,330,326,372,368,481,229,227,268,300,339,298,256,331,310,371,320,347,232,310,233,218,274,369,311,212,328,235,396,249,248,211,293,416,322,346,274,319,258,303,171,330,350,336,251,257,349,251,196,317,212,315,214,180,333,327,220,366,341,310,310,349,290,314,292,257,384,339,320,248,254,290,304,311,329,315,381,344,365,183,256,249,351,341,222,318,289,281,218,327,324,202,322,202,398,508,258,241,254,327,290,454,217,313,310,332,339,240,378,227,258,282,274,328,272,374,219,353,317,241,290,322,312,235,392,241,317,270,321,289,279,344,265,238,346,285,361,313,214,143,372,310,324,329,310,188,296,359,213,283,227,313,230,338,367,250,214,440,289,370,244,304,269,303,225,315,289,272,263,263,212,392,320,337,386,235,196,349,227,358,290,378,204,218,260,344,405,343,426,267,312,259,266,327,237,291,327,180,273,252,312,204,221,280,361,310,289,279,164,409,288,169,350,228,196,243,174,209,262,268,314,187,360,194,208,222,200,322,269,329,253,227,261,431,351,306,357,145,217,119,168,349,254,200,291,
29.52,166,253,349,2629,35604,3511,74357,1182155,88203,5465,294,1627,20134,43098,3208,31105,132550,12462,3763,2651,10325,26287,20767,1988,309081,17252,148923,2317,6021,14245,47651,3723,39028,19859,9992,36815,301240,24835,15091,28011,2477,12903,11494,7888,1964,28288,8312,16126,54295,4537,115433,3065,11421,479,38911,7720,9250,22302,4847,8345,3047,1639,4095,3033,43325,5789,5516,3497,3994,3593,3060,985,3451,3702,11309,2841,29634,3388,3622,1844,572,2617,2237,4405,1742,10022,23368,4606,502288,7482,3292,1372,2271,881,6766,12468,22187,1984,1216,1280,2098,3236,834,28556,12637,10674,981,1736,966,1219,1334,6802,7860,13603,3008,922,1491,1648,1047,947,1345,5310,137521,34444,2815,1479,943,1087,476,4085,3080,6248,806,6566,9966,1212,2642,754,1443,1852,2518,739,49988,12188,8013,898,994,1195,2054,2109,641,42711,7272,6300,863,794,3378,2481,8771,1591,6437,2620,1256,583,3588,2209,1655,1914,3783,2772,4182,13891,2031,6105,1269,1061,588,1275,2160,3437,1694,980,3819,745,1073,478,1236,1783,2821,11679,5999,3202,2234,2657,522,1461,2580,2156,728,10112,3012,1941,828,1191,1451,2932,1586,762,2022,4713,1789,477,730,869,1578,1463,723,1523,2076,1688,699,851,999,1109,757,1066,1305,1150,3623,1124,1664,675,1088,487,3351,1316,4890,1594,717,1140,1993,1661,706,1357,1457,1370,483,944,1399,2634,1220,1028,2105,1697,4302,865,3850,1942,144025,47573,9035,3181,1703,2801,1049,11415,3967,106973,34183,9097,4383,4970,3670,37873,8633,7567,19063,6376,16949,7294,4009,16574,18687,7190,12050,8997,9608,8835,7444,7274,461205,267937,26308,18170,13741,9936,14091,13767,11039,26649,16948,8821,5615,7547,82228,24556,190882,221285,94704,36908,14891,12447,11488,16996,6359,4769,3136,7607,4743,10583,21569,82399,222595,32858,9777,7657,46500,23001,11676,17007,21529,15577,22082,14994,7373,26484,23571,37270,12926,22102,16167,29935,29139,14175,21085,33423,34950,16357,21883,30654,22980,12866,35466,35177,24030,28974,18501,44626,26762,33505,21064,23152,32412,39310,106230,54517,22053,27494,24342,24276,24506,23478,83145,16340,25800,20236,19986,23582,20713,18876,11761,41617,8723,16147,14838,11414,12723,11504,18313,19351,10888,4546,9735,10114,10489,4392,5549,5177,6754,6683,2449,3252,2065,1772,906,2596,1740,1088,2717,640,4292,1654,862,576,908,1141,1037,899,523,11558,2126,604,478,447,5704,830,1217,936,1368,7317,2304,729,500,614,2989,966,1252,1528,1097,1826,427,538,672,747,1699,1478,1231,767,625,1063,740,1887,1258,1936,2369,1562,1369,939,4339,2133,10027,14014,7056,1254,1575,2484,2172,2975,2283,4526,1902,1479,1191,5024,11559,29644,15013,23896,19112,9941,3735,3611,5987,5551,7156,6521,5792,2746,4915,8930,22319,36932,28216,13873,6834,4230,4619,4914,6041,4524,3276,3440,2824,8623,5813,12220,6705,3457,7880,4120,2121,1281,1113,1575,1815,1839,1284,1320,1176,1227,761,1106,1116,1431,919,1118,685,693,969,615,710,785,562,637,899,642,695,674,508,525,504,515,541,474,608,509,548,502,562,316,549,621,496,534,366,476,570,484,561,491,503,490,563,453,483,634,530,526,467,391,602,491,574,615,553,436,429,456,443,404,524,598,967,847,525,423,385,501,509,465,471,562,514,439,505,616,416,480,452,630,636,617,586,355,516,542,526,391,369,515,482,557,446,628,467,481,452,388,415,412,513,536,511,379,486,413,420,487,462,455,462,488,527,507,387,440,404,510,489,491,476,551,631,590,448,556,570,769,545,613,602,519,624,611,542,490,538,657,1021,546,488,445,478,895,547,494,423,565,626,414,620,601,534,643,525,408,592,503,524,618,541,573,640,566,512,593,458,680,504,510,408,466,598,514,382,457,614,530,416,456,472,417,723,383,493,599,499,444,367,411,492,483,531,697,523,498,556,343,606,555,491,588,400,345,565,541,376,394,440,449,420,415,539,483,465,461,527,482,465,427,466,404,368,410,465,699,433,435,392,415,413,430,445,365,352,540,405,486,391,387,427,420,466,368,593,361,363,385,427,398,447,452,419,321,501,445,459,366,577,487,461,311,435,316,383,418,254,373,389,452,395,322,339,384,447,300,301,376,411,333,276,468,421,340,579,315,370,396,330,338,355,311,460,556,441,451,437,549,348,687,321,374,362,472,285,412,374,563,383,396,424,337,358,352,487,380,302,361,322,417,338,351,404,412,376,316,385,281,411,430,327,457,290,325,291,250,370,305,239,343,410,332,269,317,402,328,372,361,345,304,362,526,374,310,380,342,375,286,279,475,318,401,412,425,378,363,346,313,449,408,410,320,268,548,365,437,542,434,295,338,363,317,471,344,354,434,269,393,294,453,290,371,350,383,248,354,331,326,384,399,400,380,272,293,399,350,581,398,285,328,347,427,245,307,301,363,476,362,274,395,340,323,505,359,357,358,447,366,441,429,289,236,265,263,370,430,403,256,288,421,313,383,265,377,348,387,350,285,372,408,251,293,274,324,271,331,321,393,429,418,395,495,344,310,350,380,287,426,312,238,411,357,327,330,349,307,390,414,457,258,302,252,356,351,297,291,253,346,239,375,358,349,386,220,434,339,305,341,284,213,280,262,272,372,279,390,326,349,287,271,382,243,219,429,235,281,199,355,347,328,253,312,343,363,277,318,302,534,403,194,236,253,279,178,329,260,222,238,299,314,143,268,191,415,201,229,416,385,258,
29.35,165,231,217,1206,34558,2612,85166,1191547,95929,4155,248,1660,19998,41495,2579,37726,82103,12051,2882,2101,11412,27241,21881,2250,324687,22282,126010,1543,4678,12544,43436,4507,38271,19113,11560,40174,343275,27969,13991,28263,3680,13074,12229,7563,2226,26466,8576,14966,55434,3853,119638,2682,12698,808,41140,7505,7993,20551,4560,8403,5138,1561,5344,3195,46594,9613,4325,3394,3970,2499,2472,681,4213,2749,5897,3146,38945,4738,4526,2019,586,2278,1925,4000,1449,9255,19883,3090,589455,7867,3102,1636,1578,1417,7326,13626,19651,1506,620,1260,2672,2097,732,13633,11435,10675,625,1731,1115,959,1171,2593,10583,9680,2090,625,1797,1721,1386,669,1250,4233,54147,13187,1559,944,982,830,545,3950,2102,8771,1234,4919,9138,1565,1614,383,631,1917,2635,733,31834,9757,5811,1304,895,660,1855,3013,684,23279,5671,6066,737,1414,5566,2014,8162,948,4556,2794,999,593,3143,1975,1258,1378,4283,2985,4999,14323,2221,4513,1362,1620,634,1572,2396,2870,1561,933,3942,660,556,639,1768,1602,2377,4911,2339,3081,1448,2044,454,1259,3505,1776,518,7405,3880,1560,649,607,1075,2099,1286,624,1506,2727,592,349,731,834,1232,1642,559,1211,983,1506,410,570,838,1138,658,1512,1298,847,4667,1661,2008,597,1768,401,3521,1703,5579,2191,696,952,2074,1194,422,1577,1144,947,714,666,797,2478,652,1075,1718,1785,4710,1157,8666,1929,304945,100693,15467,2522,1966,2172,908,16258,5992,115008,39312,8337,5637,3827,2926,49791,4630,10021,15290,5656,24198,8582,4241,23336,28500,11506,12836,8130,8062,10006,6589,10341,465639,264932,20711,25349,28488,15031,15869,14028,7621,8367,19781,11624,4844,9311,47727,14438,250041,137117,50061,39729,16523,12858,7084,21193,5203,5736,3822,9062,5298,6282,10350,77005,156144,26983,11586,8001,59321,35489,12597,10570,19577,15628,20463,19057,9424,29937,23699,39148,16477,25491,19392,29972,25470,13150,21824,39724,36980,18726,27629,36031,25329,13465,36524,28169,23938,33754,17577,43947,25521,33302,20252,22992,27301,58734,115519,61715,23849,27435,18028,21200,19985,25719,79195,18892,22623,16925,22148,19887,11626,12997,9274,18774,7040,14158,14334,6412,9365,8381,10835,10280,5430,2044,6404,5007,2657,1829,2610,4136,2099,2685,1302,2638,884,947,1495,1584,837,588,7195,1466,1493,1592,793,547,696,1296,730,482,603,19721,2032,861,391,589,4389,876,645,844,1631,7086,1642,540,548,513,1554,939,1287,1478,854,1042,685,646,881,1057,1760,804,558,547,678,961,572,2378,1401,2269,1853,1397,1220,1822,7851,3305,12160,13954,7180,602,1547,2886,2110,2408,4191,4137,1701,1046,2727,9321,18294,31987,16405,18279,6094,2972,5349,5982,5534,7298,6134,4934,4621,2636,8297,10490,26930,24976,11677,5338,2394,3445,3371,3504,3559,2573,2132,2377,2386,6846,4296,4699,2902,1569,2504,1407,1215,835,1229,1840,1823,1189,869,1280,769,821,473,675,640,624,542,783,568,514,708,812,580,664,517,415,375,563,509,480,462,384,391,405,366,480,469,441,434,366,433,614,415,335,521,316,450,392,514,367,520,530,436,339,395,548,340,388,509,372,421,544,264,391,523,579,454,323,434,440,484,426,428,347,558,500,512,414,413,392,448,490,330,389,409,564,359,385,423,311,388,514,362,391,464,417,569,326,475,421,355,441,536,350,394,342,491,364,366,449,527,446,470,319,485,491,409,332,381,338,476,358,413,570,436,462,450,424,919,628,439,408,470,583,542,497,418,462,561,527,613,404,521,669,594,1087,401,514,529,361,629,507,410,361,477,470,544,465,622,515,405,402,481,516,385,478,356,504,427,487,547,446,357,453,436,457,396,351,398,515,448,413,348,482,547,503,450,383,446,327,528,444,566,440,425,429,329,526,461,375,352,464,540,345,412,598,369,436,386,320,405,570,396,527,446,400,379,291,413,439,444,389,523,349,436,513,410,420,362,338,396,395,454,352,469,329,450,447,418,380,293,427,349,296,426,327,260,491,633,342,478,312,247,267,297,423,285,345,596,338,294,300,218,249,367,341,442,236,245,328,457,469,480,304,357,285,412,332,235,520,308,233,422,418,302,381,427,326,339,383,338,412,476,382,286,364,215,324,436,261,180,360,453,387,308,389,243,462,373,271,361,253,290,254,384,374,415,345,237,295,290,240,332,253,361,263,256,300,282,240,402,322,368,225,302,379,192,300,302,357,391,592,184,316,304,337,273,326,411,428,164,304,251,324,264,417,268,239,383,309,404,324,381,377,332,407,252,393,495,290,278,249,314,223,387,308,203,397,339,236,431,376,343,317,265,266,231,201,228,277,430,300,315,350,287,321,339,355,296,213,247,456,244,393,321,349,295,264,310,387,264,233,273,282,364,245,308,235,315,288,274,253,211,371,482,427,206,426,234,302,192,243,315,228,373,206,420,306,212,281,310,316,264,255,240,340,279,360,317,378,239,334,302,266,311,376,451,255,305,300,291,254,273,217,199,398,442,301,354,312,252,256,209,465,237,351,272,207,212,279,330,177,206,292,310,255,196,215,255,153,285,273,225,259,257,237,265,322,313,196,437,166,246,339,222,132,237,334,261,204,192,423,266,291,273,160,365,378,273,280,266,251,211,153,305,254,157,328,207,256,259,198,245,241,194,229,233,197,172,259,284,277,312,312,182,312,207,272,316,205,349,217,264,158,175,213,232,225,230,308,180,
29.17,164,357,403,1794,36576,3285,109835,1282045,128103,4958,497,1861,24374,47595,3457,50511,65335,11314,2348,2127,8171,28884,21757,2757,412107,29198,137549,2316,6766,11984,47811,4664,42712,26094,11027,61859,354154,33890,12615,28509,3447,12896,10992,8034,2353,25875,8390,18398,57626,3789,151538,2854,16368,841,41557,7183,7442,20849,3693,7422,13594,2379,3854,3452,65138,23344,4884,3640,4819,3887,3372,692,4331,3676,7152,2442,42118,4159,4576,2355,569,2443,2270,4796,1483,9274,21631,3732,706280,10103,3830,1495,2413,1042,7458,12561,21253,2406,1248,1224,3751,2496,820,10267,12297,10313,1256,1954,1048,1359,2534,2372,17647,10312,1931,547,3391,1227,1209,896,1121,3843,24619,5165,1871,1494,1081,816,479,2359,2460,12446,2442,4669,10436,1466,1801,402,1073,2190,3393,626,35453,10811,6631,1269,612,1018,2513,2725,741,20899,5995,6368,809,1292,12189,3642,9181,1135,5137,2105,1057,533,3805,1836,1389,2106,6518,2837,4402,13365,3302,5752,1614,2280,584,2010,2677,3023,3961,1733,3661,793,661,573,1783,1836,2161,2387,2269,3086,2254,1586,543,1306,3312,1690,658,6626,3194,1340,737,878,1595,3084,2143,776,1952,2417,1167,519,1227,758,1414,1834,646,1260,2105,922,540,652,1015,1206,625,2824,2020,1306,8507,2817,2085,693,1408,704,2024,1435,15811,5238,1027,919,2587,1708,748,1851,1933,1574,729,858,1517,6660,2053,1215,2864,3148,4085,1337,24402,4922,785616,242960,42808,3715,2637,3433,1561,12253,7607,96563,28103,8424,7321,4701,2499,135497,6742,8873,11056,4926,61421,24915,6150,22541,48984,16193,36187,11133,5783,9452,6770,18505,447868,245700,14837,35343,67610,27417,16150,15447,6545,5001,22414,12748,6451,9561,32341,10223,275934,99032,31815,40835,14474,13987,5837,25788,8432,9901,4772,13195,6282,9117,9798,61849,96545,22505,19238,13293,65685,48034,18760,11733,13291,19253,24149,26091,12997,41077,34012,49175,20235,29988,22813,29930,27585,15047,21880,43777,39318,21416,30814,41638,26668,16395,33312,23733,24212,35642,19114,44804,25853,29978,18364,23096,22148,72212,106149,56741,41718,23657,15215,18083,18650,32284,56585,23442,27640,15650,22942,14366,7865,8954,9073,17251,6150,12652,14042,6795,5956,6384,8061,5975,3139,1745,3882,3740,2089,1276,7029,26445,1875,2821,1491,1275,879,981,1346,743,1246,522,24711,4621,1527,2456,776,629,683,1190,757,723,490,21232,3018,2517,1208,638,2392,1207,857,722,804,4470,1089,797,454,503,1207,626,1158,1579,1110,762,832,529,1106,2629,2911,1171,829,1182,524,1446,523,3188,1400,1794,798,1422,1476,2739,12639,6409,15091,13289,6282,1645,2212,4561,2645,3985,3371,3790,1361,3342,6444,15907,19887,25418,12537,11527,2639,6113,9152,6012,5663,4471,5034,4602,4722,2815,7914,11410,19899,13508,8449,3373,1856,3283,3571,2787,1841,1550,2114,1672,1835,2954,2048,3204,1807,968,1417,975,781,743,651,1286,991,729,522,773,744,680,565,705,657,851,497,415,418,436,565,586,507,838,590,433,517,589,523,384,346,518,481,405,535,593,503,401,438,478,508,409,368,553,454,564,500,462,537,388,434,481,462,588,478,611,373,623,479,742,453,408,362,700,470,411,477,571,519,485,522,453,460,466,477,479,522,506,361,435,604,491,572,458,629,453,379,490,471,462,438,436,442,382,471,522,540,375,612,399,387,527,429,448,664,522,463,467,444,405,410,435,569,382,559,394,549,581,782,520,347,461,595,1065,567,578,578,387,857,557,424,492,484,872,650,690,389,472,528,500,608,488,490,573,481,767,508,569,652,518,593,650,518,630,469,601,499,729,567,460,454,393,466,503,532,462,576,505,496,618,653,613,423,596,538,540,507,413,679,470,426,564,573,530,504,338,511,430,426,455,462,533,544,383,452,563,472,474,520,514,379,526,461,404,441,451,474,431,554,509,504,351,427,405,485,365,467,474,351,494,465,419,508,425,614,697,380,386,361,493,461,339,553,451,380,350,340,356,339,579,378,389,447,353,310,420,345,507,372,333,331,417,588,392,423,536,501,454,374,440,388,389,338,499,392,327,508,436,422,375,507,330,401,323,372,345,380,401,460,322,330,479,517,316,419,373,365,481,398,450,507,518,361,362,378,372,361,304,491,588,304,337,331,307,396,297,523,634,339,523,339,276,315,465,326,349,248,311,437,463,392,300,357,338,350,310,279,305,297,406,339,303,416,471,338,379,339,507,218,288,297,364,425,286,414,346,367,422,305,437,446,353,238,370,279,398,594,309,298,338,375,331,323,416,268,370,349,412,349,337,408,346,451,246,434,362,434,398,311,296,482,333,352,399,480,337,345,328,312,344,309,391,463,296,447,320,308,531,288,303,443,270,309,299,316,242,338,388,361,356,406,287,301,341,253,295,213,341,328,297,369,435,276,345,266,285,372,405,300,495,415,378,351,460,232,396,402,308,229,419,406,305,282,509,342,478,261,265,372,377,313,414,479,398,441,346,323,340,403,175,393,230,365,342,483,289,354,398,343,304,280,311,309,236,410,218,360,304,258,402,262,266,302,216,304,283,229,305,237,280,333,262,246,226,357,228,276,274,434,273,279,291,324,327,338,305,193,278,358,305,277,174,275,299,322,283,366,267,311,197,337,373,221,213,207,442,242,361,319,296,208,212,243,198,302,314,256,338,357,316,311,230,316,254,260,227,384,239,218,269,267,298,333,273,203,242,299,278,242,253,237,
28.99,163,77,359,1372,36985,3007,138152,1311966,132760,4419,316,1789,21886,44065,3465,61424,66290,10298,2786,1920,8271,30886,23601,2694,445549,28886,153401,3013,5857,14521,47886,3497,39392,25444,10235,67616,366069,32129,13873,26857,3500,12647,10835,8006,2034,26571,6921,16007,58142,3595,161202,2708,13624,901,32428,8249,6992,20625,3867,7613,18584,2515,2720,3290,61399,39754,4712,2127,4438,2775,2449,553,3391,3626,9265,4317,54478,3436,4009,1598,573,2149,2134,3663,1092,8424,21484,4319,729272,10909,5881,1050,1888,665,8485,13211,19581,1665,1138,1429,5775,2090,670,6359,14331,10679,1012,1770,994,748,1812,1650,23382,9509,1631,464,2458,803,1439,535,1585,4037,8168,4422,1563,1387,651,652,286,1454,2640,10809,1997,6190,10252,1362,1881,310,1003,3764,2437,679,34775,12555,6316,1622,813,812,2245,2342,533,24969,5237,7352,586,1426,15532,5884,7162,1130,5737,2366,855,468,3323,855,1154,2081,6993,2564,3082,9691,1610,4270,1562,2744,711,1241,2429,2593,6652,1435,2861,675,1187,561,2609,1638,1290,1639,2226,3123,1497,1667,621,1436,3114,1458,786,6052,2766,1151,453,596,1491,2571,1628,777,1569,3613,1225,484,1015,618,640,1606,634,1499,964,934,427,877,1263,1832,663,2505,1691,785,8040,3351,3215,1060,1267,525,2357,660,19471,5832,1164,948,2861,2064,921,1512,2348,2206,1018,1657,1412,12488,4676,1965,3178,4016,4666,1250,35596,6138,915340,287164,53605,3036,2751,4740,1730,8617,4716,40349,13043,7188,5797,6072,3053,221411,11529,4050,3328,3593,78917,27253,8169,27942,47789,14500,54801,16333,4480,4866,4418,29711,339113,170300,8250,23598,85979,50930,20043,9118,8875,4044,23292,13587,7144,6941,15331,7114,246956,32186,8768,21528,9747,11383,5424,22821,11214,16675,5563,17388,8818,8305,11541,30938,25092,19018,24839,11584,56112,48837,19178,14757,16319,19925,21921,31838,12642,45344,34040,58079,20792,32915,22861,28262,28218,17854,23297,44444,52702,22284,33513,37144,27899,20793,24543,22420,19157,28989,14232,33550,15405,22386,12719,23677,25217,59512,54027,21347,45944,17207,9310,8499,17906,25384,14736,20699,24284,10209,16902,7246,3418,5434,5783,9090,2729,5815,11350,3739,2793,4420,3436,1492,1242,700,2064,1297,1585,696,5264,42946,3224,3360,1353,474,705,1046,1116,564,1767,776,36372,5896,1906,1463,748,576,454,1546,698,724,524,18561,2967,3075,1316,686,929,744,563,594,665,1189,515,564,374,648,847,704,987,1497,2103,554,587,774,1460,2862,3563,1827,792,797,897,584,661,2392,1064,654,758,577,1803,4785,12293,6141,10244,4408,3721,2221,2034,3735,3538,3315,3010,3108,1717,4083,8553,14803,14752,9503,5256,3189,1930,5029,6189,3621,2627,3379,5776,5053,3355,2737,4359,3214,6460,4020,2661,1597,1281,1793,1296,683,876,1214,1352,900,1005,950,730,1296,833,514,402,634,740,589,426,457,493,434,468,463,394,380,544,425,487,540,482,354,321,501,437,495,456,594,610,442,391,497,455,421,428,451,428,413,365,443,392,486,392,451,379,536,335,436,312,315,514,446,323,572,390,363,417,372,372,330,462,441,404,348,426,632,321,467,441,362,366,345,528,422,343,306,387,340,471,359,417,713,333,386,474,428,357,367,379,491,361,341,464,492,433,400,401,373,580,477,397,503,428,414,418,388,246,317,390,394,323,430,434,508,463,584,421,598,498,453,474,598,852,445,471,477,392,1024,496,495,306,349,458,719,412,377,357,422,551,474,579,395,390,299,417,335,478,417,546,368,577,362,589,595,499,451,444,440,351,461,532,310,544,482,617,389,547,435,490,372,373,309,397,583,376,528,463,523,545,543,375,473,490,478,441,574,589,288,423,452,503,370,355,381,389,414,368,347,416,330,352,500,609,556,403,292,356,470,407,523,253,313,444,331,292,560,359,559,495,509,309,448,512,436,292,431,466,447,370,502,345,281,301,361,349,344,313,340,365,363,394,278,345,317,313,462,360,562,340,461,367,335,313,406,205,299,316,385,310,346,368,303,264,287,336,382,432,254,286,219,290,544,459,287,330,327,446,316,420,342,363,346,190,369,419,269,299,277,381,434,347,361,338,315,348,180,415,373,362,251,299,293,408,296,257,260,325,330,372,235,415,234,415,273,198,241,475,575,453,330,266,281,295,362,300,342,339,218,284,209,262,322,297,206,265,400,350,292,209,283,243,375,250,230,398,321,355,210,276,309,317,269,273,256,223,350,359,350,209,143,278,460,262,213,263,264,331,405,293,361,206,322,245,517,227,250,251,279,369,209,178,188,418,277,250,191,235,241,247,287,359,334,317,234,277,336,377,313,279,473,248,189,387,201,326,357,285,316,251,244,310,202,289,163,198,305,227,216,281,439,177,353,298,257,313,311,398,215,201,286,302,277,333,216,342,176,281,253,260,306,393,235,263,324,244,337,251,213,272,399,214,226,249,300,376,281,252,200,281,182,295,211,298,324,303,235,200,218,329,308,296,209,268,242,117,172,270,351,263,344,408,218,199,352,230,148,180,263,270,302,215,380,343,164,215,291,325,277,194,278,259,260,243,200,248,452,229,282,219,287,185,286,211,262,264,283,297,284,272,306,203,207,147,203,165,194,208,330,267,188,342,137,238,362,225,328,138,203,317,178,221,228,268,189,111,179,172,193,166,146,237,243,216,173,172,141,213,224,251,122,195,98,187,188,237,
28.81,162,198,395,1630,38784,3211,205026,1269802,135952,5279,383,2307,25217,46020,3602,94744,74008,9552,1708,2261,9779,30005,21828,1684,438882,28308,238374,2534,6832,13907,50438,4834,39020,23135,10737,61221,366138,31065,14107,29463,3426,13221,10774,8016,2573,25157,7265,15273,58105,3522,156275,2564,16014,556,28612,7760,7588,20541,3552,7990,25370,3671,2936,3454,52384,93529,8408,2341,3711,3629,2775,648,3094,3353,10138,3343,45697,4896,3746,2429,468,2030,1931,3276,1078,9303,19929,4980,682450,8868,15048,1307,2403,816,7629,13448,20499,1571,1019,937,5069,2241,851,6544,12380,9056,1051,2043,1144,870,2030,1915,19866,7799,2079,541,2058,1133,1321,441,1313,3673,22433,5870,1677,2736,472,891,511,1441,3057,7702,1766,4466,11262,1263,1092,380,831,11137,4270,628,34964,16444,6747,983,504,1147,2181,1693,679,21527,4305,5982,1313,1466,17692,4525,9518,1459,4238,2380,1139,746,3770,1220,833,1232,7623,2717,2418,7175,1259,4503,1017,8111,1956,1664,2628,3016,4227,1713,4094,539,1209,491,1731,1741,1716,1520,1723,3227,2286,1347,699,1631,3176,1357,547,3819,2510,988,647,832,1208,2589,2470,696,2530,10808,3260,690,2872,988,1221,1560,842,999,1241,1085,478,754,1190,1263,696,2032,1277,997,8745,2809,1762,1216,1898,710,1873,1637,39211,9493,1846,1404,5790,2741,850,2409,1314,4367,1295,7404,2641,38664,12538,2517,2674,6019,6464,2217,40468,13553,894739,264601,58474,4067,2508,10889,3821,7092,5736,21617,8027,9427,7727,6124,5010,418344,21685,3602,4860,4610,87584,28044,10058,39057,44490,11291,66820,22189,6661,4103,3798,45315,264104,123991,6952,22411,107079,112975,37385,7636,11733,4731,26410,12342,9228,7070,20657,11994,199950,20987,8157,11998,11036,15095,6807,17592,18065,32421,10022,32440,12306,10540,15241,17679,20739,26739,37185,15476,66955,60744,22214,18108,16922,19432,26091,39303,14694,48355,36418,73983,28179,34179,24261,26344,29484,24387,25435,46208,80413,37156,32557,34420,25476,26438,24109,22322,17496,29679,14010,25758,14696,24326,10541,25659,32801,35397,26008,10866,45667,12747,7319,6496,15253,19111,13135,19978,20754,7950,12755,4975,2064,3743,4422,5194,3430,3418,8357,2506,1748,4108,2612,1286,883,784,1214,1789,1155,831,3988,59259,4090,3880,1319,847,853,889,742,470,3832,1766,41249,6652,4167,1178,1555,1127,843,1104,742,1259,1162,10966,1714,3799,1289,923,1594,900,720,707,836,954,562,629,489,434,1333,747,1449,2034,3398,1514,697,520,2733,4911,2770,2101,1640,1505,989,1121,1045,2742,1617,563,1272,1799,3959,6506,10775,5507,6974,2232,2324,2752,2375,4073,3529,2362,2201,2368,3711,5572,8508,11016,8190,4698,3478,3450,2898,6012,4069,2583,2210,4054,4932,5326,2704,1637,2765,1870,3111,2422,1912,1100,980,1258,781,769,682,776,973,901,640,559,734,1184,869,465,588,492,582,511,527,691,535,386,348,502,402,386,551,589,491,462,327,483,442,448,361,458,536,663,624,461,407,496,454,391,536,643,575,570,466,378,365,431,372,425,483,419,520,437,449,422,407,456,497,429,570,395,492,401,549,527,539,690,456,468,405,557,388,431,508,405,496,387,398,441,434,539,486,408,426,580,390,484,572,455,447,451,519,577,581,526,486,431,559,611,485,437,547,637,504,521,513,416,527,431,456,603,780,507,447,447,505,561,500,479,369,628,418,754,492,523,562,572,1020,558,537,525,528,638,847,421,503,467,544,506,536,589,498,487,496,439,545,680,534,675,454,883,494,578,397,433,597,446,840,544,675,481,555,475,469,608,386,493,481,549,552,573,411,535,517,661,603,546,343,396,497,586,413,467,521,444,438,453,387,461,540,550,404,561,464,590,507,466,450,431,603,402,573,486,631,428,451,433,565,529,393,482,425,430,428,338,495,593,560,543,533,484,420,419,445,398,414,466,494,440,451,406,479,536,591,365,338,560,337,462,462,367,329,342,445,413,515,362,271,416,365,364,354,348,385,419,629,506,385,293,392,338,431,479,448,346,423,499,456,524,351,455,381,332,452,441,449,375,366,340,456,449,377,415,420,343,524,467,327,340,319,434,274,348,414,439,453,402,474,270,328,334,303,441,378,447,307,435,292,418,390,342,408,364,335,356,246,305,316,366,374,273,219,347,390,373,315,465,347,319,428,401,360,349,386,421,353,329,381,531,535,384,314,441,331,319,390,461,407,339,408,293,339,296,427,409,332,366,369,370,339,314,363,352,426,470,361,291,261,371,387,421,299,690,389,487,299,354,303,376,377,351,402,270,395,405,365,296,437,349,296,316,416,296,472,352,485,318,324,283,468,463,320,408,355,310,305,464,300,315,287,285,286,404,328,276,487,325,360,280,256,257,300,322,372,317,409,287,310,347,261,356,267,242,343,319,382,333,342,369,262,339,252,216,288,257,371,289,381,367,369,307,232,295,190,267,231,292,369,292,226,400,369,239,309,276,394,315,360,251,309,300,354,287,262,365,331,243,305,302,266,257,282,295,332,250,280,258,370,255,403,458,435,323,374,291,333,278,317,238,192,317,302,418,265,183,522,212,211,220,192,314,221,236,251,204,371,263,204,266,169,189,201,237,314,168,397,248,272,268,220,174,337,253,151,269,203,170,372,267,255,335,298,233,194,251,276,279,195,357,242,206,170,353,184,164,204,244,282,252,251,227,188,358,311,264,262,313,395,203,297,
28.63,161,111,244,2689,32446,2838,231220,1107921,107569,4103,178,2376,23159,38783,2963,99116,58325,8927,1986,2270,7819,27837,19930,2357,375385,22590,263074,2061,7683,11680,47073,3272,34675,21227,7973,44587,287995,26302,13845,26970,2390,12867,8600,7010,2128,27412,7469,16503,60826,4737,130294,2831,12875,720,23702,5224,5622,19693,3938,7678,19705,3977,2307,2879,41079,116622,9136,2055,3302,3855,2256,507,2951,3420,7292,3021,36488,3626,4030,2000,345,1571,1927,3676,1194,9393,19787,4437,504986,6008,19633,1190,1732,700,5852,11977,17948,1350,1530,796,4457,1697,720,7789,11581,7681,1509,1511,1127,1301,1234,2021,11178,7108,1304,620,1039,687,1262,445,1196,2856,54336,12279,1394,2130,738,810,399,1538,2369,3308,1027,3231,7769,1403,851,288,652,21002,2438,737,22115,13791,5320,480,697,830,2276,1888,382,20798,3253,6969,986,743,12134,3139,8746,1104,3316,1992,756,370,3896,836,1095,956,6746,2417,2880,6223,1890,4680,1075,15365,2565,1296,1768,1842,3012,922,3079,742,698,344,1237,1574,1054,1218,1419,2847,1364,1329,520,1370,2636,1249,481,3104,2223,766,557,591,909,2107,1617,651,4393,18318,6534,972,8077,793,774,1371,1583,1390,1566,854,518,763,994,2597,763,1111,854,1044,4460,1604,1715,1113,2132,501,1304,1181,50030,12170,2469,1729,12356,3117,1262,2747,1002,5161,1537,16536,2872,55774,17415,2667,3840,6137,6834,2532,34590,23650,418240,129651,62180,3588,2725,16828,5441,4317,5397,10489,4647,11825,7263,6837,12292,449400,20063,3204,3786,3715,46379,18248,9995,42722,19441,4709,55957,15766,6766,4161,3164,46887,129694,55133,6971,19581,95371,117652,40065,10700,9987,3041,21668,10998,14361,5080,22984,15658,90507,10655,5462,7543,15487,20693,6663,19339,21414,39681,11417,36043,14504,13688,18833,9669,19768,35498,43577,17466,66814,62907,22926,15832,19025,19318,25293,37286,14604,47496,39960,81858,28601,31090,26481,26229,32365,38012,20222,37398,72718,32874,28727,27286,22636,30015,24936,25937,15403,18593,7956,15584,13399,20048,8329,17376,32548,20493,8059,3230,26779,6642,4434,2734,9418,8442,7342,9537,11214,3131,4857,1968,850,1307,2253,8727,5292,1567,2608,896,1443,1284,3581,742,619,1443,760,2124,1081,793,397,51838,3299,4610,1431,463,748,476,501,548,4210,1073,22548,4511,4017,846,3604,1742,965,1634,433,635,794,2035,894,3520,818,721,1943,766,611,422,398,800,360,600,492,508,881,536,935,2920,4223,2073,954,691,2709,3444,2228,1194,1489,1465,795,887,1262,1674,894,884,1998,2705,4427,4827,2957,2453,2213,1056,1881,3446,1891,1730,2158,3432,1759,1822,2712,4068,2577,2981,1981,4246,3551,2299,2464,2546,1717,948,1823,1795,2175,1606,1391,903,1105,1030,1069,725,673,620,753,529,540,506,463,535,582,852,831,375,495,402,600,431,406,503,402,397,452,483,587,377,435,380,302,342,513,439,484,353,324,398,418,337,386,547,609,295,301,260,458,469,368,462,317,380,392,448,337,491,355,427,392,418,403,400,425,419,357,479,407,431,327,324,415,376,408,317,304,372,489,449,471,504,462,431,426,438,322,476,457,385,427,298,343,443,464,403,420,595,444,420,414,414,510,466,329,392,424,520,505,431,518,343,431,327,399,274,399,507,503,489,384,406,588,416,491,456,443,380,542,967,437,290,683,373,581,520,570,572,452,654,517,821,415,518,472,424,475,432,685,369,471,495,317,619,498,466,523,542,679,517,424,658,440,470,567,413,453,529,651,575,375,535,395,565,463,427,337,510,520,463,458,609,552,449,574,377,332,519,342,493,402,410,603,378,364,577,518,404,342,376,317,506,308,450,368,388,307,370,371,277,507,462,352,375,417,478,411,342,371,372,544,490,284,440,339,542,460,318,399,467,465,284,303,399,375,418,304,434,349,560,218,701,304,460,419,359,297,240,321,337,301,429,383,282,360,246,408,370,241,370,361,286,384,279,474,319,358,298,482,255,265,520,337,365,367,399,250,359,587,327,547,302,377,301,353,513,333,361,327,290,302,360,309,324,400,467,268,212,260,264,284,285,247,317,305,247,279,350,317,210,367,438,434,305,275,232,330,325,311,373,298,380,415,381,218,419,392,215,274,241,347,266,360,209,284,207,364,345,302,312,135,409,279,210,299,268,399,450,386,323,327,273,307,289,339,344,267,342,247,294,467,283,307,349,367,208,253,429,346,270,336,265,486,285,353,393,227,180,270,226,360,231,396,242,283,389,275,248,304,324,280,227,483,340,263,427,372,326,297,279,254,282,317,412,402,283,260,347,305,249,421,305,415,318,447,277,345,358,405,377,181,284,217,391,314,361,194,220,236,128,238,235,294,212,300,208,283,281,371,291,365,239,369,326,315,313,284,271,317,172,346,190,254,288,465,285,163,202,242,240,299,225,262,299,294,219,297,408,207,354,203,337,236,251,377,270,253,255,197,304,249,254,298,220,358,360,294,376,215,290,196,235,268,247,126,301,208,216,161,174,299,272,181,222,276,113,151,200,259,197,215,309,262,178,207,181,259,201,256,332,138,176,158,233,277,123,192,233,246,221,161,257,215,128,242,119,73,180,212,212,230,274,218,213,283,201,135,170,299,182,260,180,222,119,254,163,160,274,131,108,170,183,192,246,226,141,205,197,212,163,183,200,237,208,406,101,78,211,160,144,245,102,172,
28.46,160,163,438,1898,36570,2449,306093,1311671,92419,4468,474,2910,22892,43380,3905,116766,54692,15860,2298,1858,9407,32597,22035,2202,333536,18892,309557,2780,6914,14524,42418,3498,40855,22939,10705,36493,267242,23058,16190,29334,3173,14362,10370,6179,2501,23109,7592,17054,56653,4802,120517,2510,12797,1047,21862,8253,9241,22993,4180,8803,14485,2951,3587,2431,37682,128810,13309,2728,4290,4025,3997,520,3262,3530,7516,2478,32128,3840,4036,2090,371,2658,1908,5298,1394,10526,20588,5028,430409,6291,26144,1479,1809,684,7446,11466,20608,2551,1396,1237,4176,1708,867,18479,11192,10341,1460,1889,1521,1257,1613,2212,9182,8490,2399,552,1062,1052,1636,503,1735,3461,118241,30383,2224,2367,724,1578,589,2241,2319,5082,1171,5122,11580,1222,1204,439,1504,42788,4952,656,22770,18576,7268,849,535,2831,2345,2442,875,32177,4767,6861,980,1238,5809,2548,9395,1104,4366,2427,1254,469,4373,1090,965,1062,5133,2667,3582,5068,1396,5142,1077,42892,8071,1624,2180,3701,3442,1385,5733,1920,859,461,1463,2185,1336,2688,1994,3881,2207,1220,680,1181,3401,1349,569,4061,3062,1269,659,698,978,2337,1660,769,5787,24341,7785,1706,23130,1321,1288,1430,1517,1328,2047,1184,472,1077,1108,3341,1169,1436,1704,1144,2324,1304,2078,876,2814,1217,2073,1447,68294,16318,3706,2449,52257,14338,1804,3439,2545,7953,3797,42301,4526,64811,20908,3893,4692,6460,15673,3498,24736,58279,211355,64513,79000,4554,5468,30466,10210,8983,8042,9818,5445,12871,8363,5351,31011,418232,19479,3455,3924,4196,31376,12366,11975,49943,16295,5524,34546,11379,6817,4757,3689,40157,80097,28584,7595,16450,69403,108123,34774,33365,10673,3274,18008,7980,26104,4580,19903,24085,50014,12653,9134,14822,22952,33296,11342,26947,27682,60243,18304,48521,20424,20001,24127,15179,24917,40342,44640,17968,72352,65438,23229,19059,29730,24002,24861,39725,18230,45699,39693,70627,26616,29276,32894,32295,34418,81385,27645,29163,59428,21377,24204,21202,23515,34960,24442,22851,10427,13313,5299,9877,10379,18285,6971,14336,24640,17604,5876,1942,13937,5541,3844,2094,5731,4051,5234,6163,7145,1962,5680,1593,651,793,1264,6445,7708,1824,2227,1156,2280,960,3097,608,1202,1581,715,1641,908,669,741,31848,2494,6773,2402,852,740,574,568,725,3942,1094,12194,2307,4188,1236,5766,3867,1786,3101,610,461,633,953,1812,2466,605,713,2020,827,574,579,629,995,631,1355,1096,544,658,1018,3963,5447,4580,1791,1014,881,2369,2394,2498,2144,2951,1170,995,1114,1421,835,1476,1046,1993,2289,4557,3382,3081,1313,1771,1321,2351,3537,2608,1836,2388,4233,2432,2285,2536,2914,1385,1945,1372,3404,3271,1847,1846,1673,914,887,1365,775,938,729,799,570,622,953,663,482,662,446,503,430,391,453,516,406,635,656,413,561,503,481,407,410,411,514,367,485,454,474,444,585,459,703,544,484,464,434,551,376,483,405,589,521,499,559,478,538,361,504,462,390,538,473,410,633,546,472,543,485,522,419,585,405,455,589,637,532,635,502,480,551,482,538,503,436,543,503,418,833,738,331,400,493,394,572,500,514,504,610,525,517,747,506,619,488,454,450,376,520,741,502,475,559,658,561,466,473,599,424,622,560,510,585,499,656,559,616,419,405,987,540,493,581,556,459,1015,524,442,464,459,769,468,574,474,503,572,560,603,423,575,727,579,490,524,756,547,549,733,371,602,484,495,553,572,656,724,505,472,422,538,631,523,488,546,539,441,442,613,505,385,507,745,552,657,509,425,532,589,423,474,651,493,562,509,471,522,709,464,654,490,534,472,539,394,809,540,638,628,410,464,521,477,497,450,525,536,530,443,399,389,386,474,447,518,448,514,527,492,397,429,414,513,481,419,410,387,590,371,477,444,401,560,435,479,346,386,454,397,412,469,520,374,474,308,378,361,426,373,386,385,406,445,368,423,360,451,482,519,341,389,526,389,399,436,461,452,377,377,364,391,239,359,331,401,326,400,439,413,640,303,307,405,549,319,365,318,448,316,387,461,409,534,405,373,358,367,342,321,385,346,389,348,333,306,387,324,353,317,381,416,379,381,352,329,397,408,366,382,492,358,340,326,299,362,403,356,405,347,557,240,395,333,419,356,365,355,311,411,290,399,414,441,374,362,495,365,346,419,380,415,403,377,392,353,302,318,342,353,328,272,354,367,308,338,244,359,344,349,296,322,363,497,396,384,392,275,390,304,304,271,267,317,295,410,336,354,367,316,281,293,312,481,324,318,340,330,424,331,269,326,391,444,353,305,314,369,253,300,359,316,299,328,322,270,362,185,346,384,287,282,366,328,426,337,342,306,445,346,244,256,366,406,363,318,349,231,312,407,347,285,539,226,411,281,293,311,425,322,438,329,312,241,327,365,415,238,340,259,267,319,305,341,263,466,294,237,299,327,228,261,273,274,291,272,381,177,223,239,300,296,241,354,220,241,305,294,289,229,263,314,264,233,441,356,360,209,368,368,333,221,213,304,231,359,285,411,354,183,248,252,304,297,374,156,261,195,226,294,310,304,213,293,292,202,440,336,316,212,198,160,274,303,269,289,246,200,213,350,246,226,234,167,323,199,362,177,258,297,352,239,291,272,340,230,171,236,196,193,277,262,213,224,157,343,220,344,283,285,222,283,174,275,244,163,218,200,328,231,204,147,249,204,329,187,
28.28,159,147,475,1550,33574,3200,288589,1381653,52409,4758,160,2423,20107,40293,3292,107495,50521,22816,1629,1471,9891,25552,19427,1763,184970,9757,229230,1619,4934,11266,42257,3895,41085,18208,10773,33390,187467,16380,14794,25333,2306,12868,9375,6933,1785,19398,9539,14877,56413,3855,49026,5113,10870,703,20291,5800,5792,21587,3361,7742,5201,2298,2615,3053,21278,105191,10020,3210,4035,2747,2294,774,3300,2720,6769,3113,13331,3274,2632,2303,611,1466,1867,3814,1199,9051,19957,4134,241647,3805,22534,1943,2029,460,7342,12020,18904,1351,933,1092,4500,1846,457,21806,12780,10173,1211,1566,1294,1189,1724,1696,5440,9054,2086,328,1604,1106,1309,407,1783,3573,126584,35108,2102,1233,650,715,529,2123,2086,3760,908,3766,11213,1009,1172,363,923,44815,6696,822,25852,17433,5974,1274,573,2979,1899,1923,771,38049,6270,6786,576,1373,3482,1506,9338,1892,4784,1726,827,718,4066,575,824,1001,2615,2504,3306,3020,588,7076,1109,48061,9766,1630,1553,2893,3383,933,3233,1587,1107,454,1770,1715,1622,3009,2210,2752,1275,1180,460,1592,2985,1337,508,4580,3237,1344,379,630,1124,1864,2082,1273,5170,19369,7280,1124,22203,773,1018,1260,1472,721,2033,1259,402,673,882,4256,847,1103,1073,1319,1243,883,1463,1113,3706,1183,2702,1409,75889,16288,4416,1805,76692,24900,1454,2656,3083,12164,5429,40487,4170,43419,15082,5208,4264,4371,27873,7253,10022,72734,28741,10338,48746,4021,7639,33553,11667,15280,10039,7071,6062,9254,7713,5974,38678,184555,10119,4978,3899,4698,19754,7153,9328,50922,14404,6403,41966,10344,4569,4216,4756,11933,13486,6509,8777,13369,26543,32737,12667,44080,15445,3450,11371,11523,27074,6147,20129,31905,22845,12937,11571,20721,27031,33708,11399,29518,33372,66792,20592,46526,26232,26977,27690,18245,24902,48178,42915,17892,60499,55954,24539,23766,33906,25538,20721,37252,21188,32480,32300,38172,17154,21494,29445,33659,26115,89115,30201,16796,17812,7710,17545,15687,24215,28887,15441,16793,6417,6511,3051,6852,6126,8718,3204,10063,12119,6375,4552,1393,5925,1634,1859,926,1729,1628,5324,3092,1789,998,6521,1309,661,560,951,3615,2900,1094,844,590,2036,630,1786,535,772,2128,606,1093,692,608,566,9015,407,8385,1972,1016,533,528,443,444,3633,1410,5806,1639,2588,1077,6410,4427,1658,3591,620,257,573,594,1845,1346,572,428,884,451,662,428,684,1312,761,1162,1026,400,667,2275,10097,8349,1928,576,898,895,1353,1013,2505,2064,2854,1223,649,1337,1305,548,1352,1186,1638,884,944,1610,880,1314,617,873,1242,3218,2525,1743,1415,3914,1329,1257,1081,1343,810,837,847,1180,788,910,720,556,517,413,653,468,246,428,406,741,412,599,468,632,705,337,438,406,431,562,425,308,392,400,391,489,352,331,349,288,495,355,443,448,408,474,455,486,390,327,385,450,403,383,402,375,387,365,378,524,292,1028,599,529,313,463,369,315,293,384,428,352,318,481,449,536,612,377,517,539,515,513,538,334,337,377,372,437,443,421,422,361,575,391,371,481,392,600,435,362,667,502,454,377,401,508,318,413,439,675,567,393,376,497,500,536,382,547,519,379,523,455,420,418,469,423,627,606,549,323,427,557,651,344,407,441,928,783,644,624,563,498,1027,588,674,539,389,618,578,689,461,680,408,667,475,575,473,487,478,461,643,440,632,449,518,558,652,582,261,406,347,514,366,593,323,433,402,659,496,429,662,391,512,371,521,368,355,437,339,431,543,450,748,538,640,517,399,453,446,554,417,446,466,562,343,560,357,507,412,505,496,497,589,411,447,499,306,466,362,300,300,425,590,345,338,387,318,373,466,357,450,395,430,336,576,470,341,324,394,390,302,287,501,286,426,350,322,346,380,250,224,371,378,344,389,231,292,375,382,355,312,260,355,380,344,413,363,301,314,400,295,324,351,342,440,353,369,251,348,439,343,320,395,447,373,235,387,297,275,286,466,265,286,294,321,301,345,390,237,231,363,267,319,298,330,336,291,453,341,289,338,345,272,228,363,264,350,397,263,223,242,302,194,284,254,339,368,350,310,280,318,268,194,338,171,378,277,377,272,319,236,246,316,248,344,333,226,224,349,336,294,241,203,274,161,399,349,332,263,247,319,338,391,333,298,436,304,198,455,328,286,297,340,363,223,341,198,249,260,373,256,298,283,160,262,286,365,294,269,211,235,264,319,236,233,495,217,308,227,245,298,217,173,276,307,384,390,212,229,236,329,237,334,311,154,214,270,307,560,292,232,272,298,286,283,296,254,265,260,337,216,435,365,204,206,456,407,328,164,257,251,258,270,200,176,184,236,206,293,230,252,300,246,220,203,239,229,380,219,426,142,274,267,367,129,86,263,223,234,407,323,247,246,298,154,170,226,187,152,251,338,430,235,307,351,225,233,288,178,278,186,223,233,181,245,241,187,140,312,257,376,191,279,179,250,224,259,217,185,239,231,192,250,294,239,249,172,117,220,324,190,250,249,198,213,143,239,183,160,206,222,195,193,422,382,283,295,228,205,235,289,353,243,249,262,188,209,169,213,199,215,225,117,202,102,135,197,110,293,134,280,129,141,180,253,237,118,166,145,326,185,207,156,161,298,167,167,286,186,146,96,230,287,87,120,247,114,174,142,244,150,176,184,131,112,200,71,134,119,138,152,
28.1,158,180,262,1884,35038,1564,230693,1474208,36501,5928,281,2091,20629,43253,3163,77300,59946,27952,2452,1721,8468,25405,19725,1843,131118,11780,176791,1796,5562,13638,37701,3575,39243,19579,12493,32426,129721,14598,14678,25627,2931,14268,11738,6654,2226,19477,8694,15997,59394,4144,29428,4705,12496,765,18657,8300,7152,25844,4007,13310,3395,2028,2439,3866,12360,74230,5664,2547,4313,4166,2923,768,4275,3562,5294,3559,8307,4518,3473,1754,727,2233,3130,5071,1702,8818,19447,4774,156712,3079,14975,1912,2189,641,6611,10813,18964,1256,1210,1218,3671,2503,751,23007,10793,8950,894,1963,1133,1189,2052,2173,4969,8614,2218,908,1789,1476,1319,482,1371,3270,106547,24827,2011,1517,1225,1112,569,1341,2265,4906,664,4760,11405,1486,1221,509,1165,33552,3787,995,24577,16966,4867,1110,677,3846,2966,2517,1465,36080,6018,7701,1076,2212,1342,2612,8423,1314,4923,2528,1079,660,5377,892,1211,1457,2654,2340,3818,2144,805,6523,1267,40673,6359,1697,2416,2823,3908,1379,3649,1867,821,504,1897,1876,1780,3521,1934,2382,1178,1208,487,1253,2911,1514,735,3918,3080,907,653,692,926,2870,2043,1172,2585,14100,4277,844,18329,1412,1363,2213,1089,1260,2286,1173,630,898,1354,6877,1778,1654,1120,1890,1449,1567,2053,2754,6964,1763,3912,2263,86931,21759,10547,3149,103770,29035,1898,11117,5456,31403,10224,37231,6960,30357,8138,8257,5387,4143,56963,16888,18714,65356,21107,5842,27663,4632,14831,31968,9312,43229,14804,6677,5905,8370,7552,7249,36354,84461,7144,6395,4018,6779,12628,5945,14243,50327,14099,8509,44972,11334,5062,5272,10871,7296,4464,6892,7262,14622,17285,16132,10633,60925,21546,6634,18711,22737,22876,7977,28471,51659,26781,20264,9190,42681,30598,33200,14105,32070,47921,74542,66637,45874,27419,33397,33711,25518,28518,43491,38253,17509,60319,44810,26288,30283,34861,27143,20044,42236,66610,27832,29118,33109,14254,17423,27719,34495,22340,83004,23247,15961,15586,6486,14822,12309,22480,23573,10963,9769,3925,6581,2456,5197,5789,6353,1556,5721,6811,3918,3048,1120,19680,7967,2777,1105,1381,5203,3540,2227,888,1277,9381,1844,634,502,507,4429,2479,1017,1112,790,1893,760,845,616,1019,1904,1481,711,948,434,424,2958,400,5838,1081,541,631,505,376,652,3719,1413,7469,2729,4421,1675,3831,3376,848,2387,514,363,519,841,3249,1477,534,546,705,568,621,887,1106,1929,645,627,903,689,495,4905,12535,10871,1888,744,894,742,895,1074,1596,1081,2661,805,689,1371,820,636,931,1128,822,1094,751,1351,1039,1240,928,1068,1340,3801,1699,1886,1159,1694,1226,1173,758,990,642,472,878,504,526,817,551,725,453,418,480,397,478,431,389,518,488,640,451,534,655,434,584,557,480,431,402,484,387,367,444,477,484,316,458,470,351,507,461,492,513,471,459,480,402,377,452,500,377,461,436,522,478,590,495,569,705,1108,617,375,465,445,494,514,594,434,386,660,624,445,460,453,366,474,482,445,628,478,366,487,560,588,468,404,503,720,526,428,511,435,466,638,411,454,484,422,576,396,583,500,563,458,528,471,501,463,595,629,416,465,387,952,577,471,352,476,796,464,482,454,538,820,561,571,517,627,545,852,812,476,509,621,901,756,414,638,546,568,659,626,1025,642,472,431,446,1100,517,468,573,530,589,547,570,539,495,518,700,495,439,860,577,463,445,624,527,556,545,499,436,450,693,538,645,643,529,601,624,517,579,488,670,685,491,509,441,520,571,444,518,418,494,685,433,627,535,401,471,703,443,455,632,470,535,418,561,417,449,406,486,418,453,532,561,687,655,598,383,546,344,561,499,383,471,404,302,346,423,357,413,450,502,499,495,429,278,328,475,318,428,398,366,348,392,290,346,558,412,498,389,459,337,329,446,317,340,419,428,378,533,364,440,413,331,457,377,280,506,280,367,354,478,405,427,407,315,366,277,425,312,359,373,390,407,438,473,530,345,297,300,529,405,300,434,394,287,611,353,402,488,354,446,333,405,376,336,425,340,251,337,405,606,244,288,333,411,379,472,251,346,412,284,411,271,430,353,452,366,357,424,366,306,320,360,292,371,311,313,418,284,329,290,286,306,295,270,399,381,368,394,287,435,275,296,422,504,310,389,277,325,366,294,280,421,299,251,325,309,411,327,344,470,286,362,219,379,277,250,377,311,303,346,376,413,306,386,345,278,340,358,345,379,371,307,277,370,273,261,241,238,400,249,300,250,279,337,371,371,315,297,340,214,303,318,315,398,361,388,301,309,407,344,327,213,312,263,298,338,185,215,393,390,324,279,231,350,239,317,279,304,329,330,249,463,442,351,439,401,279,229,271,238,357,259,346,319,286,292,360,228,327,266,271,209,283,214,306,256,406,391,332,266,189,209,391,263,228,236,233,269,226,325,274,322,278,252,296,266,190,195,251,323,236,359,230,257,227,250,275,181,378,296,259,175,134,252,325,226,254,305,332,226,284,250,280,217,217,206,255,278,240,278,245,318,238,182,248,231,167,236,263,292,385,236,259,238,168,258,371,173,442,241,282,188,275,244,316,304,277,258,234,351,203,195,172,386,208,243,298,210,133,287,172,221,296,294,235,216,321,214,207,235,150,157,251,357,139,201,288,249,291,280,173,329,297,229,220,214,299,243,168,303,250,262,178,202,145,102,
27.92,157,144,308,1064,31092,2795,116616,1466509,34630,5488,336,1872,19830,38794,2833,39502,44690,26079,1513,1265,9160,27381,17716,2655,55715,12872,144041,1752,4315,14253,36338,3759,45527,21347,8714,27784,58959,9484,14852,22880,2168,14540,10170,7941,1923,17113,7173,13982,52554,4217,10432,5217,11361,568,14811,6410,6577,17661,3372,12775,2676,1633,4378,4346,9417,34782,5043,2979,4015,4064,2960,677,3580,2895,4764,3218,6868,4430,3255,2098,402,2264,3372,5981,1787,9539,22100,4561,55587,2972,10472,1521,2044,673,7909,12202,18037,1798,1223,1203,3491,3135,749,14680,11749,7707,1540,1018,1537,1163,2424,1375,3280,6695,2690,432,1195,1426,863,518,1570,3012,38005,7328,1061,1432,904,1129,342,794,1564,3691,682,5078,10950,760,793,206,872,9091,2104,615,14263,12371,4323,600,685,3470,1989,2231,1186,20432,3899,8041,649,2322,720,3386,8294,1414,3528,1891,947,422,6747,521,618,1299,2029,2339,2466,1780,596,5438,674,8220,2373,1365,2102,2435,1864,893,2621,2839,832,386,1641,1718,1287,1671,1348,2012,1320,1162,475,1271,1869,2096,643,2516,2282,889,482,632,791,1531,1121,966,1775,3787,1637,431,3779,1113,1392,2266,702,2010,2432,1047,632,668,974,9429,2550,2015,1173,1222,1418,900,1654,2703,5375,1628,2946,2177,120195,27703,17164,3339,78618,21851,2073,23581,9684,31963,10152,14608,8043,9284,2878,8398,4115,3660,58986,16018,14217,47622,17631,4865,8373,3951,12883,13882,4922,59741,19482,4078,3400,7261,8118,4699,18046,12330,5610,10668,4516,5724,6617,4881,22737,21227,7730,9472,28252,10609,4367,6932,14837,13601,3239,9510,9314,13699,14229,17669,15385,56372,27565,8905,19746,29068,19172,10165,35429,54256,29236,25043,11314,48248,35591,32175,18025,33861,49068,69783,102712,46881,25969,39166,33677,25254,29150,34786,28884,15661,43606,30734,20275,29353,27631,22981,16360,35875,80591,23436,16294,35225,14533,15260,23153,22392,10217,32309,15158,17089,14586,5491,13758,6530,9829,9792,3186,4226,2716,13594,2389,2222,3643,1881,873,1505,2033,1118,1182,551,27139,10596,2870,1058,476,6937,719,884,470,851,7061,1242,580,413,727,3834,1332,357,462,625,1045,953,566,469,1144,732,2333,700,645,768,544,517,493,1763,591,513,546,371,357,478,1802,581,5240,1938,2935,943,1773,690,587,673,404,281,791,1151,1678,615,368,517,799,751,519,1221,1070,1008,575,507,574,515,464,3368,5721,3446,836,580,536,652,761,925,496,1069,810,843,700,679,482,641,592,827,680,362,404,795,811,492,427,735,607,2686,657,1385,631,383,591,718,360,372,403,304,485,332,403,616,378,217,469,398,455,329,492,388,546,495,385,509,381,792,437,418,374,223,280,326,458,375,510,364,477,327,422,339,455,390,401,390,476,308,436,550,456,316,514,295,503,397,496,344,369,450,236,347,424,418,746,1077,665,485,337,360,257,335,424,406,356,387,407,439,466,619,529,451,430,437,298,491,486,495,411,368,405,359,383,375,400,490,591,312,291,336,403,538,417,419,623,361,516,332,280,931,442,625,585,452,1682,534,434,377,610,1055,568,348,356,509,838,716,441,402,438,530,518,410,492,308,461,448,493,497,660,575,460,518,384,420,589,423,535,442,411,519,517,470,534,566,551,458,284,660,403,601,684,556,619,318,567,682,440,632,490,429,475,506,740,510,318,395,475,446,565,447,344,492,381,627,413,415,395,483,653,454,499,351,502,391,735,380,444,479,334,423,414,629,398,652,542,405,464,412,370,382,527,378,358,375,330,537,353,456,501,401,565,448,390,422,375,424,276,285,371,312,483,396,237,316,302,363,367,392,364,401,272,270,348,310,296,258,249,297,383,292,269,496,429,355,291,379,241,282,392,323,441,249,181,259,218,376,394,259,235,210,233,427,369,412,347,314,235,296,393,182,394,364,404,306,316,360,363,212,174,276,236,488,296,296,295,230,315,314,344,349,387,359,281,370,390,212,307,360,185,313,271,214,262,288,303,316,429,299,391,286,392,379,285,264,197,180,334,384,270,255,282,273,304,257,328,329,348,276,294,327,280,294,284,289,252,354,440,472,272,271,224,184,297,319,339,347,262,246,335,244,274,211,305,166,215,291,206,299,286,472,276,183,297,214,266,248,295,268,186,210,324,204,338,309,255,178,294,297,277,227,216,296,273,227,467,292,262,259,316,415,277,387,316,261,230,201,239,307,299,225,267,241,169,324,303,304,368,181,198,280,216,521,436,244,180,223,241,342,239,235,420,219,205,299,264,398,234,295,278,143,238,195,188,253,341,264,356,197,263,265,150,183,215,316,186,240,260,226,218,344,221,254,203,265,263,186,201,250,231,202,226,269,181,412,275,475,141,191,248,211,233,216,212,170,225,181,250,169,295,246,226,306,228,248,221,232,198,182,212,179,201,293,290,193,197,185,184,198,247,350,212,183,230,342,198,201,222,199,190,193,149,161,161,209,276,326,183,193,197,159,151,240,149,118,244,166,238,213,240,198,97,229,242,167,129,220,142,238,135,206,110,214,116,105,128,296,86,197,146,163,80,190,156,138,157,200,226,84,205,201,313,154,261,105,193,98,142,252,202,199,204,121,202,166,146,233,162,127,118,180,277,203,57,176,137,72,156,127,282,183,103,109,225,249,110,
27.74,156,436,438,2262,37787,1835,86471,1382636,36617,6366,307,1838,21924,40870,2332,41364,32120,20715,1879,2167,9648,28660,15739,1956,40817,12626,144311,2285,5998,16335,38483,3506,41562,22011,11080,25890,46495,10212,13894,24187,2110,13340,11291,7251,1900,15889,8787,15487,55633,4105,7226,4363,15774,762,15877,7029,6464,20112,3583,12746,4482,2319,4480,3875,16661,31202,5104,3234,4372,4343,2573,707,4138,3428,4077,3226,7182,2729,4205,2676,846,2090,2655,4140,1505,7916,16895,4426,32417,2963,7900,1253,2544,1282,6882,10997,16752,1659,1548,881,4002,1680,644,8105,11444,7750,1359,1303,1201,1490,1803,2599,5154,8567,2191,530,1207,1563,1008,478,1656,3159,15210,4749,890,1981,1100,782,671,1137,1704,3410,1002,4623,8380,1319,730,506,1726,4505,3899,691,9356,9958,4497,676,668,3041,1586,2690,2813,30015,5623,8615,874,2837,884,5416,8581,1021,3716,2018,965,629,6203,726,1184,1236,1971,2038,4739,1954,535,6128,1208,2781,628,1024,2130,2588,7687,2173,2181,1899,935,403,1464,1432,1700,3560,1820,2053,1562,1653,578,1428,2475,965,689,1955,3126,631,675,912,790,2322,2158,7985,4493,2943,782,582,1184,989,940,2282,1422,1282,4025,1312,3745,1679,1211,37069,10392,3256,1888,1472,1307,2773,2561,5325,6410,1901,3167,3790,394487,95259,31787,3928,50623,15909,2387,56285,14907,20612,9556,52772,8263,34100,2553,7314,8119,5014,54263,14892,12113,45124,14775,5384,5494,3502,10207,13531,4515,58649,21440,4881,3505,8623,9094,5301,17728,8663,6518,16967,6508,5944,7430,6881,41862,12431,8118,9822,27737,11086,4200,12409,18123,19468,5051,14797,10280,17949,26154,25138,23348,47594,45156,13418,26565,37828,21178,11967,43425,57766,42640,41438,16570,71383,38593,37233,19781,31717,49806,64471,136977,69813,29488,39562,30280,31586,30470,30614,27535,13859,33043,26729,17831,30392,22440,20424,15457,33030,86876,26468,21279,60389,18896,14959,20921,15635,7329,12864,13838,14431,13633,3592,19494,9337,7160,5410,1819,2266,3286,45849,6889,1746,5338,2447,810,764,1250,786,1181,839,27324,7464,2538,667,501,7397,839,899,713,767,4370,1206,589,440,679,1556,1242,723,608,580,1062,681,592,586,1236,587,2850,1623,1141,918,1028,523,437,817,652,415,454,421,388,452,1019,391,3207,1495,2152,859,636,426,732,414,536,451,2488,2946,1140,806,581,727,691,977,491,1258,1231,792,466,445,472,501,756,2053,1777,1634,535,456,661,528,609,559,608,1270,707,558,431,543,516,352,425,556,460,499,526,703,667,431,467,509,514,1369,500,951,447,417,854,498,452,393,506,599,375,396,464,666,467,435,378,607,530,467,518,365,502,593,381,370,617,481,415,396,412,330,458,437,436,544,357,420,421,424,431,463,366,450,349,466,604,782,452,541,639,325,448,463,598,412,440,364,422,399,463,510,572,456,625,715,530,429,520,402,411,606,470,595,516,478,458,583,424,497,478,597,630,511,456,666,490,447,557,440,447,493,549,729,672,419,387,474,556,661,388,538,656,445,565,555,537,449,411,1054,515,647,432,527,1229,628,599,407,405,1050,659,372,396,498,687,714,528,629,602,415,511,586,453,587,447,547,479,573,719,726,409,515,502,484,666,546,399,592,651,542,461,504,471,594,522,664,604,671,520,453,438,570,758,489,573,445,748,515,412,565,492,541,760,635,570,577,466,456,650,433,782,718,577,416,515,725,532,415,529,560,526,623,527,480,584,566,529,421,493,462,475,618,596,485,461,333,534,426,496,482,466,414,444,392,589,607,567,480,340,559,496,456,389,356,368,342,579,401,529,530,417,370,324,322,277,338,407,501,431,586,299,289,494,385,443,463,381,307,473,385,612,546,413,423,324,375,418,286,362,419,446,360,365,576,398,373,393,304,370,432,318,314,365,448,364,345,302,356,461,309,363,290,304,402,364,449,550,374,378,388,434,330,372,339,342,437,210,362,364,393,397,323,352,309,331,364,313,322,333,300,311,339,312,318,301,462,413,385,309,362,366,487,346,212,496,383,425,331,447,360,321,380,336,364,300,293,343,340,448,332,328,198,387,425,325,357,360,348,319,375,313,340,343,413,262,328,299,190,292,285,206,467,308,289,378,273,454,346,254,375,397,327,291,220,320,294,323,323,321,321,345,371,273,229,298,360,349,286,305,391,343,505,325,266,335,355,394,366,375,430,314,303,322,417,375,385,280,225,472,243,271,243,334,268,360,241,237,342,330,420,288,284,288,359,489,470,281,309,255,373,280,386,340,310,332,346,288,226,301,334,258,399,271,300,321,383,232,459,324,357,318,371,398,221,356,295,289,309,228,233,304,301,307,198,250,305,259,233,306,178,298,200,365,247,306,297,216,194,316,343,348,214,230,294,213,239,466,206,307,354,242,242,352,237,282,215,300,322,217,177,540,290,369,310,175,177,216,237,286,195,307,297,244,235,347,245,264,204,222,262,311,184,227,266,247,372,157,341,264,95,216,389,163,341,234,285,332,185,112,163,320,220,223,406,215,199,186,202,336,320,256,243,387,362,260,174,329,241,266,220,175,112,116,154,274,199,270,241,197,224,279,195,171,262,263,172,330,211,242,338,160,231,102,257,165,180,170,177,286,107,251,151,138,134,181,233,177,173,176,133,292,129,118,187,200,
27.57,155,79,167,1998,35194,1683,74475,1202997,29204,5429,189,1945,19786,42408,2751,30591,28660,10121,1304,2366,11733,26318,14580,1758,25428,13379,124106,1291,6446,15869,37394,3482,40085,20395,8048,23129,29758,15190,14599,24003,2889,11942,10617,9118,1831,11886,7967,15272,55946,3387,5177,3694,15347,704,10686,6803,6894,20771,3405,11676,2359,1064,6222,4041,33610,28696,5790,2205,5282,3701,3884,782,3462,3667,4727,3117,6222,2418,4529,2334,239,1875,3190,3888,1125,7627,15787,4525,14353,1669,10458,1134,1815,657,5476,9647,14988,1166,960,1025,4496,2189,612,6216,12729,5882,557,2087,918,1208,2037,2075,6263,7653,1487,632,945,930,915,290,1432,3465,6801,4796,619,1800,662,785,252,822,2176,4508,650,3801,9518,1971,782,465,1334,1747,5436,2106,4600,9741,5234,788,695,1339,1550,2067,1768,54949,9678,7965,487,1387,699,2996,9249,1302,3386,1652,614,451,6973,909,765,974,1894,1739,5402,1507,494,5278,1109,1842,658,1319,1757,2274,11502,3424,2777,1169,579,435,1421,1352,1881,5402,1672,1098,1215,666,516,1095,2420,1191,531,911,2898,1485,666,702,710,1621,1340,21422,6982,4242,1730,670,935,1030,1091,1316,1388,1722,3019,1618,7066,2767,1901,63958,15801,3590,2039,2137,1784,3591,3036,5173,5480,2545,3351,4451,751811,183158,45195,3257,10350,5082,3022,55166,17995,11797,4552,116566,10514,72687,4050,5624,14453,6390,19791,4846,4307,37207,11738,4846,3545,3162,4939,22817,3092,42684,13546,5554,3752,7002,6175,4934,16376,14523,8555,17730,6707,3188,9689,9049,50387,5436,7513,11154,16395,11071,4176,16029,21394,29079,9903,19446,11336,21985,29737,27001,28208,46806,54140,18058,30114,42399,22752,12204,45434,48524,35796,48090,17620,70447,30682,37238,19651,24091,37515,43386,129916,64768,24129,35591,23448,32008,24815,33618,26362,10848,24122,12557,14668,20900,10758,10811,16477,31280,44304,17620,22431,65963,15950,9865,9825,5276,3226,1726,8311,8513,5502,1843,14399,5773,2451,1399,771,4572,2415,60526,7730,815,4084,862,687,946,744,683,1179,696,14422,1919,638,435,488,3464,950,526,299,526,1476,532,385,387,473,1140,426,378,521,399,645,364,394,413,648,332,3187,1161,3018,2060,1693,371,282,393,389,441,454,299,392,311,398,448,993,388,423,529,542,330,434,457,392,284,2861,2266,949,499,328,419,734,990,494,696,815,501,435,318,530,424,447,493,611,412,483,398,348,399,345,310,437,686,476,313,394,452,439,336,289,396,532,432,358,285,752,352,526,486,470,493,327,365,399,359,624,676,357,567,318,511,305,406,432,489,416,373,458,465,348,441,307,365,431,267,247,367,577,391,371,403,454,351,305,427,328,400,384,435,433,437,436,360,340,509,405,479,432,1001,591,341,425,386,347,370,380,331,327,398,311,405,403,418,387,385,509,570,378,307,372,456,499,496,516,432,341,342,492,496,419,357,298,420,470,446,318,426,513,428,429,405,354,314,312,382,523,635,487,384,550,498,581,498,423,515,742,498,559,393,591,809,424,396,343,481,500,527,480,347,511,483,513,376,496,539,452,473,454,655,368,432,538,369,832,466,427,418,495,544,472,509,536,383,556,509,566,374,621,384,372,448,391,381,553,492,488,444,403,525,463,423,374,574,337,508,438,485,521,433,615,435,452,644,506,658,470,618,555,476,502,486,413,439,484,619,503,366,364,411,507,439,468,444,525,364,496,402,423,384,400,442,531,505,401,399,531,394,303,340,428,447,324,434,428,421,354,285,249,294,355,517,308,295,273,417,313,323,421,384,369,316,433,222,319,358,315,648,299,369,410,351,325,283,184,437,456,315,399,422,370,387,394,268,316,481,201,354,365,318,286,303,377,242,298,497,350,334,270,277,234,351,313,280,232,255,433,354,281,270,343,425,394,333,488,286,277,289,355,357,226,312,367,251,408,365,472,198,373,514,271,380,280,279,228,256,311,279,310,315,363,222,190,239,290,231,386,370,306,334,247,457,317,267,380,282,248,232,267,208,308,253,302,298,152,377,333,306,360,241,324,339,363,192,301,276,232,301,293,325,373,258,212,172,328,350,445,209,278,246,297,352,446,241,379,273,233,274,318,551,239,380,205,273,167,238,404,238,339,183,235,278,235,323,193,176,164,131,168,301,252,266,202,298,142,366,324,313,241,305,226,209,387,158,325,230,231,365,235,293,308,170,271,192,319,223,303,246,410,280,315,359,284,238,200,363,192,333,274,439,182,198,333,214,179,247,257,366,267,310,148,206,242,165,169,209,254,254,206,477,256,191,240,370,350,303,264,202,194,167,185,269,184,235,273,253,135,195,226,158,198,322,241,189,233,220,143,181,208,184,434,238,145,224,300,194,186,252,197,117,165,125,249,164,177,107,162,164,249,143,144,222,219,283,223,141,375,197,173,102,137,189,268,145,132,165,253,199,157,157,189,101,134,185,216,217,328,260,127,156,166,131,314,178,222,152,184,87,170,173,127,215,300,93,117,163,243,185,163,91,87,192,182,305,150,281,204,214,221,226,74,174,185,190,142,126,138,191,234,157,143,189,128,99,126,120,100,82,114,139,257,208,137,124,222,256,89,153,270,121,104,163,73,130,191,123,133,201,146,107,182,88,108,102,158,219,152,
27.39,154,264,221,2179,38622,2246,65963,1231885,28389,7656,128,1632,19724,42103,2892,28069,41211,8206,1851,2630,10227,28346,18123,2124,19093,9230,109995,2274,7362,16464,38324,3573,44759,22092,10590,24028,29217,23438,15188,20307,2780,14143,12410,7053,2296,12073,7223,15991,53129,3388,5680,2755,17858,844,11716,7571,5799,20637,3573,9422,3693,1937,4719,3210,51440,19418,5901,2158,10539,3943,4419,693,3478,3121,3824,3975,7623,2115,3703,2290,446,1861,3663,4237,1467,9056,18036,3106,9097,1683,13191,1762,1948,734,5948,10120,17407,1590,1056,1201,4602,2773,1001,9916,12203,7393,855,2610,819,1165,1457,1662,9860,6872,1834,798,1085,1294,1098,384,1606,3109,6134,3815,894,1607,1013,1227,602,847,2293,3379,943,4340,8694,1146,586,340,795,1640,6504,1345,4134,13805,4577,861,459,1264,2358,2187,962,72254,11859,6875,799,778,824,1924,6811,1112,3861,2739,865,443,7136,755,1068,1323,1910,2459,3366,1502,549,4990,933,1750,508,1695,1831,1916,16410,6187,5542,1015,859,406,1147,1715,2247,5697,1793,1460,1310,894,396,1094,2337,1299,764,816,2697,1011,405,422,1177,1431,1423,42395,13098,6024,1981,705,1347,874,984,1615,1766,1325,3002,1180,11953,3831,8057,84208,21143,4777,2319,1875,3932,5899,4302,4438,5386,3422,3089,4442,1173576,256404,52964,3305,4775,6526,2399,46008,12011,13184,4033,196871,15015,132998,7259,5071,17552,9143,8440,2997,4283,30436,9651,4196,4252,3052,5547,39207,2815,50002,8698,5179,3599,14196,3733,4174,13899,22699,12208,18149,8049,2945,17580,14644,43293,6040,6640,8788,15406,13434,5357,22395,27662,39105,13032,22397,14107,25524,37149,32916,38043,56141,64189,22747,32019,41897,26453,13231,40204,38022,36601,52958,19773,76571,28842,37815,18611,25062,34311,38695,106854,45445,19479,30809,15929,24609,24063,33357,21912,9091,33107,11166,12744,15096,7809,11318,14652,23259,22508,14313,20012,54978,13851,8878,6222,3181,2271,1417,4622,5328,5680,1451,12154,4633,2048,1524,733,9705,4201,56917,7773,860,2195,608,631,603,1849,565,893,585,6699,2114,432,530,409,2175,768,730,437,323,716,549,454,292,654,1398,396,487,428,405,478,484,524,442,985,483,1698,885,1845,1952,1724,366,318,316,445,255,368,537,442,328,337,356,677,430,449,550,661,475,381,447,370,435,1840,1301,556,375,569,696,584,717,383,575,352,629,302,491,488,633,604,331,369,443,449,518,377,360,280,376,428,711,526,397,355,471,538,408,364,413,447,348,435,283,407,186,570,370,492,263,456,402,287,434,310,342,499,395,445,321,361,374,525,377,444,315,361,375,349,398,494,426,313,376,292,315,401,392,370,464,461,357,359,399,322,422,322,299,350,264,420,504,337,340,500,435,524,385,547,367,421,470,392,631,251,471,287,587,329,353,357,417,587,430,628,403,450,553,397,502,495,372,374,409,447,291,339,440,538,394,332,347,383,400,471,527,416,647,456,431,314,529,388,539,617,374,419,550,880,701,508,411,569,510,762,397,306,572,419,596,486,389,280,537,607,390,529,498,470,407,397,542,670,308,517,508,730,379,421,422,579,428,648,511,339,472,492,593,381,370,721,395,408,468,481,387,720,810,438,368,332,629,462,630,437,390,367,490,529,772,430,475,523,439,439,490,384,473,518,320,391,479,434,519,525,613,514,475,340,505,459,440,490,529,554,592,548,477,360,571,441,620,517,433,487,347,527,332,359,429,372,296,329,458,383,405,401,315,393,385,348,417,233,267,318,329,312,446,287,343,322,279,276,301,247,263,247,392,435,289,292,545,433,194,399,308,283,339,384,487,238,428,313,301,350,311,373,294,362,282,221,250,396,288,227,263,406,254,267,290,312,317,294,393,224,347,352,255,313,354,364,230,274,295,353,324,300,260,402,300,260,336,302,281,234,424,243,288,407,377,286,291,367,350,237,224,303,243,233,263,235,326,311,215,213,185,341,362,309,288,327,244,247,224,298,310,406,330,529,293,342,306,255,241,337,346,257,377,365,430,223,301,264,202,223,303,250,219,338,303,279,192,206,386,365,166,261,237,397,372,269,180,262,390,323,453,338,235,351,330,316,237,309,221,343,367,228,155,156,232,263,273,351,400,424,311,240,357,308,336,238,202,335,226,394,323,223,293,168,297,499,173,241,198,244,256,192,343,261,234,193,254,288,212,262,289,203,464,275,290,190,249,268,314,241,219,253,228,218,260,413,288,221,295,204,350,436,208,218,431,259,188,193,161,286,193,265,173,304,192,185,250,184,246,180,310,192,175,195,148,259,232,103,177,260,211,146,220,239,246,337,282,275,352,204,415,118,220,267,210,201,224,202,172,224,351,330,342,179,285,205,171,170,142,89,167,146,105,194,217,159,144,218,289,384,238,139,182,217,114,203,140,248,183,118,382,197,197,158,135,240,252,185,277,113,113,88,318,265,220,129,176,198,127,136,189,99,187,153,188,219,149,145,236,180,284,230,126,162,261,188,219,164,207,127,286,113,85,229,93,210,150,300,163,152,265,238,185,214,145,203,138,203,182,134,146,185,238,150,197,174,60,104,312,194,152,202,213,79,237,230,142,127,163,162,242,204,197,127,91,56,135,143,119,70,150,65,258,211,204,210,100,172,232,177,
27.21,153,123,221,2413,35331,2013,59942,1233786,28710,6589,454,1657,21238,42106,3559,22416,58797,11700,1783,3537,10301,32467,16347,3191,13138,10824,113577,2736,8299,13554,38431,4492,41942,23427,11317,26086,20807,37118,15734,25684,3316,16019,12376,7176,2285,12379,9098,15490,57829,4046,5952,2943,16800,791,11151,9036,6207,23609,3023,10235,3070,1827,3607,3647,59048,11649,5962,2592,24872,3975,4117,813,4075,3473,5156,3652,21520,4029,4878,2272,805,3460,4372,7111,1766,8677,16376,4757,5873,1900,23573,2142,3502,635,7505,11189,19484,2188,1301,1642,5186,3355,664,13102,13849,8779,1213,1307,1289,1625,1799,1850,11318,7603,1940,498,1560,880,1206,633,1162,3768,8319,3082,710,2011,1015,1405,479,1715,2196,4155,941,3258,8840,946,863,522,2656,1646,6143,1955,5692,13639,4527,948,809,1275,2272,4299,1119,83822,13673,9396,629,950,795,1344,7410,1150,3949,2195,1138,485,8767,1235,1148,1218,2550,2213,2737,1723,597,4059,1340,1509,575,1713,1698,2561,22534,6374,5068,532,1030,812,1729,1831,2996,6963,2193,2189,1327,646,557,1190,2017,1477,1083,979,4922,1361,578,608,767,1297,1870,87352,24320,7425,2149,1331,2902,1181,1642,1801,3523,2025,6358,2211,12618,4319,118906,88237,22749,3995,3336,3387,9781,7372,5234,4502,11551,6454,5291,6838,1372414,309226,56288,8330,5364,5697,1989,24193,7850,11811,4205,258249,20310,180399,8973,5425,24797,10484,9556,3989,7101,18651,7227,5485,4258,3692,5934,54760,4847,56577,10195,5350,2886,33738,6317,4229,8098,26123,10015,15449,13112,6398,48390,30106,30563,5912,10669,12296,19107,19275,7205,42255,38162,68463,21270,45198,15151,27288,38554,36755,34629,75474,68673,26684,45538,51403,26422,15780,35955,33455,35509,53477,19909,65856,24979,37252,16364,28321,29617,85248,73576,27269,18986,22599,11871,19863,22640,30665,22757,9465,32259,9297,10525,9391,9398,6482,11429,19008,6651,9386,15593,32380,7964,5472,3240,2753,1865,1174,5852,5677,6736,1117,6365,1603,1524,2107,523,12975,3925,37358,6160,1265,1251,559,608,808,1729,648,886,723,2656,1058,614,576,445,1037,944,603,385,481,729,648,441,289,506,1179,616,612,621,406,510,430,427,464,768,383,1191,767,1969,1522,2150,599,489,586,437,345,460,392,452,439,395,396,639,537,430,478,604,386,338,497,345,575,438,833,461,491,577,495,566,520,499,410,322,1056,363,445,482,427,623,507,553,430,449,574,450,479,416,677,373,480,428,377,577,484,513,383,587,402,430,441,418,420,430,475,892,531,483,386,528,431,399,374,481,485,472,565,373,472,340,441,435,504,408,449,481,423,525,362,456,420,421,526,446,375,416,414,583,454,531,406,335,420,432,375,481,411,415,396,380,396,411,477,558,400,438,365,487,395,417,518,681,452,586,490,473,497,424,566,359,655,424,455,375,454,471,482,447,569,641,565,408,523,549,585,493,655,345,447,554,410,827,608,506,514,471,808,550,452,442,458,584,1103,569,484,430,590,665,648,713,525,598,528,594,436,605,531,439,614,585,506,433,441,535,541,930,814,408,597,547,481,876,656,516,632,460,837,426,768,652,564,720,602,687,769,519,567,531,415,613,610,518,488,561,558,767,667,511,555,556,502,575,631,677,636,613,561,495,740,665,721,540,560,566,462,431,769,630,522,672,724,632,551,500,621,451,496,536,623,455,431,436,379,512,475,393,487,553,535,467,350,475,483,439,479,383,515,425,289,363,348,328,380,322,396,505,349,417,483,509,282,309,384,386,331,331,353,442,469,384,446,431,557,519,389,570,384,346,367,286,547,405,426,378,289,315,311,282,296,374,361,327,393,453,364,347,492,623,352,460,368,307,364,273,274,472,296,295,433,300,299,247,391,391,306,355,317,343,385,406,355,266,243,369,450,307,510,306,383,382,287,247,422,361,558,336,355,452,289,346,249,289,358,446,280,309,412,351,360,305,308,388,399,287,393,386,390,521,369,485,408,383,337,353,319,227,312,255,374,374,265,357,309,306,351,326,290,362,276,378,373,228,295,414,453,344,434,322,285,403,404,475,405,340,250,381,280,331,340,325,423,328,282,352,235,362,339,316,276,266,328,387,211,412,420,287,513,307,229,477,295,415,371,298,342,225,253,294,246,361,417,374,261,249,337,351,345,248,273,295,191,356,365,278,232,270,260,272,321,318,424,304,351,255,275,425,314,389,265,245,288,254,197,245,245,230,186,213,324,329,347,271,301,303,288,338,289,223,335,273,234,276,269,311,153,343,326,335,297,317,203,259,203,269,293,285,172,228,256,233,252,307,207,200,319,192,145,277,355,231,311,316,216,230,230,196,165,202,202,249,335,237,193,260,336,208,305,199,174,225,281,200,284,222,244,156,158,228,157,301,235,201,207,157,250,244,214,323,201,190,356,176,245,315,267,222,264,303,280,264,268,177,118,320,177,232,215,286,311,184,229,285,470,180,219,280,228,194,191,133,246,252,365,105,184,212,277,265,156,190,230,233,177,204,144,182,250,240,157,285,144,141,227,242,114,191,265,147,325,222,179,183,184,254,215,93,189,219,144,161,222,206,180,296,183,197,286,248,267,231,163,182,135,229,222,167,263,134,183,208,177,177,181,182,166,168,103,157,133,250,153,227,150,198,
27.03,152,79,320,2152,33496,3979,54665,1207184,28854,6001,219,875,19958,42787,2373,21397,49084,9243,1590,1771,8756,28505,16386,3368,11313,8656,112723,1541,8736,15641,34908,3847,40413,19399,9233,22334,15846,43746,15050,18712,3203,14684,12620,8142,2364,11058,8707,17589,53349,4218,7258,2299,12165,556,8515,7006,6836,19093,3508,10623,2329,1619,2770,4048,49726,12145,6115,2204,36272,4194,2458,415,4702,3404,7357,4051,37001,3679,3450,2658,842,4251,4936,11027,2265,8303,17062,4507,3786,1527,23361,1676,5832,1569,5912,8343,20962,1784,988,1594,2911,4243,1198,8985,12306,7793,1349,1626,710,1651,1757,2221,8792,7766,2086,491,985,904,933,623,1152,3235,8778,3373,830,1422,779,881,540,1179,2103,3435,848,3579,10145,1039,1137,412,5652,1713,3641,959,5418,11665,5562,849,565,1208,1517,11321,2381,58137,10091,7556,779,763,655,1116,5901,604,2473,1877,757,489,7432,1040,747,607,1379,1811,2136,1227,524,3833,680,1717,583,1593,2471,2103,14035,4893,3234,812,754,273,1785,1681,3768,4184,1928,1755,1289,638,711,1367,1861,1318,752,1581,5693,865,929,655,893,1074,1793,78504,37201,6902,1674,1002,2826,1283,2093,1740,3692,1962,9105,2934,7535,2762,339461,88821,11419,4010,3650,3412,16366,10602,7871,4500,13579,4839,4837,5114,728739,160701,25688,22725,6553,3997,1651,10343,3864,7367,3842,207676,13986,130534,6889,6193,18104,8064,9036,3501,11136,15792,6352,6430,4940,3722,4776,53303,4977,35341,10293,5147,2866,43959,6789,4918,3788,16187,8098,13750,23082,8983,62206,41977,17321,7092,11005,12533,21142,25055,9073,55757,41183,88342,27350,60376,18012,24571,32231,35277,28503,77684,63294,26097,47139,56542,25571,14679,26407,28848,25771,38134,15055,47058,15683,29400,13033,25720,35668,96990,12098,10471,11409,12097,8423,8683,20962,21918,18319,5498,25240,6374,5089,5377,9380,6108,5075,5190,2047,10977,6838,6830,2373,3895,2230,2206,870,1131,6991,1796,7648,1522,1322,586,959,1657,511,5877,2166,8561,4257,1031,522,622,405,408,1320,510,605,835,871,533,434,378,347,789,550,407,428,510,782,552,393,443,331,646,367,329,387,369,487,383,307,422,597,411,265,310,362,697,1081,294,296,342,347,492,420,334,347,437,381,420,418,337,650,422,361,278,433,618,270,319,440,449,335,453,497,648,529,383,333,466,396,894,351,356,321,474,572,397,370,404,527,401,406,344,483,530,435,400,535,396,425,346,341,423,531,547,397,341,386,324,434,382,426,525,294,334,344,449,385,388,325,404,283,332,416,285,327,290,289,477,334,368,324,558,443,347,422,283,409,498,520,426,369,359,350,311,333,270,333,298,327,277,278,537,396,401,409,428,344,460,344,364,385,335,390,372,471,414,361,445,421,488,383,392,546,455,549,520,385,490,426,535,584,401,413,284,405,550,317,501,437,457,425,706,364,398,383,564,1215,494,442,376,380,1150,762,389,382,621,460,1119,385,336,608,277,766,464,520,400,401,397,454,430,402,412,336,351,512,568,543,360,351,523,746,959,384,411,401,376,692,585,359,453,667,789,639,415,557,344,569,555,408,669,496,360,396,309,513,488,444,475,559,488,462,470,485,579,555,553,556,697,683,655,580,421,467,660,441,580,436,458,463,534,357,336,516,371,413,479,448,366,315,376,406,475,335,343,345,478,375,385,334,393,300,306,378,372,363,311,388,369,339,368,330,436,335,257,338,215,385,376,355,278,403,405,308,471,318,242,344,352,365,252,260,354,373,257,423,431,266,395,365,328,310,214,214,229,372,400,291,263,313,275,348,400,381,277,266,267,311,277,273,454,403,199,244,227,309,178,300,364,255,350,302,386,223,291,189,344,348,394,216,350,355,246,269,346,442,385,265,422,236,390,288,340,266,373,311,427,238,251,437,288,287,383,195,203,327,206,313,181,299,262,361,238,351,339,203,323,242,316,341,290,284,306,219,246,215,279,328,216,321,222,427,265,286,274,221,303,237,300,332,285,274,357,172,306,268,238,299,198,207,272,308,256,275,190,296,243,407,252,214,280,292,321,248,244,320,195,241,353,133,246,253,224,279,286,346,253,205,227,273,288,239,208,359,166,235,207,254,301,243,204,191,220,271,427,160,235,287,264,227,458,363,259,263,206,284,175,167,202,171,193,298,172,358,245,162,279,279,203,390,249,334,213,213,165,190,181,227,230,253,148,197,355,304,264,302,325,280,172,211,236,164,259,182,217,200,187,220,187,212,220,227,247,305,174,247,265,134,165,244,327,300,196,257,189,218,205,173,197,225,244,153,306,199,226,251,131,201,116,143,263,190,265,135,142,125,399,266,182,184,352,336,246,285,239,219,119,224,181,201,338,380,201,184,128,253,251,95,136,108,199,195,172,178,265,207,167,234,106,191,213,197,138,189,73,192,165,129,315,259,109,305,201,310,216,122,67,231,175,116,124,177,140,195,166,318,173,108,169,149,188,133,135,181,168,242,89,194,107,138,89,330,183,157,132,77,359,196,232,105,101,117,98,162,248,231,199,118,96,81,115,61,123,98,197,196,127,128,129,144,177,77,212,173,92,151,260,150,72,99,52,90,120,107,112,183,151,62,73,125,127,117,102,66,281,97,63,89,63,163,
26.86,151,334,302,2970,32321,1839,76659,1199575,27640,5509,318,1799,21755,42830,2604,45158,42942,11815,1178,1961,10450,34500,15741,3999,15408,12476,115067,2037,11883,13196,40428,4116,41662,21869,9795,21214,14999,37945,16794,26490,2898,14689,22136,9854,1714,8694,9475,19347,60071,3927,8802,3508,12594,719,7342,8824,8881,21859,3353,12673,3171,2041,3032,5302,34213,79894,10365,2684,41574,3062,2897,758,6746,4693,10696,3986,60562,14020,3955,2681,875,4622,6332,13551,2466,9122,17826,4927,5840,1487,20292,3074,9710,1918,7150,10608,15654,2055,1685,2954,3362,7332,831,6484,13451,6384,1128,1967,1829,1942,1308,2618,5574,7743,2270,549,1228,1351,926,618,1226,3408,21380,4891,1221,1998,1001,937,407,1259,1947,4269,805,3986,10681,1306,1242,419,15431,1519,2941,1279,5127,11504,5159,851,554,1121,1687,36931,6610,34827,5746,8146,984,957,701,1154,6370,835,3288,2274,960,814,8409,911,880,1111,2423,2205,2726,2300,1457,4581,773,1516,523,1158,2325,2287,7684,2451,2412,584,712,454,1677,2509,6572,3444,1745,2053,979,721,620,1467,1383,1443,3223,1147,8199,1978,3934,1597,1147,1837,2568,55599,104647,15276,4539,1150,2978,1811,2510,2557,3860,4530,11587,5003,4434,2253,948439,241719,7102,12006,5940,5011,16022,13616,7968,5213,14546,4025,9031,4116,328646,75299,14136,55559,17589,4790,2262,14064,4653,5265,3827,122837,9193,68815,3707,5825,11594,8238,10817,3921,19658,36785,7910,12096,4687,3685,4656,38811,4449,16396,8456,8618,3474,45516,8636,6698,8606,9789,10397,21531,35198,11963,59060,62711,23791,8732,13205,14433,27606,42351,12648,76993,53869,118152,36679,72724,18931,26004,32413,34134,32554,72947,52964,25642,47438,57002,26331,12543,34567,26470,69039,28177,11641,32659,16697,25956,11071,25339,40010,84147,12106,7922,11954,9000,9210,3960,15719,13313,15926,4162,20265,5122,4774,3069,9562,5448,2602,3380,1151,11242,3140,3832,1151,11170,2253,1907,672,1123,5106,1235,8467,1643,544,432,1012,1567,495,1507,662,3279,1897,517,577,433,385,618,982,535,543,760,792,563,615,640,293,839,527,447,432,392,619,452,379,368,671,528,425,448,385,600,474,380,421,427,562,381,295,464,476,602,574,479,361,345,489,459,525,585,406,526,596,444,568,554,367,711,587,740,405,876,433,514,413,645,518,434,593,478,592,751,527,402,464,633,407,477,540,545,385,535,456,405,580,483,442,689,310,622,301,567,614,364,366,446,547,527,582,526,438,388,506,495,389,480,322,527,281,466,306,403,446,278,563,422,363,383,507,508,390,475,322,711,486,465,483,435,365,494,308,385,365,464,602,447,455,391,575,457,413,532,545,396,319,455,421,511,453,602,469,485,473,373,477,374,466,477,467,613,520,355,395,446,574,407,464,412,522,524,352,676,517,469,438,513,502,484,499,499,526,612,562,468,490,422,663,723,669,394,595,575,1030,872,458,521,450,844,733,454,504,573,485,682,691,334,625,460,662,502,568,497,408,543,467,458,607,453,374,491,535,720,754,643,421,659,544,738,597,588,487,459,587,505,693,496,551,516,709,699,554,541,578,527,544,815,579,600,679,625,756,714,526,620,540,558,698,691,804,457,521,527,689,613,608,600,555,526,496,612,461,454,450,603,813,506,516,509,441,461,472,505,461,414,451,639,300,409,563,346,446,409,370,366,221,324,334,428,411,523,446,423,350,306,393,373,341,382,381,374,501,375,353,371,333,381,446,347,419,453,438,502,492,334,428,372,362,330,359,326,372,348,344,386,326,518,491,281,409,324,428,318,395,393,348,263,316,385,401,296,239,363,369,329,288,401,423,371,354,331,387,357,421,266,318,364,329,394,274,399,281,389,320,270,291,313,443,251,341,309,311,400,400,306,362,326,357,269,353,324,261,278,395,387,308,323,384,380,508,406,301,267,345,369,268,333,357,297,365,317,290,334,268,298,309,341,344,331,376,231,285,298,293,340,372,408,307,430,278,336,352,367,495,318,360,281,281,343,372,379,272,275,391,327,239,300,457,304,319,310,280,223,295,324,318,249,358,223,225,354,324,309,255,323,298,346,341,292,243,324,469,405,206,337,330,343,277,510,219,429,208,319,218,243,235,252,280,288,312,281,345,323,304,259,321,285,322,337,158,312,286,191,457,296,276,261,369,353,363,235,253,436,297,302,233,150,171,238,475,203,183,364,273,277,262,251,326,341,234,181,297,282,170,224,204,221,257,259,257,188,178,306,219,300,215,340,235,198,367,215,346,192,172,308,233,270,301,317,177,311,319,293,251,298,350,233,281,179,281,382,358,312,245,276,365,199,277,157,241,316,166,280,171,322,148,201,199,238,173,194,236,185,205,255,191,170,290,314,292,103,382,104,193,201,204,434,157,195,230,237,197,203,180,179,130,280,279,157,120,382,273,303,288,284,136,243,97,380,265,315,206,217,353,185,147,311,268,311,168,368,177,349,161,205,126,160,210,212,184,303,145,252,175,163,141,230,195,236,192,314,107,138,176,113,96,179,121,235,130,127,146,169,277,192,189,169,308,224,134,229,157,250,249,90,104,97,117,87,160,110,171,186,136,211,134,319,304,197,113,108,209,150,184,168,113,77,156,148,234,137,215,145,108,200,112,
26.68,150,73,211,1309,35356,2960,95279,1149139,26274,4446,151,1130,20120,37827,2259,60047,15034,9831,962,1075,8924,31708,15390,2679,15305,9072,100211,1166,10712,13015,39620,4171,37190,16954,9649,24511,11395,17715,13919,25257,1951,12330,30811,6874,2237,8067,8631,15664,48348,3924,6249,2784,12422,557,6872,6959,7179,17527,2985,13533,2918,1152,2332,4243,8839,197202,19901,2049,19504,2203,4144,506,5132,4927,8436,5022,50065,22573,2976,1770,768,3158,4004,13482,1549,6408,13532,3995,3832,1239,10033,1652,7277,1477,5600,9071,12581,1309,1281,1873,3308,4775,893,3914,12254,5594,730,2116,1763,1644,2070,2010,3734,4743,1341,473,1051,990,929,424,1026,2485,23012,4035,924,1515,1016,735,364,984,1461,3226,683,2722,8324,735,2051,551,17391,1614,2497,600,5812,9483,2508,674,349,822,2044,55173,8788,9470,2555,7773,877,788,652,894,6582,900,2435,1839,943,557,8459,584,741,1059,1232,1138,2437,1501,418,4021,703,1173,533,807,1419,3001,3469,599,2117,844,436,785,951,1644,8578,2291,1384,1493,818,562,441,1018,1521,1321,1920,1133,8895,2363,4280,2295,1129,1812,4336,15803,145731,26861,7097,1433,1396,2915,4410,1916,2334,5837,8847,7155,2623,4059,942140,240099,4867,19292,6178,4357,7841,14984,6578,4117,9523,3079,8720,2623,26308,11837,4737,58405,16053,5095,2081,10093,4538,4656,2628,19445,4835,10559,3815,4405,7779,7519,7104,2943,18684,33822,9385,10471,3933,4137,4660,13241,3779,7679,10711,11504,4789,32847,9983,11294,12305,6629,13455,27487,46019,16830,47536,82931,30283,11560,16069,15955,26935,47527,17167,77326,65345,119943,37586,69896,18734,27572,37625,29410,30831,54765,33281,22755,39845,34130,25589,11270,40239,21223,98919,15843,7023,17718,15495,19400,7530,16669,36844,26716,7461,5076,13623,10321,5072,2217,7680,4220,7071,2440,5239,3421,2150,1740,5256,4536,875,961,644,5102,965,1203,877,15265,2408,922,612,773,883,582,4749,1112,523,753,743,1158,310,466,575,562,566,229,493,385,357,283,644,439,504,522,725,425,439,316,498,867,428,315,308,413,362,430,258,364,898,371,407,350,442,494,244,355,463,429,401,325,447,460,383,384,568,467,339,424,522,376,349,406,513,478,456,409,426,412,578,500,392,489,354,557,356,404,328,441,481,349,547,422,572,354,310,313,303,639,653,402,513,440,508,310,377,546,400,375,416,453,485,435,350,440,446,337,352,316,373,317,396,356,432,386,356,411,432,427,391,340,368,327,305,311,449,300,376,286,358,342,473,380,251,225,354,397,361,263,392,287,376,412,346,371,441,334,383,360,404,302,403,324,395,464,314,399,327,353,377,494,377,437,425,365,501,335,450,536,561,495,349,455,436,513,620,396,364,456,716,402,378,425,559,999,543,395,300,378,805,475,298,337,410,980,342,429,478,354,1001,518,478,457,452,503,391,797,451,420,391,447,699,344,611,418,335,387,365,595,547,315,455,377,549,424,392,467,432,1020,473,443,697,833,492,585,536,362,469,471,349,717,420,493,627,686,785,516,690,552,652,432,347,763,612,555,616,469,545,716,495,647,468,430,739,384,456,364,554,627,647,475,422,350,371,418,496,408,507,550,542,401,478,750,470,419,505,379,651,463,391,452,414,326,356,580,350,343,239,331,512,345,252,298,398,261,259,277,431,278,379,408,342,330,311,341,369,289,359,328,440,221,505,343,389,261,400,459,210,247,347,281,483,355,400,342,276,258,263,334,260,333,355,404,334,397,202,405,314,214,165,232,365,212,298,192,355,248,494,271,339,268,494,331,319,243,288,298,346,266,411,266,287,177,175,376,287,257,366,162,352,182,341,359,309,235,320,314,460,246,211,248,267,294,409,250,215,247,278,274,305,319,228,361,268,349,343,297,349,363,331,223,292,253,334,310,220,252,318,198,339,326,166,248,295,201,238,260,329,346,251,240,241,238,157,465,255,356,156,219,345,484,375,410,166,248,309,293,201,150,398,509,169,245,317,240,188,297,226,154,307,352,230,270,192,371,277,213,241,249,283,250,260,288,265,359,214,271,271,266,265,137,112,210,166,264,184,344,266,238,375,155,139,224,147,302,183,192,264,253,308,229,211,451,220,311,207,276,160,168,187,218,301,252,193,163,272,346,195,266,344,154,261,118,150,321,185,273,170,174,188,168,304,237,271,223,128,305,203,204,205,128,220,237,241,327,207,186,190,242,91,245,125,349,219,241,179,211,256,99,174,270,229,179,195,195,171,338,188,176,314,247,175,215,258,208,105,179,149,184,315,97,153,162,230,206,173,157,189,156,321,235,188,144,244,186,120,188,60,100,361,77,169,218,83,145,143,154,157,150,197,227,117,161,95,169,156,206,114,94,193,177,259,126,167,139,139,73,189,247,136,78,18,157,129,121,63,147,121,200,158,203,295,87,164,110,110,195,273,163,50,124,209,367,204,61,205,203,68,84,183,155,155,162,131,181,128,90,130,138,71,206,128,312,146,87,109,230,50,161,191,175,238,129,130,122,126,150,64,99,183,108,127,239,254,172,234,164,123,90,98,131,205,152,41,133,166,94,223,67,121,93,144,73,195,105,106,123,65,69,54,231,264,178,125,103,123,28,276,
26.5,149,145,305,1953,35984,2083,159386,1147110,29463,5221,184,7398,22381,36889,3619,98473,10578,8303,1217,1774,9275,30473,15101,2504,15351,11869,101093,1573,10544,14643,41432,4298,37161,18236,9942,23999,12562,12405,13873,25607,3156,15110,31640,6999,2058,6587,10923,21874,48045,4050,6350,3148,13782,585,6605,10250,8046,17581,3587,20289,2526,2867,2947,4452,13321,643909,61133,2109,7223,3554,3747,947,6283,5955,7659,3899,35980,27139,4400,2544,473,3134,3664,10490,1552,9058,14916,4844,4599,1443,8463,1894,5011,1483,7236,9460,13974,1901,1476,2373,2938,3478,1206,4829,13482,7524,663,1538,1595,2997,1639,1831,3151,6477,1584,527,1189,864,1510,668,1172,3431,16620,4185,847,1562,770,1124,695,1335,2026,3453,686,3032,10834,1319,4330,1187,15021,2372,2339,807,5949,12052,3673,729,555,1269,1728,47675,9004,8142,5010,7000,789,1102,855,1505,9875,1072,3084,2115,902,940,9850,911,875,1199,2205,1665,2136,2136,442,5225,833,1428,438,1255,1799,2510,11458,2676,3138,639,979,666,1626,2069,16887,5211,2739,3228,1314,675,632,1578,1596,3405,2765,1036,10399,2330,9566,3862,1546,1931,11115,7543,238126,44819,12689,1144,1374,3927,5234,2172,3684,11244,8601,10419,2747,7853,687280,161260,3709,22008,7051,6868,5934,14388,4569,5285,6014,4133,6695,2873,12488,15653,4888,43978,13529,5877,3569,9635,4545,9941,4078,12031,4977,7836,3470,4307,6561,6417,6748,2892,22016,21796,11488,7961,7593,7122,8217,9717,4990,12033,15223,25216,8979,31690,22627,18437,17155,9984,16373,38600,50509,17777,83379,101880,35752,23177,25946,21476,25426,50368,20748,71523,67413,107583,33994,50180,24114,34572,34389,24160,29072,45339,21319,14941,31454,22941,26665,10040,43507,19455,105794,11668,4585,44988,12531,14555,5815,14372,25006,14712,10560,2880,15416,20464,6507,4087,4916,4053,4039,4101,2332,2545,3355,3070,6666,2699,941,2347,845,1644,763,1893,1729,14309,2249,918,628,1174,795,612,2798,933,467,635,681,809,553,697,736,550,417,391,440,394,462,643,538,584,490,1179,564,477,434,354,374,537,440,385,443,470,698,450,439,487,1254,624,488,331,394,822,650,390,408,513,395,522,441,488,477,381,559,597,493,402,719,444,439,385,421,474,607,409,600,465,586,518,484,466,536,639,492,576,528,818,561,423,596,463,970,440,435,375,505,484,386,494,348,402,669,362,383,309,373,655,312,385,538,468,610,492,412,475,436,544,345,443,392,648,482,512,526,424,287,501,376,435,412,409,580,388,479,334,378,429,374,423,463,439,366,454,524,573,516,439,575,501,396,450,436,380,355,575,560,415,455,364,582,499,459,430,654,558,506,322,388,513,484,398,495,396,524,417,482,583,499,364,560,445,1098,623,540,579,512,550,1312,516,427,700,446,1431,500,485,449,637,1261,845,437,660,365,1109,505,550,475,450,560,492,874,426,623,775,605,763,404,610,446,535,545,549,798,670,423,463,557,723,690,497,671,556,842,785,501,625,618,464,689,561,783,785,747,663,529,669,770,757,583,632,604,648,913,435,523,731,720,733,575,761,443,655,665,739,630,599,555,775,649,653,593,457,635,646,451,375,426,585,552,522,639,494,638,618,489,388,522,369,370,590,376,479,460,315,385,422,358,412,325,381,548,454,479,383,547,386,320,486,300,407,390,417,502,348,375,410,476,349,429,267,451,357,512,401,411,403,357,380,437,297,417,428,378,355,351,263,429,249,314,574,365,367,324,401,314,281,388,356,553,380,381,449,427,361,348,365,374,459,462,379,270,463,365,454,425,479,336,308,340,335,343,441,399,307,296,360,324,375,320,365,334,414,394,397,326,259,450,292,346,326,366,331,291,289,521,409,446,278,253,261,282,387,296,287,328,304,348,248,481,360,426,271,273,307,371,229,325,336,304,200,553,321,252,295,377,443,353,224,348,268,336,344,327,290,304,391,302,366,261,422,280,324,586,285,362,268,300,504,354,347,442,468,265,318,432,237,473,242,292,344,189,296,367,253,334,292,365,275,412,378,292,224,296,336,326,308,400,279,222,204,212,238,296,172,334,232,351,355,432,294,321,301,227,282,305,329,283,244,303,271,180,262,349,388,405,295,286,179,434,190,206,340,407,274,302,317,148,288,289,298,294,252,282,306,223,245,244,267,219,254,334,229,404,389,239,268,345,249,206,276,177,299,274,377,208,241,297,304,278,321,409,255,267,228,331,225,395,148,203,217,267,179,197,164,216,350,196,242,247,246,259,237,257,230,274,231,276,226,258,309,230,263,303,169,218,200,229,223,193,234,332,177,263,244,152,317,210,255,252,279,250,157,230,183,156,262,238,249,265,199,299,116,310,193,251,161,317,147,277,202,191,258,106,300,247,256,208,271,184,205,263,230,111,215,190,102,264,268,164,260,291,266,202,234,135,139,142,239,162,134,201,130,170,205,208,150,158,140,346,136,134,226,160,215,194,337,259,257,110,155,162,193,153,182,117,251,199,169,108,233,181,194,97,190,194,214,347,194,164,204,88,198,112,193,234,206,108,47,188,142,191,190,144,179,190,99,177,145,159,185,201,109,94,113,76,334,135,58,113,165,111,282,278,140,199,72,111,188,104,148,238,182,303,156,186,180,131,
26.32,148,209,165,2301,37266,2424,185030,1175376,27157,4629,157,8154,24314,37919,2424,102692,11802,9342,1001,2501,10324,31857,16609,1720,12575,11206,95452,1721,10978,15491,42018,4532,41051,18076,12502,22973,7977,11645,18506,26980,3100,13853,18201,6249,2328,5963,12188,20318,44248,3837,5803,2021,13780,913,6019,10740,9678,16597,3364,18654,2884,1580,2757,5421,16352,774862,73744,2905,4455,4097,3214,603,6197,7500,4436,2254,13858,13876,4190,2469,977,3080,3802,5765,1992,8489,14811,5028,3166,1015,7990,1345,2471,704,4947,8778,11576,775,1633,1516,2548,2640,758,3486,11593,6792,1144,2464,1491,4729,1566,1348,2175,8286,2267,459,1549,893,1361,500,1825,2443,6704,3594,813,2451,885,1012,585,1274,2044,3099,797,3276,11006,646,3830,753,3381,1550,2795,595,3333,10794,3142,788,653,615,2537,17091,2767,8067,2526,8107,1055,1055,594,855,7993,1767,3838,1352,687,840,9506,894,1107,809,1385,1731,2296,1538,372,4941,617,1024,791,1171,2982,2034,18512,5055,2870,496,695,572,1427,1788,21315,10524,2863,4358,1350,741,796,974,1479,7371,3106,1667,7553,1636,8367,3494,1373,1910,14900,5966,273902,33392,10127,1445,1213,4530,5585,2791,5612,16203,7809,5185,2133,8791,110546,26365,3654,8321,6519,6882,2118,5405,2973,4407,5744,3753,3492,3386,10829,11280,5233,10771,16931,7555,3421,9011,3370,14969,3281,12028,3688,11731,5014,4976,4301,5435,5124,3434,12116,8607,7852,4657,8892,9810,12056,12141,5388,13328,19955,38191,11005,39311,28220,20823,25990,12099,15887,41023,41869,18341,86146,92999,31772,32322,32814,22075,20235,46527,29424,49178,54996,61836,22169,22951,25880,33474,21673,21977,23824,20805,12046,7717,14436,13787,24815,7736,30439,18688,52127,7417,2360,75382,7281,5110,5373,9411,9211,2808,11299,3100,9572,20559,11947,5898,3078,6967,3571,4217,1586,1514,4024,3602,4010,1435,915,2612,1222,552,672,1300,2066,2053,975,967,518,997,510,478,499,699,398,777,399,679,632,684,595,752,366,296,327,217,435,460,617,444,415,997,464,456,468,395,320,785,541,324,448,301,426,423,338,270,829,676,571,360,296,396,195,379,357,380,458,313,416,507,377,443,340,346,362,381,362,547,439,401,256,378,489,705,365,279,547,569,290,430,324,416,426,502,479,804,321,434,331,491,655,253,429,389,466,587,413,350,382,276,455,386,458,302,313,341,275,332,264,341,398,295,412,392,337,369,264,371,404,471,419,405,450,390,192,339,431,618,319,321,404,565,293,251,608,378,503,370,434,402,328,310,515,373,535,471,400,435,305,418,405,541,445,607,520,450,483,594,428,397,358,296,448,338,549,533,429,533,539,484,419,379,466,437,431,565,354,498,450,452,715,747,438,369,433,371,618,341,401,477,538,1234,368,413,510,359,729,852,493,447,681,544,419,435,640,584,431,373,470,796,464,481,589,465,350,545,457,490,801,452,729,472,460,572,481,713,683,439,452,374,452,636,584,466,591,539,397,444,637,676,412,405,618,726,804,428,657,433,453,686,763,548,594,714,520,449,341,514,435,629,462,419,487,524,275,581,467,434,364,317,326,376,425,558,341,417,502,476,338,462,371,283,335,533,584,245,561,423,335,601,345,365,403,365,338,393,354,364,414,514,346,354,382,352,438,318,264,372,351,309,352,420,478,341,295,379,243,286,438,316,439,366,173,339,321,278,283,284,383,305,307,258,293,327,349,462,274,235,344,318,450,316,363,250,210,222,298,237,300,352,205,209,187,230,270,210,343,326,300,396,230,168,360,261,310,510,200,265,443,317,276,315,278,392,183,154,313,337,313,242,290,239,395,327,256,208,247,226,274,282,269,223,239,245,369,287,214,343,399,189,213,262,375,218,397,394,344,208,239,378,217,337,226,319,225,267,341,256,279,279,264,179,354,291,220,281,344,281,186,450,303,213,269,293,396,214,267,321,245,255,285,254,210,292,259,264,208,265,171,314,269,301,301,268,251,206,284,248,223,361,318,257,345,256,366,156,279,357,205,248,351,199,229,206,279,409,318,402,294,237,264,238,370,300,383,243,206,214,197,180,333,228,289,354,173,259,189,210,266,199,344,250,190,192,374,233,357,165,267,133,128,205,149,241,157,240,233,281,229,246,260,333,238,283,195,276,166,128,183,202,180,205,199,236,117,268,238,220,197,328,153,170,235,390,271,227,233,188,87,152,218,138,134,218,179,146,276,257,180,212,130,236,207,176,245,244,241,144,277,223,131,121,155,136,272,216,146,159,169,131,185,141,220,202,226,180,254,241,191,106,146,174,243,208,160,235,158,204,62,63,159,320,267,230,136,131,221,68,104,156,134,49,84,140,219,99,208,128,132,144,196,231,152,136,188,185,287,115,90,173,84,151,166,150,179,141,154,179,248,155,144,199,266,182,110,117,65,93,219,134,139,136,115,104,93,130,312,43,158,137,188,86,74,58,144,144,82,176,129,147,147,263,147,225,80,87,187,30,94,69,139,103,64,116,158,70,253,81,264,134,80,131,219,210,138,68,161,62,119,290,217,140,217,121,107,118,67,134,46,38,59,59,39,88,211,189,75,65,65,115,114,89,81,99,81,29,84,55,66,25,54,182,105,207,129,
26.14,147,94,238,2574,41201,2853,175598,1142429,28025,5194,202,9019,23987,41854,3446,79323,11093,10305,753,1927,12500,34898,18429,3798,10432,9544,103212,2321,14599,19240,49599,4456,39089,21432,18697,19862,11499,14176,21860,35805,3396,15458,12761,9009,2235,4173,19722,19475,43560,3501,5991,2946,15274,442,6210,14681,10873,15897,3623,13246,4559,2416,3344,5442,26594,625987,59161,3030,3292,3488,3716,779,7342,11483,4588,4420,8150,7627,4208,2953,934,3332,5603,4157,1446,6779,15015,4805,3636,2952,5840,2522,2027,1049,6049,8128,12881,1583,1415,2266,5296,2436,753,3209,10471,6054,1048,4133,2553,7443,2151,1689,3402,6893,2383,586,988,1361,1179,415,1520,2909,6953,4062,852,2631,1209,913,586,1036,1882,3630,755,2280,8022,1456,2971,2003,3651,1677,2939,670,4358,10634,3779,822,617,981,1720,8090,1501,13205,2992,9979,707,1042,699,1233,10908,1671,2919,1667,1176,791,9230,771,634,1884,2047,1955,2459,1438,849,6477,933,1468,1217,1631,4675,2094,21150,6067,2322,680,1246,621,3135,2053,36231,16991,4289,4756,1526,908,813,2339,2208,30299,5580,4510,7085,2990,6410,2771,1897,2790,14461,9137,302669,23543,50582,3010,2971,6174,4537,2907,5948,73069,9318,5212,2419,9616,25586,8216,5371,7110,7092,6647,2766,3692,3779,5025,5855,3030,3971,3217,7485,14728,4667,6100,19657,8900,3243,9700,4777,19625,3139,11994,4121,11228,6071,4087,5933,6124,7382,4444,12698,14727,14250,6600,17109,27711,24528,16941,9216,20039,25928,62286,18227,42406,36753,32390,32113,19670,17803,38646,35759,17327,85548,85064,29893,37349,33572,25128,19720,36936,78754,36704,40382,43587,14783,16238,29314,30672,15656,21697,22805,23482,10071,6059,10365,10510,22387,7502,23656,12589,21349,4490,2375,86315,6402,6844,17479,5292,4245,4000,10075,2423,10179,17254,11674,5748,3369,13693,14196,7320,2108,831,4687,2713,2128,2208,2020,2763,910,485,782,1424,1335,714,567,829,933,588,424,525,420,918,424,635,699,578,381,449,467,517,476,361,453,621,392,490,541,521,521,991,721,797,432,505,399,863,714,553,309,350,610,473,444,386,459,841,506,474,370,655,670,425,397,494,426,349,635,495,578,475,687,603,342,406,526,435,461,364,739,451,440,383,529,472,504,533,388,435,392,449,557,390,397,484,343,524,377,459,698,386,537,381,378,450,410,363,467,434,645,431,417,414,429,519,481,528,443,366,523,509,488,500,414,589,452,385,461,371,459,471,387,407,413,501,343,513,455,469,286,428,383,404,341,492,353,647,359,449,376,342,455,569,683,662,334,463,464,299,412,527,529,532,398,392,318,322,484,432,503,514,522,388,398,502,603,456,487,721,554,627,455,487,554,552,631,495,445,382,520,535,527,518,517,326,617,520,642,422,549,911,513,482,559,536,384,535,459,798,452,670,548,445,888,387,388,580,553,882,717,667,618,595,693,545,589,619,499,890,483,726,581,747,574,578,568,718,854,554,677,560,578,899,670,634,596,821,956,742,634,735,754,630,676,677,713,580,681,803,476,844,530,680,394,479,330,1127,447,447,403,481,457,320,408,472,459,587,601,520,463,335,379,440,395,398,471,395,436,393,549,421,418,439,522,393,381,451,421,383,423,462,315,377,401,398,341,397,382,322,409,453,550,454,315,300,449,401,390,501,320,347,377,299,306,318,284,254,414,385,580,382,337,403,409,404,279,295,414,383,376,343,317,424,513,303,399,290,365,406,392,419,282,357,334,313,444,382,396,322,425,340,268,348,414,335,305,291,303,368,404,523,478,333,327,294,307,301,304,367,356,571,307,236,326,239,381,366,281,453,287,307,333,305,376,337,403,471,323,510,305,327,246,345,298,276,417,261,403,313,276,337,315,408,276,232,227,264,374,272,403,201,353,296,359,430,286,310,283,304,325,407,491,443,355,269,368,314,415,365,225,310,293,264,439,340,323,323,246,317,330,347,229,311,243,420,405,238,235,321,355,267,317,369,321,253,406,297,257,334,307,385,263,216,383,269,445,447,283,282,278,235,355,293,290,280,281,267,254,340,309,343,297,454,294,265,435,308,377,281,325,277,363,341,326,277,207,213,294,354,274,185,210,361,272,312,224,242,262,333,321,275,230,320,342,216,214,249,288,220,193,371,251,240,219,288,187,256,243,190,215,267,322,152,241,281,208,181,221,283,193,250,394,163,332,301,188,247,207,258,288,314,336,237,275,279,281,282,117,165,212,203,177,378,501,270,260,182,168,264,206,263,241,162,183,219,164,209,332,229,260,260,275,340,116,225,158,279,224,275,226,176,191,149,205,150,369,299,144,140,150,144,263,218,296,215,164,176,184,182,229,139,270,176,185,151,132,213,204,201,136,165,155,98,95,203,172,194,221,150,122,177,161,169,176,137,162,226,162,210,180,212,113,175,134,242,117,256,142,277,224,119,250,88,156,145,120,147,191,163,40,113,210,115,168,76,188,141,222,167,132,156,205,271,263,258,295,132,221,198,175,222,144,205,101,101,154,113,80,166,134,245,104,107,220,159,151,107,255,154,172,226,136,82,184,214,228,110,299,154,109,155,160,163,272,140,69,115,276,101,165,215,73,218,145,132,91,74,156,63,168,157,256,128,82,
25.97,146,48,131,2650,43191,2716,79963,1064517,25476,4551,253,3544,27638,43122,3840,28394,12440,8111,1374,2335,13984,41834,18755,2177,7033,8381,94949,2124,13351,17135,51039,4684,36860,22144,17405,18522,9181,16991,23350,37904,2987,14067,11017,9820,2828,4200,17966,19597,44230,2361,5280,2589,15095,442,8224,16456,15275,15525,2038,5982,3547,1383,4844,6950,28345,141355,11636,2575,3648,2661,3735,581,7662,13715,4266,3821,6348,1969,3923,2405,656,5396,5783,3497,1545,6473,11804,4335,4046,3032,5544,1921,1514,750,5590,7882,13280,802,1111,3622,3657,2409,737,3530,10873,5620,859,2867,2535,8571,2804,2012,3344,6241,1100,387,1178,1364,1185,896,1366,3076,5855,2426,1139,4053,933,759,461,1084,1035,2865,397,2665,6915,1060,1522,1671,2955,923,2036,468,2694,9745,3235,620,728,796,1769,1686,457,10849,2294,8856,596,833,813,1381,8934,899,2746,1717,756,915,7805,813,767,1539,1001,1741,1662,1148,582,5182,650,1410,694,1324,5013,2116,14086,3852,2983,530,2044,735,3813,1413,49539,12907,3802,4706,1759,1091,859,2057,1902,45899,4958,7108,8283,2191,2412,1762,3084,2066,10530,8549,313231,21175,82941,4501,2388,3939,2692,2773,4048,108492,13081,3499,1308,6776,4559,3003,4090,11938,6907,6618,3032,1992,3065,5300,4310,2491,2650,3156,3737,18460,7560,4229,14267,6862,3043,5538,3945,12104,4356,9630,7269,7496,6265,3840,7662,5706,10124,4271,12344,19656,21497,9405,22770,46690,33404,15785,8831,21320,31817,68295,21237,48890,36559,39165,32067,22567,19926,31123,32724,16359,55950,41473,23019,37829,30998,21468,18167,33166,98763,33673,18064,12791,7833,12110,24236,18154,12024,12334,22227,18393,5965,2621,5297,7004,8879,3240,6042,3105,4300,2622,1280,45703,2759,4179,31653,3750,4075,4126,6323,1738,8382,4973,5118,3342,1031,12957,12017,8530,1228,591,3262,1177,381,1453,885,1834,1359,526,439,423,1035,317,585,421,520,491,378,388,429,1052,295,325,726,1195,274,478,324,354,487,413,325,520,230,457,433,530,333,764,580,690,460,305,399,888,533,526,476,280,403,591,418,466,318,560,487,377,364,509,504,349,435,622,436,345,483,393,580,260,426,354,426,397,427,419,475,342,591,440,287,380,525,479,493,286,489,373,308,270,512,412,264,400,308,402,349,553,890,370,278,445,262,414,542,446,527,278,538,352,308,387,386,309,443,440,319,395,478,364,314,482,337,387,427,353,428,423,360,421,307,304,287,435,334,486,301,372,278,394,450,306,456,339,296,363,447,358,417,446,403,476,380,341,503,422,398,336,330,367,302,478,364,333,347,325,439,610,446,422,422,424,585,635,396,479,338,343,611,400,289,426,469,700,385,357,627,476,709,356,429,343,430,505,392,433,470,494,406,843,499,679,645,527,318,388,396,911,495,452,543,429,1116,388,572,450,438,552,464,477,678,490,460,391,386,569,679,480,447,474,478,540,536,497,518,357,518,491,546,563,448,659,585,482,649,414,454,508,553,841,665,371,545,552,427,656,469,364,555,356,443,363,360,310,530,444,423,384,291,477,282,431,390,454,453,356,426,361,337,345,356,247,217,338,369,326,364,298,320,296,246,287,289,476,294,410,293,548,386,403,251,209,344,379,373,482,428,303,362,271,401,390,240,252,291,331,379,208,405,244,357,238,339,190,397,353,265,382,241,271,358,321,249,295,420,201,268,261,413,289,256,420,327,270,274,178,237,323,396,425,264,188,250,276,160,230,252,252,347,254,278,214,328,307,247,250,303,321,262,217,336,291,208,228,328,198,300,295,223,303,255,238,187,350,254,258,208,342,228,210,260,317,331,208,269,232,243,334,256,352,210,294,308,234,295,201,212,296,275,196,216,260,353,277,268,329,196,310,273,212,252,198,293,214,223,277,329,176,213,274,331,394,197,185,327,252,270,310,273,230,259,220,153,248,218,286,168,363,235,182,264,281,257,246,246,219,267,240,200,201,372,224,268,246,178,168,235,182,244,237,263,255,413,308,302,242,274,254,225,375,329,230,174,254,191,218,265,242,208,154,294,217,189,277,146,255,210,189,211,119,155,227,164,220,203,222,224,265,272,165,364,130,240,221,220,195,193,175,111,270,340,262,241,140,190,240,105,149,118,190,267,334,143,247,226,77,300,185,216,225,178,279,247,150,244,209,100,238,220,236,306,191,123,156,199,218,192,144,296,106,137,270,101,264,110,222,117,153,172,255,81,162,175,159,126,194,223,151,254,174,118,245,226,250,77,192,158,132,158,124,192,114,144,45,87,203,175,110,101,119,84,315,83,129,222,172,278,156,112,140,48,168,156,189,69,228,127,138,236,119,117,103,85,163,226,131,104,127,119,155,118,77,148,124,86,101,182,120,148,180,197,140,239,153,112,175,51,118,293,99,117,180,154,133,170,117,77,267,139,125,113,201,105,109,148,103,108,151,89,206,220,118,91,187,134,85,48,149,134,92,255,103,73,49,82,105,51,135,90,211,80,103,139,175,85,253,189,32,51,59,144,73,18,100,26,63,129,173,90,158,90,161,66,90,95,67,56,84,76,78,60,91,42,76,76,87,94,114,45,34,100,196,36,42,117,71,70,92,181,159,57,107,128,
25.79,145,234,297,2222,42125,1923,59766,1006294,26022,5159,239,3162,30683,51795,4380,19245,11993,9039,1195,2543,15309,57584,22483,2506,13740,11235,93057,1914,14479,25056,71388,5056,39836,18141,16435,19770,9866,17435,27348,47023,4154,15102,12158,7771,3314,3850,20295,24925,42236,3499,6280,3801,17410,847,7391,17605,17956,16503,2639,6883,4228,2075,5863,7035,31292,34974,4064,2612,3913,4376,5130,663,10790,17600,4351,4225,7379,2035,3756,3512,444,5789,5893,3750,1687,7705,11303,4428,3920,3334,6403,2474,1777,740,5875,7155,13099,1278,2420,4256,3891,2308,979,3745,11798,5256,1103,2551,3605,6662,1859,1899,3053,6844,1964,451,1037,1681,1118,382,1293,2218,5878,3119,701,2092,1991,1269,475,1222,1933,2897,958,2407,6718,1149,932,2613,2432,1272,2441,748,4256,9038,3060,684,656,976,1374,2133,415,10153,3113,6737,909,1463,735,1266,8696,1339,3062,1219,913,939,8691,1210,756,1667,1382,1909,1620,1236,815,5358,625,1412,527,2349,4331,2877,7834,2892,3628,1448,6882,611,3987,2232,125444,29551,7228,3819,2487,1161,1542,4640,2698,49792,4630,20585,20044,3100,1827,1712,5492,3222,13588,10978,305587,22147,110917,6061,3509,5325,2748,2366,3358,111236,13051,3442,1649,3693,3735,4275,2949,23269,6028,11103,3726,1813,3834,7111,4749,2214,4133,3827,4340,15632,5380,4553,10501,5462,2869,3973,4884,7497,3542,9003,17752,10258,15844,5852,13125,15074,9205,5974,17692,29776,46180,15952,32141,89493,46124,24539,12646,19423,35956,66251,18674,51526,35632,51470,33699,28003,21924,25740,32442,40253,36685,25768,16916,39634,30927,17338,19013,42962,97046,28221,28487,9154,5405,13236,16737,12786,9910,8287,19166,11995,6113,2518,4439,3231,49879,7241,3134,1719,9664,5968,3260,24686,3511,6409,42000,6458,5004,7207,3869,1478,9306,1577,2130,1301,798,9184,6020,3827,874,634,2360,562,617,1317,1777,982,6405,1178,788,739,1095,451,449,494,548,434,326,577,455,893,386,509,475,2634,511,564,556,516,385,421,498,610,342,753,437,471,424,956,884,741,437,353,428,753,857,531,401,414,484,364,370,452,389,561,449,533,549,455,655,409,414,345,702,690,547,422,418,533,400,464,360,337,478,472,424,543,550,421,499,427,446,376,478,403,387,377,469,480,480,373,382,375,368,512,374,516,469,378,310,361,501,459,370,411,364,457,507,379,432,321,415,687,414,382,472,419,384,392,423,416,316,436,479,461,274,430,382,410,433,428,357,447,385,474,459,342,587,329,435,431,344,355,408,351,495,393,486,460,420,471,472,484,390,443,530,414,459,514,528,525,616,500,439,691,461,878,572,663,510,569,812,582,346,588,447,912,526,472,564,536,506,589,408,549,527,486,608,496,638,506,587,500,485,420,535,639,411,616,432,1185,688,588,610,635,394,616,565,513,520,687,693,771,632,668,497,1014,507,826,701,687,723,567,581,590,597,410,633,666,684,562,614,608,684,684,718,591,663,705,443,498,567,691,742,482,566,597,428,603,653,729,540,532,593,520,444,333,679,492,457,417,548,352,396,389,371,455,358,392,495,393,414,372,312,363,362,433,376,334,318,424,402,280,708,616,340,414,296,396,286,456,341,474,356,309,264,460,317,366,607,504,392,317,478,627,529,305,353,426,377,364,385,425,346,388,279,300,375,283,422,385,334,370,285,493,401,300,426,309,356,232,358,369,329,444,398,417,318,310,354,392,360,295,401,406,252,399,421,330,379,480,347,319,272,379,509,382,467,562,240,272,395,466,278,209,232,315,369,295,238,352,460,333,456,333,217,299,270,292,282,322,334,359,293,328,327,271,298,305,424,293,305,360,251,258,332,419,335,370,407,274,371,285,241,295,479,295,299,233,312,286,236,203,369,263,399,408,325,214,378,400,258,293,284,301,312,296,269,229,345,332,299,281,412,334,291,337,230,246,275,207,316,387,275,415,357,314,460,337,334,312,394,273,253,224,469,330,378,260,348,236,406,222,294,323,177,347,408,348,207,329,252,311,234,294,276,271,196,341,522,342,333,320,324,305,235,242,202,226,319,311,313,206,309,303,215,231,284,223,320,375,227,361,351,247,205,211,212,384,188,188,356,266,289,328,217,236,181,195,275,405,194,242,330,141,320,206,216,248,235,315,238,133,243,226,173,381,214,79,198,142,193,249,158,323,441,381,201,211,172,221,228,116,296,204,205,335,279,329,221,212,174,290,250,162,232,176,233,278,382,316,345,230,399,188,189,195,233,160,250,278,177,209,254,288,213,332,305,117,234,227,224,218,234,194,216,144,157,125,194,236,238,127,204,139,111,174,325,133,203,255,210,183,213,242,151,152,109,100,286,198,236,163,108,219,114,265,237,148,147,240,217,199,168,119,176,211,193,209,145,177,216,206,117,217,175,70,100,138,75,117,199,125,180,122,241,204,115,171,198,120,292,129,108,184,89,190,159,123,152,114,283,244,136,169,104,90,133,116,193,148,192,157,125,162,56,136,138,210,101,75,178,85,152,190,223,180,80,81,197,101,141,162,247,70,89,69,83,218,109,163,112,53,166,76,76,277,115,192,214,114,82,164,135,160,87,172,100,237,147,178,108,91,221,114,126,168,145,128,145,145,74,
25.61,144,126,206,1373,41066,1751,52838,844774,20584,4217,121,1608,29372,47885,3231,14923,7510,8823,424,3225,13347,57583,20404,2554,12984,9274,79510,1502,11574,24286,61715,5840,35412,15951,7754,23820,9413,16475,32860,44249,3626,11531,10443,8419,1581,2978,19395,23461,42737,2909,4581,3309,17787,328,7663,16327,17947,11767,2597,7661,2199,2524,6204,8434,32027,7008,3782,2040,2763,5165,6685,513,9556,15973,3983,4163,4836,1644,3516,1850,724,6237,5666,2457,1326,5465,9818,3845,4799,1478,6225,2518,1832,951,4625,6080,10821,729,2156,4169,4696,2677,1104,2936,14769,5156,1049,1543,2866,5765,1941,1258,3255,6423,1775,694,1634,1389,1157,424,1270,1867,4127,2287,665,1535,986,1172,467,1456,1367,2124,1099,2072,5992,1577,697,1646,630,1132,1865,580,3776,8964,3180,745,492,551,1217,1457,359,5430,2361,8402,1021,1044,581,1060,7346,1155,3204,1474,791,712,8697,967,566,1811,1295,2032,1282,1403,879,4304,958,1262,355,2981,4464,1994,1497,1230,1936,872,13420,846,4802,1998,173729,31685,8077,3990,1567,922,1787,6414,3682,27965,3772,18109,20233,3884,3260,1608,5896,4048,13809,6391,301403,20233,70952,4555,4650,6401,2808,2807,3058,50922,6700,2350,1626,2871,4353,4503,1894,21241,3774,11979,3788,2217,4183,5896,4688,2465,3121,4336,3383,7001,6180,4555,6193,5436,2851,4582,5014,6353,4033,8939,21571,17292,22456,8716,16515,26641,11493,9181,22073,29047,48632,18398,41449,94605,46332,26534,12507,20528,34375,36693,21211,39366,20596,46121,22312,26376,22291,33704,23072,75374,36104,14957,14417,27534,16519,15078,18359,38844,44986,17870,27801,10497,3597,7870,6724,6499,4324,2602,6540,5462,4042,1200,3091,1457,75821,9808,1090,913,12470,6138,3796,3158,7598,5195,32370,4440,3677,2777,1776,542,2961,752,1229,810,602,2259,1256,791,477,511,1668,416,443,467,1232,547,8933,1722,568,999,1738,402,387,413,384,485,394,523,431,626,274,343,534,2386,371,477,504,481,509,352,409,468,325,451,365,271,350,502,545,356,419,232,452,1041,453,390,374,384,346,448,575,252,544,408,464,415,325,432,628,384,285,474,507,682,292,603,361,380,416,290,374,362,318,241,343,473,374,293,505,358,587,309,299,376,272,344,350,530,335,489,368,244,207,499,282,409,325,352,527,263,257,323,412,392,318,254,241,272,357,316,283,317,427,381,341,358,263,315,375,382,397,286,292,288,277,332,316,409,419,316,434,360,330,461,330,357,296,355,362,401,361,369,378,481,378,379,441,302,398,647,478,312,342,634,396,398,364,338,364,366,441,570,424,577,557,690,612,559,286,503,1482,569,574,456,570,428,740,468,476,504,490,420,677,399,419,556,636,339,394,374,521,407,409,363,392,285,457,437,499,510,432,366,666,530,486,589,610,655,624,387,505,600,694,664,563,567,624,483,648,477,426,762,446,626,697,730,522,572,642,385,624,469,584,743,496,482,507,542,585,548,427,335,315,462,398,270,431,464,367,317,449,244,393,420,366,328,390,558,326,281,331,305,385,276,394,338,336,350,200,256,301,308,325,364,186,234,418,376,352,425,362,355,543,423,312,326,360,327,307,281,276,212,330,674,265,322,269,372,347,213,257,281,434,510,500,183,462,405,300,304,256,177,519,392,204,355,297,324,273,221,170,306,334,174,278,277,252,182,262,252,180,286,309,295,271,267,293,319,364,373,381,230,253,294,290,299,396,203,248,366,170,274,327,326,186,146,388,308,356,281,232,397,300,297,252,126,283,305,319,355,172,264,387,282,264,382,209,243,199,233,240,203,349,308,184,258,335,301,225,261,459,210,274,204,318,350,366,245,412,214,185,286,185,265,314,170,205,245,244,277,297,338,245,398,323,269,365,231,232,198,202,311,177,193,279,226,228,156,294,246,181,229,278,145,209,333,312,310,317,334,365,370,123,196,344,240,183,367,198,199,311,239,371,299,286,338,244,243,250,451,102,218,216,257,185,304,316,286,287,165,295,234,210,102,247,175,332,316,275,176,255,220,292,263,175,219,192,116,151,131,291,180,225,249,216,93,109,146,142,161,232,191,193,183,185,198,165,181,228,156,237,162,162,63,243,169,219,109,159,165,168,235,173,133,301,238,186,156,162,156,374,311,120,78,290,168,122,158,197,190,125,162,170,157,107,247,176,164,170,146,133,108,142,266,162,226,234,146,135,104,308,195,340,186,112,180,168,172,184,164,104,216,164,87,113,40,107,162,96,131,123,83,107,91,227,122,141,138,139,102,226,159,153,222,80,170,101,67,222,66,102,339,101,248,167,175,218,135,67,284,107,236,52,92,163,91,169,131,176,94,108,86,75,59,60,207,124,232,210,106,165,43,81,40,100,137,129,58,176,82,186,73,92,35,165,91,25,40,93,203,61,116,247,194,136,86,151,109,149,107,123,181,68,55,55,113,173,107,91,79,47,48,78,92,95,40,64,70,42,116,187,109,75,50,45,82,102,88,11,172,182,41,96,155,21,38,58,43,179,134,98,102,127,78,144,94,60,182,30,59,78,91,82,127,68,238,115,17,32,62,101,29,382,118,211,59,114,77,121,89,44,46,53,98,89,110,89,54,116,161,76,
25.43,143,208,283,2008,46554,3052,53166,827416,22575,5337,366,1872,31343,56209,3893,17838,10240,9845,1110,4143,16838,68476,27444,2453,15497,13840,78546,1876,13018,27736,65796,5568,40858,18776,9390,23602,6119,33281,29217,45422,4977,13111,10995,7652,3410,3738,20869,23691,44391,3132,5387,3296,19161,807,7682,16796,21086,14794,2806,8045,3505,2475,4114,9554,32981,10694,4102,4155,3510,5027,5736,1166,9373,15389,4210,6026,5619,2211,5300,3188,393,6306,7064,3094,2033,8124,11409,4021,4294,2178,21412,3504,2511,1043,5826,5639,11203,1528,2425,4017,5231,2063,1116,3339,13257,6081,731,1641,4314,6102,1973,1726,3174,6078,1795,549,1637,1376,887,516,1484,2778,5787,2220,674,2431,1713,901,635,1713,1704,2634,911,2779,6874,1221,764,2346,1707,1625,2394,348,3819,13010,3966,825,1182,1017,1450,1470,749,4489,4641,9581,1103,1227,833,1082,7788,1294,3241,1791,1072,4507,12302,1067,919,2647,1948,2097,1883,7994,1800,4611,729,1301,1128,4980,6978,6459,2937,2093,3621,1795,18209,1168,10113,3394,235120,32956,28122,5167,1970,1151,2135,25120,9606,13437,4422,10954,26032,21349,11236,2999,6891,7071,11711,5697,285654,18437,38781,3397,5787,28695,3422,3027,3369,18379,6545,3202,1564,3241,5983,6578,2523,16954,4548,9942,4461,2556,4738,5037,5614,2946,3544,4439,5035,5901,5721,5679,8082,15582,6097,10047,6966,8755,7466,15111,30848,45254,51372,17153,20736,47053,18506,13273,24228,29292,46912,21598,64104,97489,39202,35486,15108,25385,25925,27253,38416,30016,18658,40911,16299,23315,31178,34606,22192,119730,48978,10496,11390,19756,12916,12660,19916,33028,18006,11710,21910,17302,3631,13482,4117,3573,2676,1444,4573,6485,4809,1482,2498,2578,90505,11539,1482,1154,11570,5748,3443,2876,13120,3672,23246,3095,2125,634,641,477,1839,892,696,892,855,3227,1188,546,390,485,764,499,525,427,1687,842,7787,1198,514,1758,2350,563,400,454,354,452,384,456,496,636,485,518,502,1978,526,713,535,603,880,619,534,374,403,546,491,541,661,499,523,393,585,491,307,791,527,596,646,390,403,621,428,427,526,592,496,479,558,326,566,485,641,528,593,440,399,546,427,716,532,400,550,462,315,411,302,417,404,452,297,433,443,398,442,469,373,380,551,468,337,327,421,387,410,422,397,654,604,356,347,494,527,474,514,226,367,270,364,492,436,354,476,400,483,437,409,392,327,394,369,359,467,585,444,424,414,313,429,358,472,405,484,352,444,388,496,465,461,515,415,483,375,504,396,385,743,463,544,377,526,597,415,386,515,466,726,451,742,436,466,654,590,554,660,478,887,929,445,448,453,431,680,763,530,396,424,652,487,407,642,461,470,634,599,616,627,442,718,706,555,546,466,569,806,620,686,546,529,890,487,743,680,433,723,632,366,664,650,804,923,647,659,594,787,776,615,724,567,1041,1096,634,635,792,608,775,566,677,522,564,632,552,456,533,696,504,695,396,553,613,571,532,321,430,396,439,441,365,399,439,518,479,490,427,376,456,364,417,360,317,411,384,264,544,385,367,313,451,336,308,359,482,307,498,362,490,364,411,318,460,306,384,376,469,548,435,412,370,372,455,251,314,378,343,303,837,379,376,381,471,422,407,374,198,242,1179,329,297,371,365,307,332,323,198,289,482,219,437,263,479,284,271,291,312,411,210,491,427,342,366,303,387,245,357,444,397,265,346,350,264,278,275,325,434,351,319,442,300,255,240,221,325,363,267,355,221,238,362,438,260,279,271,289,270,328,358,273,266,239,446,461,207,328,408,288,337,235,392,317,348,454,258,334,279,327,262,248,390,350,347,404,333,406,377,383,382,405,285,383,259,310,326,355,278,340,313,293,263,338,210,299,280,303,225,245,567,292,323,291,239,319,291,314,293,325,472,390,272,363,302,263,342,338,317,413,336,243,395,383,283,249,287,391,280,219,334,329,334,333,270,284,262,219,181,205,298,302,325,364,314,336,261,354,283,238,221,169,308,395,275,185,294,248,227,200,215,90,356,177,174,282,235,255,287,245,288,341,176,277,311,226,290,251,201,260,267,188,208,229,184,203,197,216,353,264,231,194,157,167,260,379,295,307,260,273,213,133,183,207,206,118,310,235,197,174,324,148,206,270,358,170,113,171,196,189,144,288,275,274,204,331,273,233,115,176,188,236,220,264,225,208,159,246,155,282,176,149,151,304,139,254,124,229,196,160,181,186,369,180,228,110,287,261,171,197,98,141,232,216,180,183,192,257,160,319,240,105,154,313,315,105,173,116,202,190,102,167,153,141,164,237,180,135,120,170,320,229,156,194,211,179,243,142,179,154,148,141,317,157,213,199,144,180,225,122,154,248,132,99,319,161,144,144,165,84,141,189,227,85,109,170,122,113,208,187,227,125,155,232,77,175,223,140,124,232,165,76,200,124,111,112,126,75,248,135,119,128,125,115,187,101,190,92,92,138,167,149,98,153,104,52,84,125,107,76,141,250,68,161,167,142,102,210,239,214,184,209,92,155,132,122,137,206,64,159,79,97,48,135,136,202,127,169,90,188,102,76,55,197,36,122,272,167,150,129,103,104,254,80,129,256,163,122,111,67,84,110,132,95,118,81,148,90,
25.25,142,29,140,1304,47450,2790,54610,795601,20274,3843,173,950,27394,56670,3831,19133,12358,8893,1035,4273,15128,58327,28080,3053,12259,9828,72375,1986,10858,25759,65472,5628,38020,18483,9135,18946,9870,56168,26650,49648,4328,12692,11139,6076,2280,3881,22112,23559,44330,3177,5993,3319,18259,593,6390,16687,18855,15304,2232,7183,2667,1998,2984,8452,31726,9790,3939,3546,3738,3865,4671,619,7305,15033,3356,5276,5193,1769,4147,3641,732,5723,6239,4008,1641,6159,12520,3783,2990,1714,27122,3800,2058,703,6367,5261,11382,1477,2578,4460,4629,3320,686,3964,11682,5605,752,1455,4163,8038,1502,1742,2794,6334,2056,438,1657,1939,941,1354,1086,1935,5156,2159,1126,2118,1586,1151,948,1168,1972,3354,673,2034,8527,1531,874,1927,1987,1113,1884,689,4812,11683,2891,692,943,705,1865,1149,363,2787,3187,7712,956,924,744,842,5767,898,5066,1982,1683,3917,14392,620,833,2176,831,1707,2519,13675,3567,3359,574,1483,1487,6860,6692,11915,2875,2219,3207,2266,14554,1339,14131,5154,239227,23991,40419,6891,3628,1380,2896,38235,8089,3944,6155,4101,20874,37444,18417,6050,6952,6008,10289,4954,245682,12647,11025,1825,4541,44798,3347,3066,4250,3868,7879,3845,1686,3390,5247,4879,1947,2835,4588,7929,4115,2113,4702,5103,5189,3346,5357,4164,4861,3834,5932,7567,12404,22677,6102,12773,7225,10339,11171,16598,27165,58205,55954,20248,26063,58276,20432,11745,21348,30902,34392,18582,59730,71248,17824,36091,14249,26470,33235,30716,27326,16910,15053,17097,11975,13878,29972,32716,24224,88313,45672,4943,11028,8120,6579,5645,14942,11688,3471,3195,8481,15323,3701,19387,4327,4849,1308,823,5591,4067,3633,1094,2502,4856,54658,6277,1422,1353,4239,2273,833,1220,6922,1575,9295,1189,1681,469,428,355,492,594,556,484,1011,1437,614,544,319,505,856,240,291,617,501,804,2490,374,563,1338,972,395,350,332,343,370,415,399,371,575,245,357,386,706,349,527,476,320,827,583,438,294,351,302,357,329,412,383,545,490,371,367,308,369,393,483,597,360,583,504,472,195,316,648,282,551,615,570,725,524,464,305,374,280,345,263,327,388,437,579,286,352,311,351,187,388,325,604,386,283,337,394,249,260,240,434,331,315,224,417,435,583,435,600,468,251,300,271,443,398,236,448,283,353,312,250,292,432,302,356,402,633,221,262,263,407,500,430,380,381,441,388,365,331,296,412,402,349,389,366,332,553,348,620,497,389,367,327,345,564,364,275,406,734,808,316,365,405,291,625,537,364,413,481,463,422,380,335,347,516,360,423,356,417,655,380,478,366,325,479,532,625,439,614,316,328,289,380,754,505,290,642,516,884,471,355,500,382,688,492,438,402,586,553,582,602,534,737,499,695,636,444,627,632,506,788,529,531,509,631,823,388,650,756,626,562,384,698,463,477,561,460,403,464,589,509,318,333,443,328,393,358,386,318,398,311,297,277,336,333,465,362,250,262,300,243,287,297,299,291,409,244,224,276,300,385,196,298,290,205,295,241,330,273,444,379,275,314,246,418,289,293,257,147,333,295,210,341,292,225,397,213,258,265,235,211,306,222,236,415,287,344,241,1178,274,266,226,321,389,252,286,215,300,735,454,128,219,255,201,269,251,313,208,495,356,262,266,193,265,240,356,173,336,252,330,186,171,339,242,262,247,248,257,169,233,208,163,345,300,290,263,227,228,281,188,298,218,308,211,258,196,253,300,411,231,319,281,341,206,251,249,156,254,283,281,335,333,213,233,175,285,249,269,216,221,333,516,270,215,203,280,189,214,205,355,309,248,268,175,320,296,314,287,248,492,377,172,300,334,230,206,263,225,219,193,178,285,226,212,460,228,359,310,252,228,174,199,246,119,310,294,201,233,268,293,209,183,208,157,300,234,195,168,224,195,285,158,198,315,215,277,192,217,225,254,255,195,226,260,219,274,187,122,232,274,134,187,230,299,194,148,236,252,112,157,204,239,204,250,200,225,302,163,153,238,118,194,198,215,129,182,145,107,214,153,170,216,262,204,275,295,139,269,90,197,179,94,245,166,125,198,135,180,168,159,67,203,169,130,84,278,126,214,88,263,104,224,292,59,122,226,104,58,131,108,261,114,136,153,188,103,236,181,173,180,129,76,137,71,155,100,96,54,87,132,341,325,168,183,165,122,128,186,203,149,60,130,101,211,159,149,181,73,208,174,142,156,182,190,109,65,85,149,111,107,59,203,97,230,16,184,79,195,106,144,114,120,113,73,58,79,154,118,187,81,163,105,67,156,125,189,108,253,106,74,75,158,179,144,8,109,52,73,29,112,63,87,84,181,199,124,66,47,57,99,107,212,172,89,34,230,49,85,130,170,63,169,167,200,151,113,95,62,136,45,38,102,145,132,174,112,128,70,144,56,193,209,105,35,95,72,58,62,159,161,125,90,39,70,51,139,122,99,217,54,123,146,105,65,71,49,93,159,111,92,39,51,59,132,28,53,121,59,53,206,71,175,38,80,152,90,120,38,107,65,69,26,313,151,30,171,49,198,88,68,91,38,106,83,112,86,20,123,60,107,200,95,11,145,20,116,62,59,230,19,78,156,23,30,70,72,
25.08,141,273,461,2236,66838,4319,75321,784398,21599,4896,224,969,31979,82588,4483,19853,26067,8877,903,2592,16175,56541,33919,3847,11476,9322,78442,2203,18148,25595,66118,6167,36700,16438,9302,14740,6609,66972,28073,47609,4251,14018,11606,7710,2661,2477,20949,25101,44700,3178,6482,2690,15126,998,6227,17006,19226,16653,3109,6923,2475,1595,3063,7041,28196,11868,4951,3274,3758,3199,3323,475,7915,17301,5114,4737,5056,2383,3490,2402,799,4193,6857,2906,1786,7551,11998,5499,3942,1088,34830,3410,1912,1113,4787,5873,11805,1162,1912,3867,3324,2924,1305,4863,12948,6491,763,1822,3967,28659,3325,1241,2744,6389,2392,639,1541,1757,1264,2678,1191,2307,4544,2470,1964,1865,2404,1106,570,794,2122,2782,791,2635,8335,1657,1030,1775,2130,1405,1990,796,3887,12998,2643,697,1163,743,1784,1631,694,2586,3417,9377,979,1425,706,1135,5987,913,6211,1384,2669,4518,21982,1098,979,2783,1348,1751,1645,19220,4869,4244,1034,2235,2524,13766,6501,27553,4342,4909,4086,2106,9335,1745,21454,6402,222401,23494,44105,12429,4188,2475,7547,44603,14403,5734,7635,5796,16323,53247,27387,8457,7272,5507,8916,4462,230529,11217,4664,1840,5288,59073,4929,3284,8261,7270,6419,13703,3082,6052,4828,4435,2852,4073,4747,50000,12481,2824,6090,5411,6129,3683,8483,5519,7355,5908,9865,24454,21810,31683,10053,23339,10234,11999,16489,21967,22676,69092,60690,22969,38748,77426,25961,11454,24517,25120,54388,19928,52181,51716,16137,32661,13704,31734,46285,35877,13401,10494,9929,10828,10954,9404,30989,26098,23628,52699,30814,4748,61317,15068,5404,4542,10155,4940,1641,11199,5979,12414,2864,22978,12246,10131,3779,958,5770,3914,2081,1025,2258,4796,27935,6563,1916,1088,1556,798,721,964,2258,795,6721,1104,767,669,647,457,867,785,556,594,716,1965,566,434,358,800,750,442,451,392,333,1257,899,1114,938,1512,421,636,498,538,544,362,508,348,409,544,588,516,492,699,481,530,566,447,679,555,352,429,506,544,595,343,422,372,542,470,541,554,679,875,447,646,383,636,488,355,419,484,383,826,434,357,324,536,551,462,512,448,424,360,435,373,455,424,476,439,264,442,295,390,272,307,360,329,446,382,729,401,418,343,285,376,327,243,447,327,472,601,361,311,341,376,510,334,379,395,429,467,391,430,470,405,352,409,501,324,461,521,417,437,451,475,403,284,464,594,399,438,395,473,497,280,383,513,377,429,463,692,505,675,494,481,407,427,503,607,554,383,405,361,1135,399,390,422,531,1207,456,489,481,402,442,458,295,359,481,513,286,483,397,259,553,423,416,564,868,799,463,428,461,974,638,745,629,495,962,721,487,518,494,678,655,504,903,752,730,501,762,873,928,527,619,557,820,892,761,552,691,597,521,589,406,849,642,684,739,480,777,572,568,625,537,420,474,662,377,518,535,351,323,434,395,422,450,343,394,320,486,336,432,315,344,290,368,366,599,412,534,416,396,286,354,310,444,420,591,366,368,352,470,403,333,357,340,312,367,301,469,285,322,406,397,388,305,298,274,283,357,614,337,401,266,296,288,307,383,790,261,275,294,354,259,269,307,410,305,508,218,462,448,950,384,237,287,211,360,315,256,203,311,539,347,342,369,320,283,313,233,300,210,344,361,331,367,538,441,341,246,304,363,270,224,191,274,332,343,461,256,359,337,319,287,330,419,297,178,229,310,261,260,349,371,325,389,265,276,292,267,257,303,439,307,336,299,328,256,325,453,309,350,269,291,278,304,314,225,419,195,363,362,354,268,352,296,267,239,208,246,261,208,359,292,254,264,303,340,268,296,328,242,325,289,293,357,324,227,345,308,421,348,148,345,292,233,290,275,279,289,321,405,258,327,344,329,384,348,188,219,267,238,349,298,273,224,274,402,186,164,180,328,216,238,380,207,208,242,238,215,267,236,205,197,214,232,167,230,267,371,170,310,325,256,212,237,268,320,249,223,208,275,267,182,227,113,187,512,332,301,192,173,216,145,245,334,214,144,207,125,272,258,324,295,248,291,178,160,155,151,293,205,161,208,214,227,211,216,109,297,187,136,261,265,277,175,168,134,140,148,176,248,213,152,213,140,268,129,187,273,212,279,232,162,191,197,246,190,185,180,205,138,140,126,198,248,122,330,136,244,227,144,118,240,163,206,176,245,177,172,166,193,275,204,138,237,84,185,231,112,238,293,179,142,157,211,186,237,252,269,217,246,92,149,89,179,250,140,141,169,159,319,108,214,171,365,73,142,196,125,196,107,146,75,148,165,155,162,115,224,61,241,88,176,125,192,109,200,141,214,212,186,183,217,100,193,64,36,86,131,122,190,95,157,69,131,277,109,184,197,218,146,317,49,145,148,112,118,141,47,156,184,119,80,218,179,120,153,86,107,163,131,165,104,145,166,235,239,179,262,169,48,390,76,106,39,136,150,112,154,201,93,47,80,86,135,98,247,93,86,171,121,94,94,131,135,109,207,87,160,127,140,33,240,77,141,92,156,131,202,68,60,133,94,149,82,192,182,155,126,280,85,105,85,91,160,42,132,184,59,100,111,159,115,124,207,145,69,51,57,110,112,95,143,165,171,103,47,173,49,
24.9,140,74,252,1906,69197,3959,78745,757882,19069,3107,128,1234,33495,86584,6567,22151,24032,6659,364,1912,14236,54711,33962,3566,17117,7607,77539,2018,16103,29010,64112,6934,36344,15575,7855,12547,7448,49074,29271,41914,4298,14216,12834,6621,3712,986,17903,26320,40466,3639,6058,3404,12258,374,4201,13660,20044,13968,3080,6551,3503,1244,2392,6034,24477,10049,4192,1915,3586,3536,2352,737,5768,14544,5110,5202,5576,1382,2551,2836,455,4238,5340,3211,1725,4407,13594,5467,2783,1238,19052,3058,1420,789,4628,5302,10809,1311,2027,2387,3426,3281,1069,3062,13621,6159,778,1267,2735,33528,4631,1254,2652,5464,1822,700,988,1059,1085,1854,975,2253,5947,2185,984,1306,1303,828,311,799,1669,3183,542,2661,6232,1131,655,1787,2531,1026,1442,708,3435,10016,1994,813,598,530,1077,1351,647,1608,2323,7584,623,1017,772,728,3069,837,4694,1614,4350,1667,23521,946,1152,1466,1808,1911,2290,12076,2094,6339,1422,1513,1267,14414,3461,27997,4074,7721,3426,1617,2246,1297,20537,5490,154074,20761,22112,10615,4208,2925,8686,33738,9663,5983,3968,6969,3809,27482,22826,6486,5187,4565,8665,4149,171307,8790,3247,1544,7550,31764,7594,2863,5812,4047,4470,17261,4444,4513,5159,5049,2723,4178,3873,74522,15793,3668,6532,6848,8337,4800,10091,7341,8946,5342,12737,35326,23238,44175,12227,28794,11340,12625,18999,20405,22573,61966,39562,24075,38396,68838,21596,9774,31738,17319,82130,15387,24375,23364,16058,24423,8592,19885,50532,28012,8737,5529,4345,4559,8299,2953,14573,7521,12593,5273,8661,3110,90766,19476,3398,6926,2600,990,664,10595,4805,3641,1339,11487,13666,12364,6294,1573,6854,2354,1232,642,594,1132,4095,2348,536,737,525,578,1000,411,520,408,2295,468,570,287,289,362,780,818,574,401,654,1657,531,333,465,432,679,512,553,339,345,913,678,1018,1114,415,370,390,475,403,434,344,453,440,691,366,570,350,388,452,258,505,459,428,598,422,393,417,532,400,393,733,570,338,444,326,340,372,327,887,544,328,401,365,382,319,430,454,331,473,368,296,403,266,404,425,222,446,368,313,377,393,320,377,350,294,457,310,251,310,282,265,374,233,297,574,321,262,325,404,332,383,329,314,301,268,287,401,362,227,342,328,705,329,329,281,306,380,402,451,389,315,406,408,401,328,246,325,286,459,280,330,361,363,396,366,356,284,415,419,320,383,523,446,414,287,247,526,445,771,347,365,468,415,405,542,591,313,310,473,523,381,412,358,340,369,470,288,369,339,380,486,458,493,389,382,306,509,549,361,407,519,423,568,621,495,422,529,592,979,450,581,480,350,680,530,663,739,566,596,470,373,894,714,624,527,575,1033,641,364,443,629,685,761,450,617,461,727,556,343,393,477,358,535,356,452,574,357,551,275,354,420,411,506,382,448,379,422,372,261,259,371,589,217,308,338,287,226,258,389,337,240,223,255,252,296,366,365,265,235,306,374,243,298,308,347,328,379,292,444,391,321,234,217,281,191,368,360,282,280,173,196,212,352,363,270,208,307,212,283,320,312,166,239,431,428,247,437,268,288,225,199,214,206,353,309,158,256,203,739,215,230,394,228,271,306,259,142,292,288,276,200,166,355,262,234,151,288,309,362,301,306,192,223,266,207,165,330,220,126,453,308,241,222,186,439,243,225,121,265,141,344,381,176,202,404,288,111,251,326,340,193,271,252,182,268,286,201,168,237,376,234,245,289,181,278,178,328,282,218,274,240,174,300,195,226,366,289,209,260,184,415,171,211,274,308,278,152,228,322,177,96,254,167,235,281,185,153,203,160,240,146,160,184,211,236,322,260,130,244,169,341,281,340,147,209,226,421,343,169,351,190,176,259,216,306,173,147,231,246,274,211,244,201,140,327,220,247,218,176,197,194,237,176,116,108,195,142,248,203,135,219,250,146,143,117,150,237,184,252,127,256,128,188,158,171,215,176,144,198,205,175,176,272,245,82,129,153,235,156,336,130,118,103,240,133,143,121,231,110,164,199,219,201,170,81,296,47,254,146,184,100,136,114,117,39,140,220,77,130,166,172,108,186,199,109,191,120,186,58,157,78,148,276,152,119,64,139,78,96,202,80,127,71,56,62,148,125,178,190,311,113,162,70,114,184,114,53,201,96,108,90,49,52,178,72,30,225,92,64,188,105,136,139,102,178,181,89,72,137,145,45,37,54,164,85,75,123,49,196,117,235,39,119,115,49,67,48,258,89,39,194,151,105,65,55,186,171,71,105,95,108,163,243,86,40,35,48,144,49,32,161,87,194,94,144,40,19,98,54,42,12,46,205,110,32,238,136,134,23,110,80,161,82,15,119,123,58,8,17,116,133,78,229,47,91,34,108,120,55,170,149,146,64,43,134,201,146,189,127,225,13,71,17,36,17,24,51,92,87,108,39,136,45,23,56,92,73,92,56,8,34,70,19,53,96,181,101,22,145,32,25,57,45,34,54,81,46,50,129,48,49,72,55,86,96,63,12,29,75,46,79,36,56,68,25,72,25,125,42,39,11,96,93,39,54,39,45,130,26,29,42,65,94,177,79,51,109,57,67,55,74,51,42,37,89,48,
24.72,139,158,155,1596,69065,2992,80577,717952,18876,4242,290,1261,30935,83578,5769,18462,17011,8039,984,2085,14843,50605,32240,4120,20630,9207,81978,1505,12889,22743,55233,6106,34567,14127,8110,15365,6820,30117,25343,33883,3332,14579,13620,6757,3781,1630,16583,23244,38630,2563,5947,2979,12569,536,4814,12877,18758,12157,2388,6223,2314,1893,2144,4994,20311,7865,2901,1913,5357,3626,3540,617,4387,13631,4175,4453,4163,1529,4555,2139,945,2472,6221,3051,2256,5645,11252,4817,3595,1309,11714,2735,1723,785,5145,4719,9222,1546,1217,2631,4102,3471,1220,3051,11455,4140,490,1530,2801,27632,4609,1588,2850,4883,1551,828,1263,1524,780,1082,900,1917,3874,2293,2476,1024,1233,1072,882,990,1528,2879,949,2341,6309,1986,690,1109,2777,983,1819,444,4540,11440,2201,986,500,693,866,1451,481,1255,1964,9856,829,1157,832,644,4439,813,6155,1641,4411,1018,42607,1717,1900,1734,1251,2161,7198,17193,5399,11009,2637,3507,953,14721,2538,20065,6557,10541,8974,1491,2312,1722,17131,9653,174193,48718,11806,10268,4870,3278,11999,17333,6251,6524,2713,10121,2464,11148,17131,5779,7420,4768,7424,3676,148541,6906,12539,2483,5007,13178,11155,4213,7534,3369,6578,14326,4769,3627,5587,6439,5978,4570,4295,81486,18210,4853,14204,16172,13775,9659,13353,7143,9589,8022,21273,37835,34157,71688,21786,60875,16226,20544,20690,16799,21419,51273,25258,21891,35531,49637,28293,9238,40438,68288,96731,13772,14803,16564,15345,21643,7665,18733,40659,18708,5428,4072,4648,4618,7103,2436,11003,2913,7253,1722,4307,1839,108015,24767,5868,6210,1963,3680,1826,7204,3810,2383,1908,4956,8774,11882,3537,1101,9964,2663,1164,688,625,728,1719,1081,555,923,575,514,1179,511,652,649,1238,345,538,493,440,358,856,1188,2404,1848,642,2196,607,537,667,571,602,512,693,1268,346,767,664,2009,1347,668,702,459,427,384,450,685,542,407,325,627,457,391,609,445,485,450,592,563,653,477,599,480,579,445,527,339,461,380,460,413,468,292,451,862,470,408,479,640,486,397,340,441,493,453,230,439,409,405,892,367,339,272,397,519,401,417,342,354,287,284,424,392,385,397,425,284,519,466,329,422,435,327,424,333,332,294,456,399,423,373,455,424,316,376,423,402,449,443,561,337,555,295,449,331,399,362,436,372,330,390,566,455,370,376,469,406,341,423,414,473,401,444,582,470,359,409,400,428,487,390,296,416,380,430,522,588,417,456,412,472,488,503,392,317,656,452,675,388,470,620,433,1203,569,354,502,336,438,780,468,477,490,666,791,591,878,801,439,552,761,799,907,507,581,706,564,731,635,553,565,889,425,747,581,831,835,499,676,799,750,550,495,616,884,454,583,430,522,693,550,539,531,581,507,474,314,391,427,524,365,371,405,313,495,340,376,309,525,464,372,434,263,321,382,310,417,387,470,400,350,334,279,267,255,327,322,412,260,334,263,526,765,275,283,433,356,299,308,326,301,368,604,452,392,324,366,330,318,310,271,296,351,398,186,311,295,315,277,386,327,427,356,647,282,233,295,296,374,264,410,362,262,325,278,335,248,263,336,375,306,299,337,245,342,705,247,298,437,210,412,249,304,364,372,525,284,257,171,342,322,233,322,291,308,506,263,375,433,294,384,271,251,299,296,207,381,405,303,389,452,386,266,327,339,318,496,158,276,443,283,287,259,349,210,213,238,242,360,467,232,269,229,371,249,208,252,262,294,355,260,334,285,278,325,404,408,277,322,305,284,325,365,325,266,317,314,198,372,384,294,289,291,266,285,291,404,166,268,237,364,231,426,273,473,253,273,376,268,350,267,261,246,278,274,288,224,360,209,355,237,203,304,331,366,331,289,226,273,194,337,255,164,343,225,292,338,297,233,202,227,174,235,218,391,225,219,157,131,262,174,270,209,146,262,276,334,216,188,179,198,137,193,180,174,213,165,271,144,252,130,264,291,157,186,231,279,261,298,274,180,220,232,115,135,277,165,157,245,171,190,242,280,243,322,137,245,279,228,230,173,364,117,321,176,105,198,194,175,188,206,189,116,206,155,125,158,218,150,268,114,164,350,138,188,181,282,224,232,306,116,196,130,116,127,177,250,147,143,193,113,127,91,208,220,137,179,288,169,171,126,122,169,230,226,160,96,261,173,199,169,250,107,112,235,184,84,195,76,196,184,236,68,228,111,133,96,174,145,305,179,207,232,86,147,160,151,140,144,111,112,108,182,297,246,213,107,174,182,199,139,140,275,117,169,114,129,167,81,133,188,109,122,151,175,194,141,46,154,125,214,284,70,176,68,130,87,173,106,135,82,141,42,118,132,59,139,115,101,123,129,86,232,122,133,80,85,93,163,94,76,132,83,150,50,153,305,238,78,218,64,141,63,28,103,57,101,57,44,85,139,91,118,88,55,49,100,81,205,138,122,55,64,167,56,140,160,119,115,78,106,147,167,52,115,81,65,228,91,59,82,73,52,236,147,108,70,95,91,53,85,119,38,206,118,95,58,117,208,95,63,66,139,31,156,47,114,66,58,142,66,259,122,60,37,43,140,113,85,70,179,119,51,39,64,87,104,96,100,152,81,124,107,
24.54,138,108,172,1059,57254,2193,61855,581750,13512,3867,191,745,23357,59706,3104,11974,7371,7467,458,1317,13465,34424,26366,3155,19943,11280,72891,1439,7448,20972,40617,3204,31347,15435,7286,23352,5925,19731,22036,31635,2973,9489,9518,5915,2683,1549,9516,16651,26567,2459,4355,1644,11557,469,4815,9993,11545,11555,1937,6482,1875,1779,1615,4321,13532,5170,2631,1935,2793,1733,2908,423,4575,12274,2776,3156,3230,2211,2962,1582,500,2896,6414,3119,1504,4300,7733,4169,3046,1304,6845,2016,1702,634,4007,2920,6483,656,751,1481,3776,2613,610,1904,6374,2302,541,1364,1707,8723,1052,1436,1747,4359,1159,384,896,1057,1583,395,816,1346,4329,2273,4312,1000,1310,723,359,496,1660,2340,670,1516,3791,1708,1018,605,552,742,2438,360,3054,10380,1633,501,611,643,1335,1032,421,1569,2031,21929,1101,781,554,876,4109,769,7282,1590,2763,2177,78708,2130,5269,722,2965,2293,11112,36159,8748,11033,3616,4544,1360,11899,2164,8796,11102,9200,11854,1518,1603,2167,11145,16844,197929,49290,9005,4648,7343,2015,8277,3714,3077,4034,1591,9709,2074,2787,3616,8712,9246,4833,4948,3007,79305,4660,17012,3640,3939,5467,8964,3528,5642,3043,6234,14299,4342,4012,5131,6921,8308,5553,4783,38001,12554,6637,20514,21457,17006,13047,13909,10033,9644,7579,21471,30639,44717,72011,23658,59149,20026,21053,20680,13173,19215,53875,15064,12511,16665,19697,29703,7980,36758,101369,68274,9524,5156,10116,11263,8499,3406,12307,15871,4804,1589,1551,4850,3162,1793,1838,2113,1402,1485,603,4292,864,52737,14989,6313,2658,1852,3246,730,4186,1562,1533,3209,1207,1771,2416,990,511,1941,629,600,329,345,737,1418,507,388,865,458,392,1097,537,628,382,1016,495,628,754,541,339,739,421,4258,2129,923,875,482,238,388,645,542,381,512,627,395,644,610,839,388,309,685,383,439,303,395,450,466,539,445,586,345,515,577,625,394,343,346,506,463,377,308,627,339,266,370,310,463,400,534,409,363,215,241,882,264,360,284,439,555,246,302,283,278,286,323,238,233,282,466,154,357,197,323,357,213,362,378,228,463,415,424,415,226,356,241,279,273,453,330,452,550,459,258,359,245,214,219,277,461,448,442,410,377,324,328,337,483,301,241,302,339,390,326,280,286,408,540,376,262,379,417,479,528,334,537,247,295,449,298,519,509,372,516,331,443,341,370,331,402,345,238,360,511,595,502,338,468,569,476,355,430,411,446,390,578,386,968,637,272,466,381,758,904,342,623,364,302,1116,508,487,494,701,514,601,791,975,730,592,544,534,831,887,629,746,486,790,750,655,376,481,476,701,340,558,452,341,763,310,610,415,337,296,451,362,361,446,374,648,530,432,380,372,420,257,299,367,395,364,437,315,375,338,473,347,278,309,161,431,216,267,362,392,215,227,168,177,229,259,364,346,290,276,202,278,349,377,311,285,231,312,717,200,317,281,263,215,231,248,302,216,694,542,348,126,297,172,302,227,328,176,569,158,311,240,209,275,289,276,293,380,179,225,246,278,197,148,88,175,353,249,147,179,291,324,223,362,273,341,262,248,295,242,202,544,238,149,260,202,179,209,237,195,129,400,127,197,291,341,230,382,214,231,184,277,329,186,209,228,181,361,261,170,157,225,147,133,175,216,340,262,306,341,232,334,345,277,288,289,349,320,238,199,229,344,199,263,337,205,242,300,260,260,246,227,199,310,204,369,326,184,277,163,161,340,228,322,318,306,282,206,183,201,231,193,224,203,238,292,281,204,250,289,321,508,304,100,277,277,223,334,319,253,169,220,211,271,141,216,221,159,162,159,183,221,263,141,175,98,239,289,335,182,99,129,199,384,148,118,102,276,166,161,238,249,127,169,170,198,245,124,153,127,180,221,184,97,262,198,124,169,138,142,172,81,59,149,143,204,182,163,195,95,241,126,254,169,222,94,153,161,167,327,206,101,92,294,159,172,294,183,190,202,123,98,127,101,91,146,268,96,167,316,130,212,141,140,169,174,148,168,111,61,73,117,109,170,37,95,275,160,155,105,76,137,129,214,158,170,152,83,101,104,117,183,158,96,142,74,168,134,95,259,59,173,216,167,206,68,192,73,191,74,65,117,262,115,109,70,116,99,51,137,196,168,64,125,53,123,84,265,124,65,63,89,192,55,127,131,98,13,125,167,80,241,106,108,62,150,98,218,62,67,83,76,193,165,62,178,142,107,137,315,72,47,189,136,110,76,81,74,32,93,79,72,16,84,145,87,82,73,72,124,81,120,44,72,26,114,35,91,49,78,109,74,87,83,175,126,229,75,152,177,147,118,126,99,56,165,82,164,56,60,226,84,144,99,76,99,34,226,105,95,104,88,37,108,60,75,62,166,74,100,108,52,40,93,71,44,60,50,40,37,107,135,91,72,72,42,97,23,117,99,122,56,126,71,32,33,60,85,21,33,47,81,140,57,49,76,28,28,17,22,42,124,92,57,63,9,87,48,97,131,66,62,4,142,121,33,35,84,48,5,57,30,89,59,37,92,55,13,42,19,121,84,109,17,64,5,86,65,71,67,69,52,22,33,19,6,23,14,69,
24.37,137,65,169,1146,59060,2933,60783,572111,17648,5034,181,1774,23927,58508,5730,13043,34783,8564,778,1628,13188,37765,23862,3486,17329,11696,69122,2010,7438,17016,44045,4856,29833,15149,8806,24386,6224,15505,19500,31437,3601,12234,11980,7579,1327,1105,11601,18261,33546,4046,5327,2991,10298,473,4121,10500,14010,11972,1941,7908,2856,1452,2066,4103,21040,5722,4128,2565,3481,3791,3017,788,4160,12398,4264,4669,4037,1625,5545,2149,724,3090,5676,3997,1767,5804,7681,5264,4187,1104,7709,2067,1796,932,5645,4101,7842,1050,1515,1729,3098,3097,935,9398,10490,3383,546,3886,1856,3267,1492,2042,2360,5590,1707,627,869,840,1954,601,1022,2135,5179,2094,2854,1120,1014,786,434,1218,1276,3060,553,2382,6005,1901,1171,653,1060,1998,1881,564,3650,9927,1782,719,728,989,1194,1459,736,2502,2871,117461,2538,820,781,1541,6376,991,11322,1973,2750,5451,135933,4564,15064,1150,3857,2743,22318,136171,29904,9422,2288,4819,1900,13951,2559,29269,25175,16633,13682,1720,3029,3439,8359,47191,166134,53833,9481,4293,9344,2443,6290,15992,7532,11609,4354,7188,2920,2531,1955,11838,9539,5984,4506,2385,47566,3150,15747,2470,4317,8658,8699,3752,4512,4403,6416,15843,5860,5318,9020,8579,7034,6993,6204,18650,14367,10550,36445,36131,21797,25576,19505,14527,10358,10978,22544,23319,44731,63198,21375,46806,30208,26501,15534,17375,19177,109937,10968,9588,12987,13270,28672,6984,29598,98424,30029,9568,2442,15337,7563,5040,2294,8169,7167,2550,1626,1730,8372,2462,947,7635,5282,1755,1387,856,10254,2239,26360,5578,5205,2400,2742,2013,1066,3480,1197,934,1295,1897,584,1125,1617,1062,1433,947,489,534,316,502,1796,564,617,810,435,406,1815,461,611,447,1595,602,673,677,487,368,1456,1027,2631,1795,1201,1199,659,384,761,524,815,612,704,607,413,368,645,687,590,423,577,456,524,377,444,561,443,360,662,444,626,481,336,584,412,346,469,1370,417,475,536,353,441,501,532,430,363,360,653,452,455,421,385,712,422,345,414,337,518,363,500,466,284,506,366,353,347,410,512,347,409,356,335,348,404,343,417,606,330,317,383,463,364,302,322,338,295,258,378,298,707,333,386,372,401,403,207,369,403,269,500,731,378,538,306,386,509,363,498,485,296,382,367,427,387,362,559,468,348,463,338,565,415,342,282,308,442,377,504,462,480,564,470,470,337,448,387,495,336,495,549,415,388,659,410,536,422,326,484,752,461,673,753,495,665,452,765,721,508,637,642,571,715,583,1057,755,552,674,647,1054,820,532,561,610,1097,591,645,484,675,621,841,572,728,796,530,769,689,587,540,458,434,537,508,517,547,497,824,460,1234,492,420,338,365,366,525,440,648,771,273,434,382,503,414,455,332,479,450,413,538,305,306,436,368,317,414,286,463,332,335,454,558,348,297,375,373,374,373,302,325,315,496,312,308,269,332,388,348,253,344,351,1076,422,360,402,210,377,304,329,334,317,884,353,409,337,305,374,280,361,254,323,332,376,286,294,336,255,342,212,315,202,312,265,363,208,313,281,396,302,306,331,280,260,266,259,227,291,333,250,328,362,392,278,254,460,317,308,310,245,308,363,521,379,349,444,328,294,264,320,325,269,280,262,387,399,230,265,382,269,284,203,244,332,238,219,370,276,242,307,404,391,321,609,309,380,303,325,230,369,319,236,196,229,256,314,299,342,367,255,414,339,311,276,365,304,163,351,609,306,368,320,259,289,212,244,172,197,288,280,300,349,282,301,298,337,261,311,295,258,203,281,298,242,364,274,206,172,274,188,210,170,179,237,188,188,209,193,249,155,187,193,242,305,175,234,184,156,201,244,210,227,311,148,202,256,187,187,164,258,245,308,168,132,240,251,252,251,255,318,263,140,128,318,241,183,213,239,337,143,271,144,241,228,108,181,146,187,230,210,241,212,152,89,368,272,240,181,211,276,203,243,198,218,208,84,207,159,115,215,214,178,256,423,95,172,227,120,144,169,168,118,277,292,133,166,101,245,140,162,124,194,290,275,194,126,60,289,103,198,116,162,267,187,228,159,170,246,82,186,187,125,188,140,199,197,104,150,129,155,156,144,163,202,185,126,175,100,187,189,210,130,253,213,94,191,200,108,91,216,148,75,261,164,242,209,188,178,120,115,111,118,274,132,139,131,109,152,114,260,102,191,409,99,237,394,33,101,180,184,144,115,129,228,109,48,299,113,66,221,148,349,184,197,212,95,126,120,105,139,106,154,119,74,117,115,138,126,115,152,149,64,180,150,147,99,52,268,120,64,147,112,69,90,181,72,90,101,118,112,115,48,113,144,271,187,225,134,50,88,186,117,94,103,93,90,354,157,239,159,55,103,61,67,295,149,97,35,85,124,73,100,193,107,51,68,193,123,73,148,174,112,89,129,186,52,194,168,56,99,82,99,63,109,54,138,108,89,111,73,105,43,165,121,64,79,82,91,227,152,50,61,203,64,124,44,150,85,45,61,81,27,111,117,67,114,163,81,96,101,70,85,42,141,165,83,60,69,145,45,88,242,55,82,72,123,104,83,219,52,106,114,45,63,26,43,60,68,99,199,74,112,36,
24.19,136,73,182,1437,54953,2513,51053,483808,13892,3718,167,663,23659,54471,3108,11958,66018,8452,251,1227,12222,29025,27654,1901,8783,10561,54904,1193,5616,14701,38890,3785,31580,16797,7791,18413,4815,9982,16741,24721,2305,10030,10092,7021,895,789,9483,19141,31292,2400,4713,2683,10161,400,3523,6883,8264,9293,1949,5280,1941,2184,1713,2696,27438,4995,3703,1773,2508,2208,2680,396,3202,8074,3281,4665,3528,1113,4976,2042,366,1990,2324,3623,1651,5329,8451,3719,2704,1251,6598,1076,1683,879,4687,3720,6420,568,892,1293,2669,2579,857,10436,8729,2742,968,3534,1855,1792,1653,1420,2649,5213,1411,696,723,688,1465,612,806,1980,3236,1501,1213,1147,1037,583,377,590,1665,2246,809,1366,3766,2179,1120,602,796,2031,1576,408,2695,10370,1588,669,703,743,942,1323,1179,2000,1939,165150,3650,916,722,1833,8233,804,8956,2373,3795,4830,163560,5160,13366,1809,3540,1817,19793,181295,33310,7469,1710,6191,1563,14093,1936,46057,20439,12906,6379,2018,2560,3803,6926,66535,59353,26996,12109,3896,4988,2107,3508,20579,7095,18869,5273,2515,3007,2495,1700,7881,7053,5381,5733,2108,7663,2710,6252,2195,3983,9480,5128,2837,4380,5054,7247,10173,4542,8945,12424,9190,7689,7907,7397,15517,16128,11374,32841,34683,23610,32727,22071,14230,11473,15779,17072,22275,33489,24886,10219,12803,28903,20051,12416,17117,22022,101127,7064,4545,10531,9987,14915,4088,11778,29882,10399,14157,1774,21377,9938,3044,855,2591,1378,810,1269,3477,11405,2027,1520,10811,4252,2901,1345,647,10094,1935,6797,1091,5090,1988,1758,1042,452,750,377,421,1214,914,467,688,1113,1267,589,734,553,377,266,402,3039,1459,764,814,442,385,1394,366,450,498,1677,347,574,491,490,266,884,631,845,316,1027,760,829,514,547,406,658,401,559,632,473,659,557,370,386,475,492,345,481,720,390,365,509,404,428,437,416,505,244,378,222,423,301,547,321,339,297,201,613,320,253,375,194,322,400,413,198,447,307,378,343,127,225,309,531,346,249,383,345,402,435,186,210,354,683,296,160,246,290,246,233,283,278,306,339,460,276,247,365,237,237,213,231,242,294,335,546,290,420,297,369,385,234,469,277,536,301,552,287,1090,445,327,382,278,306,467,341,617,357,389,430,345,448,325,250,405,456,629,408,447,403,359,379,265,369,203,311,325,612,244,405,689,394,321,537,708,953,392,448,614,565,596,363,481,387,466,359,565,396,310,617,588,455,417,581,585,765,400,481,519,1132,550,507,440,563,924,633,529,728,645,529,634,439,569,406,493,586,459,363,345,369,1305,1391,433,310,298,636,458,308,445,698,439,896,319,986,519,592,308,381,591,497,290,472,1019,273,274,219,261,337,323,336,292,176,601,285,526,408,283,226,317,306,389,256,347,341,233,241,260,179,297,195,389,303,357,353,329,337,268,135,204,257,295,226,356,183,365,399,414,439,196,286,490,193,298,292,182,507,215,220,149,295,242,292,307,271,354,312,241,310,314,367,221,300,323,219,254,162,359,214,179,330,174,240,183,271,196,174,141,342,191,380,301,175,223,289,169,294,363,187,289,252,141,161,261,190,239,253,213,206,233,169,308,166,283,239,174,254,227,357,149,193,246,158,253,351,144,95,256,168,221,216,177,187,160,256,335,229,862,296,223,276,165,183,248,255,193,220,215,368,418,353,319,222,290,313,304,174,187,195,239,259,94,243,91,261,269,349,288,151,168,349,236,202,200,206,226,203,254,241,209,262,266,242,270,134,337,326,299,220,169,175,244,135,247,141,179,155,88,126,160,159,194,163,131,135,214,207,70,242,89,170,149,261,120,268,123,260,138,59,122,228,157,132,178,137,88,105,117,149,104,91,287,236,110,143,131,81,218,208,116,153,126,180,91,67,252,154,102,115,153,61,184,185,73,279,225,159,65,148,197,192,108,226,318,222,144,135,79,162,202,47,112,171,119,101,127,135,153,119,240,103,129,257,243,116,129,206,130,134,102,81,118,109,81,127,60,138,125,71,106,135,44,69,194,75,108,101,109,121,86,88,114,121,108,50,275,80,132,172,78,129,176,65,294,137,209,66,106,49,142,93,148,127,69,131,131,87,160,45,117,243,189,201,220,78,108,93,120,124,49,182,225,266,105,91,98,106,66,128,165,52,95,195,219,80,140,50,95,136,74,60,179,155,161,103,73,104,59,125,77,167,94,106,46,23,217,96,100,138,91,45,117,39,107,71,44,146,57,31,62,103,150,102,65,110,45,84,98,147,13,68,82,143,146,82,94,113,65,56,50,91,57,142,89,75,87,142,152,102,48,69,100,104,24,42,39,94,31,106,58,35,21,70,94,87,38,90,59,118,16,38,45,92,119,216,65,86,29,48,20,77,136,42,32,34,15,26,25,99,144,112,109,68,50,37,256,61,37,99,14,28,29,30,154,118,67,43,8,9,51,83,196,83,64,168,62,37,53,106,51,37,13,39,34,64,45,49,29,35,77,43,39,62,8,8,13,111,33,46,43,36,98,5,6,79,16,10,68,219,65,31,118,14,23,20,63,120,72,115,99,51,23,31,131,44,130,76,
24.01,135,64,274,1388,54537,3556,55957,450649,25067,3657,153,846,25420,50863,4663,15650,73838,9033,395,1575,11815,30050,19468,2556,7902,9218,54308,2577,10927,17028,38600,3895,30898,14251,9565,11686,8544,9591,15855,21392,3824,11663,12488,7402,1983,802,7698,15095,31699,2855,5945,3221,12347,458,3957,8684,7662,14527,1809,7416,2418,1575,3810,3551,24879,4683,3449,2459,3707,3382,2917,459,3347,7124,4023,4183,3307,1960,4965,1981,810,1538,5308,2780,2321,5998,7765,3633,2646,1036,5599,1058,1778,1036,4124,4799,7295,758,829,1420,2937,2741,733,10554,9966,3650,1547,2270,2160,1194,1430,1823,2366,4848,2102,543,1013,945,776,527,1039,1764,3707,1728,888,1135,766,1152,357,763,1373,2302,596,2668,4322,1961,985,508,814,1269,2240,749,4859,13418,2471,830,754,986,1572,1379,7109,3274,2782,171988,2928,2348,1284,2021,9007,2174,10097,5569,5511,5272,264770,7665,10461,1852,3861,2426,16780,165351,32010,8928,1544,5660,1711,12862,2018,70582,11144,13805,4474,2202,2951,6955,8967,83408,27800,19049,10361,3574,4001,2037,3229,18059,7350,19155,6701,2547,4713,3464,2003,6991,9427,6401,8306,3966,3968,4236,4568,2362,5172,6996,6225,6196,6224,6284,9490,14711,5978,19466,25290,17668,9800,11701,9671,13412,18695,17116,32880,28037,18334,37418,24587,16236,16029,31276,21132,26950,26022,11716,8539,13228,22931,21237,21864,16646,25921,64589,6585,3394,60962,7767,9597,3130,9077,10067,3066,39029,4796,21861,25980,5298,753,6304,1102,669,1957,5062,11132,4844,2236,8624,3810,4033,5379,820,6929,2741,2552,852,3940,757,1375,536,609,589,677,343,535,574,709,625,683,779,1092,1177,500,560,360,392,10095,4211,1058,543,357,373,1493,625,678,560,2675,735,491,590,930,469,1561,691,570,661,461,1453,651,670,689,475,577,493,612,380,638,569,398,490,369,818,425,441,477,676,449,298,310,305,392,507,465,329,426,283,516,402,271,580,310,376,297,234,437,530,379,301,462,285,732,299,397,239,300,443,310,255,398,352,409,325,320,322,300,439,357,285,550,404,769,376,415,345,333,325,359,333,460,430,436,393,289,404,319,278,440,280,393,346,356,359,930,374,402,421,428,323,249,354,396,330,459,828,360,798,690,465,631,393,449,318,310,665,507,495,457,285,506,434,331,290,384,722,320,508,353,461,477,329,365,417,916,462,626,388,484,1509,628,425,478,566,898,639,624,702,579,486,728,546,477,918,596,623,462,657,683,737,592,577,448,974,982,922,598,431,903,730,584,726,468,736,499,492,606,446,821,376,384,427,419,381,419,540,615,412,430,1773,1508,537,407,390,434,582,401,511,858,428,1349,498,533,398,391,296,275,565,309,368,327,1070,378,283,392,271,441,305,272,269,342,504,297,306,482,242,345,331,303,318,286,376,308,356,303,302,411,281,257,494,348,255,322,265,318,364,338,304,346,312,316,272,275,341,427,397,325,290,316,237,317,315,267,304,354,234,411,317,381,362,309,239,308,285,330,187,444,333,267,368,197,196,306,242,303,347,337,221,178,396,260,307,281,287,254,283,332,243,329,236,285,344,229,337,190,424,126,230,263,192,332,223,235,289,337,239,353,323,204,375,350,276,286,277,317,273,412,300,238,367,222,254,242,281,154,342,402,317,187,261,223,211,254,374,241,1825,482,621,247,202,187,371,209,357,219,517,408,381,452,277,360,498,315,289,446,300,205,267,201,326,238,342,477,196,504,212,369,432,249,187,196,259,211,302,229,385,287,220,211,355,233,243,182,166,269,191,208,104,237,252,155,239,241,211,373,187,137,239,117,134,280,147,235,151,136,139,300,225,254,150,356,163,187,160,103,160,183,151,134,268,232,144,80,182,153,219,173,208,196,426,193,179,190,351,206,183,192,191,326,183,176,174,108,306,172,313,154,230,123,415,176,375,206,94,166,116,147,149,260,225,170,226,202,173,147,183,216,204,147,235,226,165,125,213,141,161,115,151,248,124,186,169,167,212,160,161,83,327,71,253,118,205,124,144,154,234,170,116,274,190,155,104,82,167,214,122,144,143,246,140,252,232,90,209,121,178,341,91,123,128,145,110,173,183,206,169,162,209,159,95,112,265,191,142,236,195,154,115,122,96,103,140,187,145,108,86,97,261,249,191,161,186,205,110,116,166,206,89,186,75,124,99,150,46,121,143,127,140,67,153,99,112,206,203,116,117,106,213,103,175,239,129,123,113,81,157,129,75,119,205,85,89,216,183,95,51,120,135,76,96,159,125,88,87,128,109,53,78,37,117,98,121,103,211,94,66,199,47,195,146,163,264,65,33,197,78,323,90,46,157,91,141,150,100,109,86,118,54,54,81,91,56,75,33,184,124,150,54,202,190,69,74,38,80,223,136,127,44,211,101,95,49,55,66,138,237,16,62,107,110,136,70,178,65,82,84,119,60,69,125,30,100,24,68,254,87,151,29,44,45,148,55,112,124,60,35,109,83,64,80,77,95,71,137,35,109,89,40,39,47,191,224,145,25,66,48,34,63,66,14,134,96,26,49,70,85,39,35,121,77,58,13,58,54,47,131,46,14,44,37,126,35,161,174,46,
23.83,134,142,193,1085,40015,1725,60244,358926,38366,4959,57,1038,18999,41006,3023,15473,37357,5380,345,1367,10071,26472,16370,2326,7067,8258,43292,1935,9867,12496,35560,3337,29454,13888,9893,9176,4484,6267,11502,21917,2199,12299,11175,7202,2068,746,6402,11424,30395,3023,3851,2480,12105,763,3016,6526,5014,10730,2417,4996,2494,2181,4505,2599,9470,3515,3728,1760,3646,2563,2639,1061,3599,3385,2769,3223,2561,1356,4562,2000,514,1618,6810,2670,1407,6232,5583,3003,2707,1394,4141,1298,1681,581,3261,2423,7437,1469,1006,902,2073,2289,761,2534,10996,2200,1174,1247,1288,1158,1287,914,2182,6483,1223,599,727,926,1080,459,663,2004,2347,1916,477,811,549,808,349,746,1171,1804,581,1317,3580,1445,748,564,534,952,1775,500,5435,8242,1579,830,619,496,1134,1296,5791,7092,3237,63900,4657,5679,2015,1351,8844,2712,9629,6379,4423,3840,296878,8955,3644,1848,4011,2012,14061,50425,10045,8948,1923,5496,1787,11447,2299,37258,4076,12290,2220,1692,3534,8284,5487,80119,17653,5880,6593,2156,2252,2748,3609,5423,6299,9037,2513,2565,2737,3143,2542,4240,10880,5956,8197,4540,4731,3442,5409,4227,4452,7237,8678,6041,6822,6661,10769,12268,5129,27757,27959,19961,12554,11370,13356,16295,15695,34197,19457,21737,11428,38898,21366,18477,18442,39334,18690,30895,34514,8489,3423,9245,13454,14480,18989,8241,23249,29450,3738,1273,99404,3676,2527,823,3124,894,1423,39896,4564,10681,25631,5670,1431,9926,895,557,5071,2640,4664,1395,1059,2558,750,2271,3490,553,2164,1070,749,1188,1045,511,432,374,264,325,448,348,476,556,317,379,844,387,536,891,467,438,397,308,8008,3641,1888,915,207,404,760,1059,673,379,1833,375,249,525,268,599,709,318,615,607,368,606,434,476,521,373,488,608,459,515,518,438,194,396,294,285,322,214,414,457,326,218,346,435,284,262,469,235,215,243,266,414,304,534,344,167,324,261,291,340,391,331,438,219,553,248,310,197,144,530,155,321,285,172,381,270,261,261,189,371,200,257,296,268,629,287,296,353,330,252,213,283,380,203,204,557,253,269,347,287,414,270,326,356,368,361,632,334,309,342,471,271,395,304,419,286,245,754,312,461,391,323,590,474,273,393,323,522,396,251,277,310,492,357,321,372,389,413,306,394,370,542,471,449,821,484,891,555,459,404,516,545,784,355,568,444,469,420,437,783,542,610,452,534,799,694,584,451,816,625,544,275,610,418,427,508,325,393,549,550,355,341,241,403,158,280,387,293,349,322,360,234,255,194,332,425,211,425,322,306,226,996,930,365,375,250,331,270,259,374,496,341,1605,330,418,381,297,471,286,191,216,351,306,629,272,242,182,315,497,241,271,321,367,379,236,216,209,157,266,281,297,229,216,249,177,471,239,292,255,299,237,299,217,193,465,178,349,361,383,168,138,383,192,283,309,289,439,386,332,269,269,175,164,250,198,160,203,212,378,241,237,244,98,243,240,292,200,222,263,120,272,94,280,267,148,143,257,319,274,119,187,156,302,192,355,92,240,162,157,318,317,264,282,169,249,213,115,173,235,208,190,163,342,124,243,289,140,271,99,165,146,208,314,285,155,284,288,231,196,176,182,186,212,317,219,212,174,252,230,190,143,268,229,288,67,194,151,1517,608,502,261,130,188,291,234,150,335,267,107,174,243,199,224,339,208,347,113,174,277,265,198,267,206,153,227,116,286,92,155,128,177,237,167,164,192,181,208,138,325,195,205,150,172,184,157,246,194,125,203,100,164,94,136,302,105,150,115,42,47,196,126,102,105,315,69,159,100,132,161,140,188,97,162,134,120,139,355,199,224,124,42,129,152,118,116,124,167,182,105,224,154,262,220,58,103,26,127,226,88,119,94,92,93,215,90,253,115,122,47,41,203,162,117,163,79,130,76,160,51,106,152,86,185,182,87,211,209,180,83,104,97,66,129,110,141,176,95,132,96,76,142,61,213,182,114,61,66,110,123,63,137,260,47,116,176,119,183,104,87,70,88,87,186,75,81,28,99,64,39,186,66,82,84,254,158,77,29,70,171,62,125,76,103,70,161,136,75,110,90,55,31,130,118,136,158,95,81,169,110,51,122,221,227,233,119,76,49,34,95,52,115,108,38,60,108,88,76,100,256,59,134,177,93,28,99,64,13,52,96,31,44,40,150,92,130,46,193,131,105,58,86,52,44,109,116,32,31,100,56,115,88,79,62,41,73,205,8,74,32,57,132,213,52,67,15,37,28,28,79,18,89,11,33,61,49,43,30,135,52,33,72,76,121,58,42,177,44,115,115,26,20,40,42,93,56,38,18,149,58,88,87,32,55,69,47,31,92,12,77,46,4,62,64,12,31,57,68,58,77,91,16,34,116,95,60,167,19,14,108,3,16,23,107,88,97,18,130,113,6,15,23,22,54,68,118,63,6,44,65,35,91,30,153,40,35,251,17,41,64,44,58,93,41,62,18,25,8,34,14,64,15,75,50,75,65,26,18,57,17,13,9,14,39,24,7,11,4,11,18,9,22,16,11,26,15,29,108,15,15,19,70,27,20,44,37,7,9,
23.65,133,50,269,1786,36853,3531,56797,302931,36792,5215,184,1793,25387,37954,2853,17614,20073,7483,560,1277,8989,23262,14401,2028,7841,8145,37422,1505,10220,11446,31561,3021,28169,12966,8533,12387,7964,16133,11072,19010,2163,9801,11108,7213,1855,1089,6768,11153,30219,2101,5245,3016,16160,588,3394,6588,5162,8496,1826,6498,2450,1464,5493,2667,6001,3265,3449,2357,3623,2569,3026,834,3828,2528,3702,4021,3513,1650,4878,2138,741,2088,6526,8206,1455,3864,5261,3242,1845,1246,6784,1167,1531,712,3067,2830,5615,960,731,844,2600,3005,785,2441,11360,3045,805,1877,789,865,1279,1449,2254,5150,1881,444,916,822,960,559,717,1385,2736,1222,1412,1259,698,1125,752,810,932,2598,730,1427,4790,1661,765,655,779,1125,1824,731,6221,16816,3598,459,825,549,1844,2377,6681,24480,7625,35436,7550,19469,4636,1513,9385,3041,7256,5088,4137,4408,361930,8665,2320,1577,4214,2449,19311,15917,3744,6877,2096,12241,2474,14338,2547,22483,2696,8535,2828,2394,5812,6579,9146,61687,13956,4489,5333,4695,3224,3664,3824,5996,5718,4476,3907,3996,2805,2664,2720,3707,10845,5949,8761,5731,7350,4876,13154,5697,6292,18347,12642,10733,8690,8807,17500,12933,12347,27453,24792,25512,11284,14479,19009,28052,19599,68451,40147,15236,10280,31689,18752,15757,25381,50250,16630,21544,38325,8562,2962,7373,6918,9835,16279,5316,16234,82714,10818,1409,130003,5865,1384,946,2770,1652,1261,30666,3750,6634,18042,9936,4744,7829,2725,2687,4106,1556,1923,670,820,1150,542,1317,1803,491,1189,459,1599,816,605,592,498,550,310,419,366,526,599,932,707,525,1007,934,666,859,628,723,626,553,4359,1594,2147,778,526,399,750,1056,808,520,1134,474,352,638,650,956,868,563,512,460,419,512,338,366,417,499,768,406,362,309,428,564,335,217,322,446,341,425,420,404,427,506,424,583,435,257,429,375,372,354,334,259,370,714,289,361,404,332,234,340,422,297,382,298,647,305,372,323,306,862,446,419,356,433,422,562,283,320,430,540,495,300,210,242,380,277,329,487,393,510,266,346,503,310,362,417,267,477,292,283,412,362,379,373,484,331,753,402,390,386,490,516,375,404,382,356,335,648,482,330,319,402,606,356,340,413,431,367,347,443,438,401,453,362,253,420,524,739,345,629,417,640,933,873,460,590,691,377,706,611,349,630,675,729,766,529,743,522,533,549,511,711,522,604,960,596,512,421,536,692,466,384,468,403,443,411,258,431,465,356,455,554,350,372,277,395,380,277,595,156,516,230,293,389,406,383,399,328,322,388,212,380,478,617,316,321,299,396,306,352,316,351,834,376,412,386,289,364,364,344,409,287,342,729,382,321,289,388,236,339,197,350,385,333,537,438,224,376,328,236,281,240,302,210,378,223,286,292,285,241,330,294,311,316,254,229,242,207,238,310,275,349,261,332,311,248,219,325,248,274,239,265,276,319,257,396,287,167,237,226,347,236,262,325,296,165,255,270,260,221,213,177,276,112,204,296,286,352,270,233,196,291,373,218,175,263,298,276,315,268,264,274,341,410,203,229,182,121,250,216,332,207,266,293,320,275,276,217,389,315,296,167,253,340,352,281,207,216,136,270,221,194,299,312,269,295,287,181,367,205,233,265,243,233,184,244,244,826,520,491,179,368,270,159,249,251,296,248,250,293,299,199,200,376,308,263,265,276,183,171,153,354,561,228,156,336,292,386,247,250,226,283,117,245,188,212,346,191,229,230,190,150,218,205,138,142,147,102,256,194,230,263,304,346,161,83,151,82,277,166,223,331,135,130,172,103,206,92,162,165,109,140,222,155,258,146,190,73,140,230,219,269,154,175,116,180,206,150,123,348,74,157,85,303,137,107,171,145,148,122,141,147,209,115,202,161,118,182,97,198,135,148,253,200,229,240,202,195,172,68,178,104,138,243,116,162,284,300,135,91,135,134,166,336,136,295,206,360,174,151,283,451,169,94,125,94,112,63,61,56,174,110,42,100,125,168,186,84,113,75,53,95,35,88,103,94,108,84,85,181,153,169,128,153,170,60,123,150,214,167,138,158,52,204,115,42,286,136,134,169,97,138,119,107,85,123,61,151,91,38,134,223,132,142,72,59,138,110,139,77,46,241,197,159,223,74,58,152,48,59,97,121,107,60,145,226,69,142,104,146,142,196,138,124,110,73,37,106,75,80,130,141,84,140,70,161,50,145,97,150,63,54,35,95,111,129,64,30,34,99,31,122,50,93,151,109,134,87,93,259,78,71,125,99,76,66,68,163,190,80,65,106,28,84,76,45,67,85,61,36,75,148,50,11,93,39,89,56,154,71,58,18,97,113,87,146,39,65,31,57,128,35,90,64,128,63,64,100,177,60,83,99,30,116,106,103,35,101,61,48,13,16,92,37,139,28,98,59,47,26,40,48,101,69,191,55,70,68,188,104,92,154,53,10,89,88,28,17,105,105,79,114,82,24,77,90,137,34,98,134,65,83,105,60,74,79,67,97,7,14,223,19,69,199,170,33,16,93,61,79,43,30,30,38,68,72,47,34,85,78,53,15,64,33,36,74,72,
23.48,132,52,279,1219,25418,1517,32362,227890,14046,4726,151,1706,20758,29237,1779,7841,13949,3959,148,905,7726,21742,7490,1318,7204,5420,27721,809,5055,10602,25511,3038,25454,9163,6981,10601,8786,29885,12716,18275,1867,8414,6350,4904,1332,326,5739,10072,26571,2101,4130,1938,16572,594,2810,3815,4281,7230,2084,4637,1973,1638,4433,2103,4961,2338,2311,1680,3032,2457,1907,392,2934,2744,2793,4223,3162,1944,5055,1272,362,1874,2612,6041,2889,4604,5693,2151,2171,1630,7250,1368,2108,420,3675,2809,6934,680,1309,685,3011,3270,867,2000,10320,2603,591,951,545,715,1612,1355,1893,5517,1771,698,1301,865,702,557,799,1655,3080,1324,576,1553,974,872,391,779,782,1549,569,1729,4721,2100,1273,554,588,1007,1462,637,5936,17979,3605,658,575,831,1198,2421,2162,35278,10161,28733,5826,24286,4592,1965,7447,3258,3775,2095,3516,2588,461066,8644,3252,1683,5553,2519,27554,6213,2034,2823,2864,18265,3954,16689,2268,3784,1410,4507,3053,3466,6941,3849,9101,16253,5181,4606,4376,7594,3484,4471,2921,5346,4816,6767,3503,4851,3221,2790,2533,4657,6075,7245,6485,5815,7464,9019,15463,5871,8418,30768,17422,10550,11969,13509,24539,17999,28745,18769,9522,26442,7250,13875,26017,35866,21431,65962,50973,5282,6731,18267,9253,8726,26016,37988,7633,10297,21861,5348,1147,3047,2640,3995,2659,3140,4993,83661,10117,1179,72454,3490,3313,1664,549,3895,1023,6500,1484,3288,3841,11675,4677,5053,3182,2869,1726,1064,684,482,370,433,482,559,409,485,942,401,751,682,454,446,526,337,323,391,368,299,406,498,506,483,712,613,567,579,413,749,490,308,1174,865,526,441,404,272,643,287,629,509,1175,260,258,369,321,284,788,288,330,427,300,546,361,317,437,291,336,293,314,249,442,514,254,377,391,147,406,297,314,277,279,219,280,253,415,351,161,294,277,337,286,194,237,427,199,280,282,320,350,157,275,234,248,139,423,390,350,182,318,380,253,342,304,439,315,277,316,324,345,341,318,294,241,217,395,346,264,306,295,396,252,356,471,360,254,446,369,280,395,343,452,138,362,213,370,359,341,299,215,267,319,315,214,299,598,279,251,280,390,257,326,273,484,272,492,311,291,330,459,227,802,477,692,346,250,325,545,722,552,531,540,425,309,366,516,443,606,435,1161,429,353,721,515,552,429,355,553,436,379,555,244,499,372,358,417,588,374,406,453,269,314,233,325,258,299,355,341,482,268,328,289,296,327,340,240,339,268,327,251,252,672,320,233,239,251,327,192,282,281,224,282,393,261,386,218,375,391,209,358,301,369,315,393,227,337,280,332,161,272,248,140,431,218,409,337,116,222,313,292,149,198,206,151,165,364,188,220,245,181,198,231,291,314,317,258,228,297,152,294,231,246,259,155,155,243,213,196,102,280,237,247,134,88,174,331,133,109,249,216,174,237,208,212,184,236,190,198,129,49,111,142,278,209,253,310,200,186,202,126,163,99,94,209,157,235,120,252,292,203,134,145,147,154,172,438,202,178,149,129,120,216,236,151,211,168,273,216,159,360,136,257,184,300,207,249,131,147,312,216,196,246,211,117,174,183,238,276,106,150,164,248,206,106,204,322,267,167,216,376,104,232,166,161,207,261,175,63,174,204,112,210,157,184,182,235,175,143,203,195,147,155,166,108,140,163,239,258,165,162,245,110,207,102,172,209,157,117,160,280,304,107,59,116,86,198,118,125,98,251,102,48,149,64,164,157,37,180,179,266,169,128,129,104,57,91,108,80,137,321,113,165,197,75,327,83,83,99,97,108,219,178,189,89,63,132,183,134,139,218,177,77,27,77,194,80,169,51,205,215,55,46,113,50,83,120,73,123,110,70,137,123,206,93,113,209,34,140,172,138,61,68,120,91,71,106,60,92,172,132,90,36,42,128,105,106,188,71,23,79,143,41,100,115,43,14,90,146,41,146,259,119,107,32,31,81,67,30,80,67,63,97,63,28,67,105,96,100,23,39,42,114,27,35,219,80,41,85,49,41,53,47,88,48,32,123,69,176,121,219,104,53,133,64,38,84,322,78,89,57,73,80,62,24,133,92,102,95,70,45,12,159,43,51,47,57,61,28,62,83,33,21,50,20,142,25,33,28,49,55,169,109,50,9,36,63,270,64,48,73,77,77,44,56,52,84,136,165,76,15,34,128,28,16,36,34,14,16,205,114,22,59,117,28,117,80,68,107,19,102,26,60,31,57,53,75,97,14,104,133,18,41,6,54,62,13,200,14,5,9,14,70,31,61,38,32,29,67,29,88,110,42,147,68,21,16,4,21,65,49,25,30,87,167,73,28,83,21,30,21,180,40,132,33,77,5,35,7,39,202,66,84,14,53,4,44,29,187,11,36,21,14,72,24,20,30,22,90,20,19,19,6,98,82,13,35,30,42,4,171,54,103,31,88,163,4,73,44,25,37,29,24,23,21,10,55,18,23,51,66,80,11,73,10,6,21,67,4,50,133,12,24,7,79,61,110,47,25,25,42,12,27,78,4,35,65,28,52,71,78,57,6,4,4,69,12,103,3,
23.3,131,61,187,1107,24293,1611,22427,218576,5429,5579,130,1566,17510,24301,2156,6686,10646,4382,232,1558,6568,22605,9133,1707,7383,7138,33616,745,4057,9059,26485,2550,26669,8883,7298,16608,7913,56556,10566,18371,2079,9552,9019,6546,1426,524,6094,11766,27810,2233,3685,2455,15614,317,2798,4918,3275,9869,2026,5075,2328,1192,1984,1551,3316,3416,3446,2388,3339,1837,2251,418,3054,2816,3322,4155,3134,1776,3314,1669,531,1537,2002,3735,1435,4389,7061,3351,2554,1119,10051,1168,1513,554,2876,3431,6906,801,971,699,2219,2794,984,2536,12419,3380,883,958,684,1245,1172,1578,1566,4559,1655,471,1058,661,770,277,788,1891,3450,1251,1152,1607,828,750,603,1031,1189,1751,612,1356,6430,2240,821,898,726,1393,2130,533,4245,19745,4835,1595,1404,655,1271,2833,2995,33966,10842,17654,3855,26432,5860,2068,3422,2976,2794,2074,2586,2669,894040,21253,4983,2399,5609,2416,28370,5788,1669,2705,3476,17558,3221,14869,3436,3000,1658,4551,4039,7712,6193,1971,7293,10833,3377,2182,3565,4699,3289,4614,2585,6282,5989,7649,5178,4246,4972,4421,2875,5653,5802,8829,8495,6254,9507,10982,15245,8042,10527,50408,25810,13930,13940,18001,31788,27826,59552,19958,8604,21239,6989,12339,30363,36843,27531,42065,54283,4212,5441,9786,7244,6447,21750,23019,4338,4297,11515,5208,938,3102,2354,2758,4993,1387,1592,66945,6488,1074,30395,1660,4639,2358,936,4428,1272,6218,952,6401,3258,6735,2712,1871,1648,1612,1749,427,461,597,406,576,321,308,386,461,467,291,426,466,548,265,554,295,359,435,372,387,394,795,359,526,552,414,632,431,784,416,754,397,1009,495,916,434,464,337,507,335,576,378,459,373,571,336,522,450,962,422,274,330,396,378,480,256,376,139,356,352,295,538,229,500,359,211,373,227,257,225,262,187,316,361,234,410,216,123,153,377,207,365,223,272,195,412,368,158,309,346,236,287,207,242,252,273,395,336,439,247,423,545,288,219,243,268,527,230,259,296,277,309,217,240,184,270,542,324,162,381,481,367,217,319,257,278,304,271,371,405,235,179,319,253,274,220,217,398,335,272,266,286,446,317,340,286,443,224,248,271,278,503,487,482,494,259,923,424,277,425,449,274,370,427,564,389,356,425,306,511,288,526,533,487,465,671,459,455,547,348,822,434,288,414,369,571,556,364,259,373,233,659,296,365,308,551,448,263,337,215,275,378,318,267,301,257,216,340,315,270,253,203,166,296,226,316,311,386,250,362,223,290,410,327,294,245,234,166,234,325,196,153,137,260,341,224,226,277,253,233,163,172,219,206,274,308,213,183,288,244,228,220,280,212,165,276,182,315,340,242,387,194,265,200,133,216,274,266,163,294,311,243,315,156,233,227,197,179,251,225,277,198,177,210,232,136,236,130,144,248,197,243,216,128,237,199,197,144,79,132,230,197,176,275,183,248,146,216,189,151,247,159,192,250,127,233,269,166,141,149,338,117,133,233,270,207,197,122,160,200,231,267,275,121,267,134,266,153,277,82,196,166,211,274,69,243,77,154,218,180,272,248,188,140,400,193,176,213,177,182,168,454,220,159,143,158,334,228,100,184,319,234,170,171,155,90,227,180,190,199,231,199,158,165,241,176,68,125,128,159,153,201,182,223,72,155,120,183,110,351,251,152,199,125,73,169,222,117,204,145,86,100,125,162,207,94,94,52,144,186,235,228,135,151,175,109,81,204,292,171,243,222,263,273,134,67,174,110,83,260,200,196,155,73,85,142,98,133,120,72,68,70,171,169,67,140,157,76,128,313,113,69,127,89,85,145,139,102,126,102,206,52,84,152,210,87,43,191,56,100,136,109,181,129,70,147,188,182,179,210,237,244,53,94,77,149,202,158,71,135,105,124,80,114,63,123,165,41,163,188,83,31,98,221,85,112,88,65,45,249,221,83,40,124,52,83,36,57,70,151,111,97,83,89,27,42,148,50,61,103,188,65,115,138,26,83,83,120,50,104,76,62,150,97,19,86,218,55,26,23,128,98,43,80,15,73,68,88,81,74,127,111,25,44,91,100,49,195,180,64,44,41,61,97,36,26,60,178,63,71,36,75,89,59,58,83,12,35,19,51,48,143,135,22,30,115,13,129,45,30,48,103,76,46,25,53,80,133,4,91,54,72,91,30,86,74,163,54,16,47,13,71,120,32,20,37,22,12,76,13,10,17,47,111,65,11,8,14,54,32,17,133,35,55,43,203,64,4,45,15,64,96,18,35,53,81,104,45,31,47,79,42,7,41,23,47,10,61,201,65,7,88,74,93,47,5,32,113,19,23,23,13,89,45,41,29,7,14,15,22,47,32,110,28,57,47,44,20,4,26,49,13,75,65,70,40,30,16,92,64,7,73,52,20,21,44,71,24,45,27,8,31,12,24,121,25,25,34,10,32,26,39,203,11,92,4,22,11,33,22,20,16,24,42,19,44,22,31,61,32,13,15,9,47,19,97,108,27,35,112,55,37,26,16,48,9,42,5,51,12,31,41,9,11,17,49,24,3,132,13,8,35,32,21,27,29,19,36,27,
23.12,130,166,192,933,23144,1699,24102,190340,4660,5879,192,1330,15424,22725,4298,7231,5980,5099,326,2712,8856,22062,13082,1453,5765,10398,29117,1306,3102,9295,28314,2339,26733,10744,7950,18435,3644,72906,10692,17618,2986,8765,8549,5847,1287,901,6027,12741,25954,2605,4272,2083,15373,757,3690,4927,4668,8194,2539,4557,2577,1115,2876,2932,3038,4080,2701,1881,3203,2425,2768,897,3968,3165,3087,6126,3412,1770,3833,1671,528,1781,2347,3021,1911,5097,6369,4357,2744,1911,10694,1436,1958,1216,4293,4490,7111,1075,1157,778,2069,4984,643,3089,10621,3293,722,1529,1099,1101,1025,1371,1711,4411,1609,589,836,1084,1323,583,1085,1734,3492,1704,3698,1258,915,696,371,787,1971,1742,827,2016,9121,4604,1208,1434,923,2294,2312,1069,4480,14365,4631,6860,11148,2584,1544,4703,5231,26293,9015,15221,2688,26373,6650,1409,3326,1555,2527,3175,2585,1492,4425775,106230,10098,2165,5386,4064,22494,5236,2710,3648,31246,13204,2843,11139,4111,3149,2144,8068,4309,9612,6488,2377,7472,10155,6607,2437,2798,4542,3022,4893,2895,7123,6167,8480,6434,5990,4625,6649,4156,10338,8164,11077,13200,8344,12614,17067,12452,11552,13163,58106,32628,24381,11214,19958,35681,38745,86390,21160,7670,13660,6071,10240,35004,29160,28060,22373,45536,3314,10721,3422,12048,3944,13059,12790,2543,1623,7763,5745,1274,2605,880,1558,15311,1750,1039,27863,3747,1070,9980,816,2670,1575,1105,3401,1648,4360,999,6331,3087,1319,1304,1364,1737,493,767,596,670,488,574,653,410,450,380,466,719,393,341,541,353,397,319,512,316,423,477,362,916,581,590,342,700,445,695,686,509,462,520,548,1052,486,514,340,409,461,455,649,323,473,787,423,370,358,319,329,714,362,377,220,366,539,285,324,276,339,570,528,249,248,325,717,454,254,305,334,362,299,308,314,311,535,336,289,430,401,288,414,473,284,330,378,369,962,283,498,261,407,271,410,350,337,318,427,567,323,386,300,208,493,400,259,346,370,324,348,339,257,310,373,441,328,247,392,647,347,307,287,242,292,417,417,364,352,275,402,347,254,396,299,393,284,294,353,380,419,553,596,334,282,385,378,378,337,958,522,443,746,381,1234,675,570,659,282,1101,464,401,1053,512,336,1280,387,1167,734,501,542,480,967,682,449,559,688,440,593,371,518,459,385,707,538,438,537,579,365,507,439,346,364,448,434,410,344,331,378,382,261,330,253,277,248,642,327,274,302,268,383,266,355,295,298,427,390,361,473,302,257,371,209,247,216,362,308,321,305,299,354,314,314,208,256,270,334,302,279,206,323,329,490,346,281,233,293,369,412,345,387,295,229,298,217,292,277,368,567,248,227,198,378,381,296,147,212,313,369,306,367,313,356,198,317,203,251,234,354,281,279,222,223,228,321,317,260,304,287,181,250,197,293,407,227,264,246,135,238,164,295,348,208,248,205,279,248,194,187,275,208,211,256,192,307,260,215,217,244,132,225,187,339,113,156,151,247,227,299,381,356,172,269,167,139,311,265,161,303,238,308,192,205,292,152,239,315,170,312,381,146,331,295,134,344,212,210,202,201,219,246,161,163,230,243,258,146,243,210,207,221,261,175,197,234,135,177,203,151,152,237,225,169,253,276,126,174,112,299,229,246,106,187,180,99,183,242,283,177,130,169,154,130,255,163,152,185,180,105,235,183,322,108,173,190,215,272,136,227,222,113,134,236,337,210,93,223,148,175,151,284,224,87,391,233,280,246,172,174,114,135,189,136,238,211,114,227,201,115,68,126,211,233,116,82,175,122,106,221,160,157,201,129,193,173,140,163,161,227,189,203,166,80,139,88,141,148,107,115,194,95,75,183,227,85,192,186,286,65,134,120,108,125,155,56,137,129,161,100,238,195,135,161,87,66,165,226,134,305,119,29,131,185,56,179,100,93,123,95,259,83,143,96,481,156,59,30,152,111,228,89,105,147,257,119,151,53,70,215,101,125,91,71,182,83,107,80,36,34,267,95,75,179,50,176,137,67,86,155,166,136,155,40,95,39,39,184,144,83,211,58,174,98,90,122,67,24,57,95,209,120,70,154,124,78,202,112,45,126,128,160,48,43,70,120,123,43,75,99,97,59,73,129,62,56,163,55,64,94,203,23,63,104,168,147,153,176,70,112,128,87,85,62,91,131,138,213,77,142,58,85,211,95,169,152,77,57,108,91,202,91,64,116,55,170,82,166,47,128,97,120,91,61,167,74,60,113,142,46,54,63,85,90,55,115,48,58,201,50,40,76,184,56,109,64,130,110,86,78,56,62,123,108,63,42,30,153,48,27,33,145,35,36,100,107,16,55,69,47,13,67,39,67,38,74,64,53,111,139,214,90,58,53,76,34,117,42,115,80,56,83,183,66,68,50,78,172,55,50,69,155,39,128,22,58,40,51,30,34,100,30,79,79,47,17,238,77,155,62,34,19,51,35,51,43,42,93,19,50,54,93,119,44,89,122,56,95,41,80,55,17,55,59,31,75,21,16,50,40,57,92,123,39,30,87,80,89,69,56,55,33,75,160,28,56,76,127,61,78,68,16,85,
22.94,129,183,151,1828,21709,1788,23791,173507,4222,4283,188,820,13423,26850,3696,7325,4141,3542,69,3524,5329,18651,9113,1855,4543,9332,29889,1343,1811,7910,21248,2391,21932,8503,6821,14710,2455,48742,10653,15502,1689,7874,7429,3338,916,543,3463,11420,25669,2610,3448,3046,12510,408,2803,6187,5116,8556,1782,4884,2208,1203,1506,2662,2952,2407,2512,1393,3906,2151,2294,694,2337,2800,2700,4891,3469,1349,2658,1638,392,2033,1525,1776,1419,3466,5994,4884,1316,1179,8183,1145,1559,699,3400,3074,7179,499,1120,1310,1332,3265,806,3302,7028,3046,582,1047,757,862,831,1352,1577,4458,2691,539,991,493,1006,489,1064,1367,2453,1443,2736,821,862,779,327,744,1522,1590,561,1791,9074,3529,2020,1320,865,1425,2363,934,4814,8286,4897,6511,16277,3001,1823,4053,3303,18418,6400,13562,2554,10141,3747,1784,2841,1405,4603,3395,3619,1969,6054688,141830,15719,4042,3596,6563,8929,2579,1945,6381,59107,12998,2196,7104,4025,3012,1926,9984,4201,7600,5020,2097,5538,11102,7814,3162,3112,2936,3497,3770,3281,5478,6987,8546,7874,6288,4677,8622,4635,16777,10256,12481,13179,8311,15903,12576,10152,11011,10765,25409,35734,25934,8476,21230,44625,36142,52592,13262,4942,7253,2746,9233,23055,12411,19309,3959,13014,2138,17601,3887,22050,2613,5380,1681,867,1272,7967,3827,689,1782,812,2779,13608,3029,841,3087,1285,2218,674,552,2344,660,706,775,487,1160,749,991,565,428,343,1128,744,554,424,273,515,236,383,532,356,575,376,403,565,279,344,357,367,374,362,271,394,538,479,439,473,255,467,394,473,301,734,667,380,398,314,373,1061,345,315,339,325,334,381,641,382,275,1105,447,273,344,412,344,1089,426,284,287,221,547,247,269,277,299,687,343,245,242,304,518,327,260,270,184,235,233,120,231,156,209,183,464,248,183,258,262,296,238,251,290,263,616,270,167,260,227,281,215,220,149,278,401,797,389,479,301,276,343,266,190,294,213,442,277,178,337,267,290,462,336,256,197,602,289,342,189,313,211,206,262,311,321,267,407,222,344,286,258,260,217,424,344,259,322,708,367,299,387,330,310,303,311,464,392,321,521,362,698,534,393,484,365,480,368,290,728,573,362,496,507,531,316,331,421,323,591,335,303,392,362,253,371,281,277,311,220,322,347,309,378,338,289,232,416,291,285,182,573,329,182,254,237,266,286,175,241,323,280,766,319,347,276,217,463,164,284,195,320,367,192,229,203,303,342,367,322,310,344,178,288,273,238,179,240,345,271,251,260,281,547,270,206,319,156,276,254,224,204,147,218,652,168,219,326,237,145,239,443,184,245,196,491,283,115,297,187,189,171,202,151,214,215,141,136,263,224,265,71,203,126,98,79,344,176,171,103,265,234,328,189,276,215,162,176,239,275,171,178,234,284,108,156,178,223,135,194,167,212,265,172,211,367,135,246,269,106,203,250,149,175,198,197,124,94,131,213,202,325,271,155,132,268,179,173,222,194,92,70,216,292,138,249,206,278,139,88,309,322,197,272,169,81,59,304,202,55,63,277,206,72,90,204,133,94,224,153,164,222,270,329,51,366,357,132,52,150,164,220,161,83,87,142,317,171,171,83,113,203,117,176,63,83,141,194,87,118,135,92,122,96,232,92,87,112,125,172,68,108,209,90,192,155,158,52,102,109,169,66,125,62,128,182,57,74,68,183,131,158,74,87,114,102,141,136,164,122,179,194,173,13,145,200,38,131,77,86,219,100,89,100,138,228,144,152,129,171,124,38,4,156,151,168,77,256,166,106,89,72,54,93,29,122,55,89,67,84,35,83,55,35,88,36,26,120,116,136,18,60,85,76,108,14,42,89,150,60,237,81,169,76,90,204,80,73,173,131,70,125,157,211,172,88,136,150,60,123,116,97,106,35,79,169,159,59,124,71,212,109,131,7,64,58,114,53,190,86,96,116,106,63,94,35,57,72,89,62,92,96,53,122,102,103,70,43,32,120,34,51,77,99,32,37,57,172,67,38,18,24,68,52,90,100,66,172,18,33,42,8,249,166,131,41,93,43,148,14,66,39,61,67,56,84,54,70,57,95,135,48,279,79,32,73,115,19,53,82,44,119,57,225,80,57,70,41,34,29,29,56,25,13,40,34,55,8,77,34,19,47,78,50,25,87,82,57,12,30,50,62,18,39,96,23,20,6,8,104,33,29,65,28,55,17,9,37,35,60,7,105,38,54,96,14,24,26,196,21,21,5,71,146,12,81,89,36,45,68,28,74,53,46,42,76,12,10,65,50,34,31,48,67,126,23,69,19,38,56,40,34,80,126,29,54,18,40,50,74,28,29,68,30,6,18,17,12,29,74,63,59,47,42,11,3,47,13,13,37,76,62,11,7,30,39,22,32,4,4,11,129,19,35,73,57,19,24,18,78,19,35,62,5,56,49,6,72,48,41,8,6,31,30,36,14,11,27,22,9,5,11,47,31,27,42,5,38,36,3,19,36,9,3,93,100,165,21,56,43,14,26,132,3,45,36,6,20,17,29,190,9,10,141,41,27,69,30,14,
22.76,128,90,146,1373,21853,1585,23007,160720,4566,3792,306,912,11225,22101,4233,5833,3844,3519,341,1359,5563,14468,10984,1467,5400,7356,33069,957,4268,9144,21259,2132,20429,10700,6434,9865,2093,26620,9328,15645,1709,8067,9148,4050,1745,736,5480,10071,24198,2359,4836,2681,9468,505,3258,6278,5604,8893,2118,4738,1740,1415,1854,2821,3581,4243,3185,3025,2693,2061,2295,595,2679,3301,3305,4475,3003,1207,2937,2167,1006,2823,1727,2295,1904,4181,6284,4685,2147,1213,5609,1386,1675,757,3067,2426,4331,768,1109,1275,1873,3649,577,3457,8448,2603,784,1317,886,985,1128,1514,1898,4098,3624,478,992,962,1025,692,952,2085,2865,1655,2198,1074,998,846,607,889,1497,2488,714,1380,9201,15674,6478,1713,1582,2336,3750,1147,8406,7416,7165,7371,14509,3030,1463,2715,3883,17043,4003,9927,2176,7196,2802,1896,3728,2147,12485,4940,6757,1829,5975338,123110,11095,4890,6312,9543,7398,3681,1660,15226,68817,13629,2745,9609,4749,3500,2591,8729,9850,9183,4227,2867,8543,10765,8137,2703,3910,4625,6616,4414,4942,10031,11435,11587,9701,8574,6407,14182,6989,22735,11829,16057,17763,8111,31588,37966,12552,10774,9196,10226,26752,26231,7445,20122,46811,23215,18053,6940,3215,56483,8918,8272,13612,7995,9472,2190,5276,1592,19316,4611,28302,3323,1876,4412,1645,1504,5997,2417,1364,5471,815,4181,8399,11103,4090,7363,3476,4750,1189,1498,2706,772,883,689,509,1419,982,626,593,562,886,2207,923,425,597,417,851,451,639,466,443,460,547,369,659,508,634,656,400,335,424,491,413,680,422,382,628,510,469,518,445,462,597,607,554,303,300,421,1652,557,621,369,281,280,348,278,631,323,1771,542,547,315,268,278,1212,337,338,374,399,598,371,374,224,259,562,351,275,232,372,494,385,334,345,223,248,301,341,274,155,447,232,222,485,292,302,228,338,390,276,385,440,1266,368,293,283,342,373,313,355,219,256,454,882,459,279,213,224,643,336,284,442,240,370,248,369,275,349,243,355,384,299,242,634,316,346,261,478,240,262,338,354,443,294,699,276,300,489,441,503,360,349,500,652,424,1137,534,359,384,438,975,348,386,327,483,400,1308,376,454,538,422,647,483,331,404,376,765,526,497,398,313,440,400,309,445,333,417,622,258,613,276,308,357,383,333,295,285,344,279,329,285,230,279,327,376,378,396,297,1080,445,311,287,332,322,421,257,244,497,347,821,251,255,451,257,431,224,261,299,355,430,353,264,298,287,312,232,228,309,252,289,201,255,261,391,243,391,329,302,259,266,180,303,284,219,251,213,245,191,271,275,255,793,323,321,284,243,327,367,496,385,171,291,403,317,265,247,274,505,207,305,302,303,366,186,215,191,309,259,266,230,379,261,234,170,186,322,219,181,141,172,281,149,137,304,182,423,176,198,277,163,137,294,256,170,219,272,162,207,213,183,199,205,179,327,153,306,173,183,177,146,185,173,136,292,311,244,221,147,200,190,203,169,257,95,113,128,275,312,272,183,188,224,131,219,151,173,221,248,77,307,223,209,119,134,185,198,194,168,393,165,194,164,226,141,207,145,205,191,264,285,129,158,369,514,259,184,212,165,225,284,121,179,224,306,164,186,123,364,190,152,192,249,189,210,305,132,249,341,193,182,125,133,220,122,137,138,216,180,169,77,192,321,145,203,102,130,143,204,244,207,181,110,45,65,92,106,192,112,92,86,81,148,122,113,165,199,220,136,144,159,233,70,147,126,269,94,136,240,125,83,156,99,124,159,211,77,113,270,77,111,52,125,213,165,173,193,79,218,161,60,110,132,66,120,119,209,45,128,82,58,125,215,102,282,155,215,133,153,260,104,183,56,122,222,94,127,176,111,125,143,94,157,130,37,146,161,138,144,139,97,219,88,237,78,107,102,111,116,255,24,209,27,127,78,195,47,115,136,155,76,137,72,167,133,64,89,156,122,78,178,59,120,145,181,134,53,64,74,64,195,57,154,65,72,53,187,136,111,80,151,100,267,220,26,180,122,212,41,126,48,99,121,195,99,115,73,55,51,80,107,69,61,108,83,50,159,80,64,89,46,67,178,164,44,104,151,52,49,88,161,187,140,91,91,99,183,105,132,54,22,48,44,110,37,150,83,84,76,113,114,75,100,57,42,39,120,28,73,24,61,41,62,154,11,130,48,37,169,49,36,51,92,94,120,51,21,65,81,121,27,55,66,69,46,61,19,125,50,39,18,102,116,18,30,63,39,26,45,230,92,45,113,65,50,28,60,90,229,18,281,12,46,84,23,57,43,190,75,34,91,32,54,119,113,84,85,12,37,58,22,67,47,123,93,77,96,38,77,200,18,64,47,60,141,76,23,41,33,89,22,44,20,59,19,52,57,21,52,32,60,40,50,49,70,21,12,29,206,90,126,42,73,51,15,22,234,37,40,62,14,26,22,52,52,81,4,68,67,30,35,79,15,69,11,23,32,25,55,73,86,21,20,106,134,19,158,87,34,152,10,59,22,88,70,6,79,64,43,52,8,112,72,16,8,10,16,52,22,17,11,212,51,60,166,18,29,
22.59,127,44,21,894,15044,977,20255,116233,2753,3347,275,875,9390,15617,3858,6497,7435,3905,139,545,3712,12486,6741,2015,5159,4830,14679,915,3922,6830,15777,1223,18873,8872,5247,6713,987,11188,7597,11146,1672,5940,5928,3446,1215,597,5341,10048,15602,1934,3763,1757,7125,223,3749,3864,5051,6654,1062,6515,1944,805,942,1860,2274,2874,1873,1644,1867,1398,1664,662,2801,2659,2482,4589,1986,1500,2005,2113,581,2254,1663,1999,1557,2617,4701,3576,1452,1194,3304,1058,1429,667,2825,1991,3097,583,715,907,1124,3026,451,2395,5522,1809,470,947,455,567,800,1012,1248,3424,2711,532,1025,606,846,527,672,881,2695,1230,398,785,788,625,508,746,962,1516,1078,2477,7623,24082,8324,1301,2934,1948,4165,1288,10356,6538,11672,2830,3725,1757,1322,2070,2643,6672,1826,7855,1834,5726,1829,2909,3466,2044,11432,6182,5604,4486,1543328,28064,5075,2975,6261,10688,8423,3301,1946,11172,27254,7390,3077,9892,4391,4076,3131,3720,9605,10601,4422,4667,8810,5482,9567,3525,5776,6309,8330,4629,4986,13436,11210,13896,8643,8242,8321,23532,7545,19912,12979,15152,23361,7082,35594,57741,22016,7252,4845,7574,8951,16309,4273,17220,27293,9293,2122,3363,2255,96245,17003,5071,2612,2052,1584,365,719,1067,9106,1521,16678,1886,579,3182,1246,1055,3268,1918,1705,4474,1135,5111,1585,9568,3610,4289,3292,2135,1303,539,679,872,779,386,413,835,998,475,809,471,2063,1709,317,212,461,252,831,368,441,362,395,464,520,723,461,324,432,635,373,342,252,334,387,606,511,401,215,392,348,484,307,394,694,417,310,307,200,278,2461,328,374,309,279,354,348,348,251,309,1473,305,411,219,455,235,635,265,319,307,283,580,223,300,214,275,283,171,222,342,116,367,288,205,186,232,210,300,245,414,210,226,213,253,211,305,115,270,348,296,234,306,290,619,198,211,216,285,300,299,179,220,391,289,848,531,186,325,211,388,267,195,307,259,296,326,376,203,317,337,338,456,365,319,257,197,228,268,404,445,293,266,400,580,203,513,288,313,798,243,547,485,380,612,432,441,958,342,481,373,250,553,572,343,481,327,275,861,318,439,385,391,363,290,386,473,365,684,300,473,389,252,385,198,305,374,207,337,380,443,259,300,261,190,350,369,210,221,281,255,260,288,213,147,252,307,180,325,323,784,244,274,288,287,250,181,351,156,220,293,495,180,270,145,252,192,164,238,308,231,298,267,160,366,239,301,187,243,102,222,185,255,314,243,315,295,183,233,173,147,144,169,131,186,404,338,291,309,228,236,200,239,659,139,164,278,202,106,136,169,214,158,191,202,249,197,126,135,309,254,110,161,93,111,218,172,172,126,213,227,146,148,177,196,105,198,85,214,140,145,198,140,277,137,183,102,121,196,180,50,162,125,176,126,224,171,184,238,190,149,105,102,134,127,114,208,337,188,158,130,98,108,91,117,227,364,199,83,116,303,245,123,85,269,82,105,154,121,74,90,107,42,319,136,90,165,166,106,74,101,124,107,142,186,118,147,103,148,123,271,207,251,198,61,159,159,42,156,74,77,84,105,67,200,516,374,123,116,65,78,143,48,44,79,390,425,135,221,152,109,145,142,222,154,122,171,55,202,134,149,62,164,86,212,147,127,86,244,155,68,146,239,95,187,86,66,206,116,46,85,79,81,102,42,32,69,115,148,172,69,138,116,167,51,63,75,144,132,217,117,101,17,46,255,133,94,288,75,184,199,105,96,145,61,149,221,113,38,80,171,51,137,154,87,59,84,120,77,108,155,23,75,104,34,206,71,42,5,43,120,86,129,137,72,147,131,42,45,83,45,57,106,65,113,36,26,20,70,121,11,116,89,59,94,187,133,120,65,171,70,89,149,34,74,60,114,54,86,48,140,22,47,100,92,57,72,125,66,129,40,94,59,116,84,187,15,277,114,152,30,110,71,33,24,23,98,27,82,17,85,27,86,35,56,49,32,173,57,151,35,100,22,48,193,120,98,231,19,71,9,20,61,102,101,11,71,69,23,139,13,132,11,90,113,78,73,51,65,186,32,28,6,60,25,31,154,62,43,67,13,22,59,274,9,68,54,151,16,7,64,73,76,29,19,76,24,28,84,9,48,115,35,41,76,53,67,138,32,3,89,50,68,7,98,104,40,22,135,14,24,61,36,10,21,9,25,61,32,80,11,77,28,21,6,53,63,55,5,36,32,66,40,52,70,45,64,17,65,13,20,53,6,17,12,21,16,83,22,26,21,32,17,6,14,40,19,31,24,41,97,13,260,92,34,65,87,4,24,46,7,29,72,21,53,13,15,27,105,11,36,36,48,4,6,13,28,4,16,17,18,41,56,3,53,4,25,37,10,6,7,4,28,23,53,39,35,62,9,75,13,96,5,12,19,54,86,80,71,23,9,11,6,46,13,31,6,14,11,27,21,24,73,4,19,5,12,117,119,36,10,9,41,55,4,5,5,9,26,38,12,8,63,8,54,12,4,124,105,3,9,74,42,39,13,3,16,28,33,70,40,91,37,96,3,4,5,47,
22.41,126,263,297,1125,14123,1161,17149,96128,2596,4256,165,1134,10223,15868,3326,6344,34670,3877,340,989,7078,13078,6285,1575,4468,6451,11954,794,5098,8777,19663,1992,21243,6753,5051,9007,1090,9324,9361,11919,1979,6832,6128,3372,1599,1457,6375,9821,18581,2342,3251,2325,11082,427,3156,5013,4960,7369,1955,5016,2268,1412,1928,4674,3156,3789,2671,1846,3206,1916,2347,851,3690,3068,2944,4277,2248,1387,3109,2080,630,1595,2186,2903,1557,3335,4641,2717,1534,2105,4002,1243,1413,1066,2990,2002,2771,836,1053,1344,2305,3476,805,1773,7028,1852,587,1497,753,919,1626,1529,2051,3684,1660,567,1052,879,1721,473,1366,1092,2631,1188,896,2512,2725,1077,537,765,1614,2147,1682,3163,7757,23680,8375,1736,2556,2426,6147,1562,24945,16300,18075,1330,2524,1647,1738,4059,3125,7044,2109,17542,3096,6097,2627,3501,6167,3088,10822,7255,3952,57654,329434,8589,6056,8217,6478,9162,16688,4788,2552,8129,8790,7471,3616,9280,5699,3851,5420,5241,10178,20674,5477,6678,10948,6957,6733,4735,9757,9225,10957,8560,7004,13657,14840,16535,6564,14872,13955,34614,9096,14619,15821,13620,27552,6198,39787,63029,22743,4613,5511,7438,6819,8948,2380,14334,14130,5048,1146,2195,2318,159111,26643,5004,1004,1031,856,808,841,1491,7094,2091,7647,1835,1003,2356,1178,2148,3511,3047,1006,2068,1780,5925,2164,3842,1763,3081,1213,1158,2519,477,642,840,1013,343,945,1246,1627,1046,559,475,1859,1276,495,517,399,494,457,467,485,633,625,620,1028,792,729,492,830,728,551,551,461,356,558,648,460,447,487,420,454,644,685,371,1118,708,446,274,459,362,1950,514,348,329,410,257,272,381,351,497,1804,432,383,205,193,278,616,414,281,223,556,532,226,283,279,333,397,368,249,393,224,372,242,266,392,330,403,279,393,319,280,438,344,408,367,341,415,296,317,190,151,258,311,988,409,267,371,360,348,390,376,360,484,342,730,299,302,383,251,453,416,281,303,354,523,287,427,365,311,430,564,275,265,232,606,335,407,579,394,489,595,437,470,1266,295,560,410,557,1195,626,745,498,470,689,404,412,1031,837,596,437,423,555,419,421,274,407,317,1009,445,394,342,362,680,358,397,280,476,659,309,409,391,293,486,373,292,320,321,251,259,331,303,313,264,265,382,283,367,363,276,256,277,345,263,324,229,237,353,335,269,539,285,223,228,261,325,295,299,239,311,192,335,300,206,243,153,272,270,236,237,303,229,399,335,303,308,237,287,305,185,221,234,116,265,229,260,251,375,402,208,152,122,369,269,247,165,270,381,291,216,181,211,160,297,232,207,204,187,147,184,309,262,258,140,324,235,126,175,234,195,133,277,215,145,266,202,272,146,196,211,194,205,166,225,203,309,65,126,216,265,331,303,330,244,269,424,196,136,212,303,227,189,260,255,160,198,229,354,152,275,291,257,114,132,171,200,217,127,201,185,75,160,307,163,76,186,258,154,280,217,140,305,373,189,240,131,326,181,171,187,124,101,242,311,232,125,93,154,102,152,161,213,140,59,106,222,80,166,81,65,216,334,183,241,204,177,210,177,205,123,111,156,197,161,412,522,303,88,178,111,167,234,294,122,280,273,266,286,248,304,133,201,141,186,166,211,251,190,331,291,219,263,163,148,178,188,148,187,248,150,190,159,93,167,295,170,124,160,114,208,178,88,63,145,68,101,155,140,186,213,202,167,201,165,115,204,80,233,123,185,64,146,77,39,270,69,179,147,272,120,153,142,64,263,291,120,181,93,67,95,102,107,167,112,169,104,110,112,136,55,151,95,152,39,76,92,182,204,228,155,152,109,112,96,85,69,112,146,119,164,111,174,173,95,195,39,77,72,80,213,139,124,146,200,125,95,145,143,130,88,71,105,73,88,164,109,64,97,168,199,86,51,59,77,70,210,66,50,103,49,22,101,40,62,45,43,70,88,108,36,90,73,144,140,120,199,110,64,98,39,110,119,69,38,169,37,42,101,100,188,229,96,108,103,108,101,73,62,31,38,126,135,78,39,114,75,45,33,98,105,117,50,31,71,99,129,42,93,96,88,116,40,85,30,72,94,70,68,202,103,117,70,25,120,140,66,74,34,64,130,86,35,77,206,23,89,127,63,46,77,55,53,63,89,23,32,73,48,85,43,36,27,24,45,67,42,119,24,28,50,57,11,40,30,58,76,41,82,50,51,62,96,29,86,67,19,75,20,135,42,53,31,57,52,55,57,30,65,6,85,46,26,26,43,33,79,21,32,47,92,102,7,66,95,76,24,33,144,20,56,12,122,95,56,30,34,38,63,46,16,13,15,65,73,6,26,191,37,23,44,43,70,37,78,59,90,22,36,106,24,59,18,14,83,68,10,47,49,55,146,16,30,46,14,25,81,57,57,15,82,155,27,180,107,35,33,55,24,54,33,15,8,52,20,17,67,22,8,11,14,157,47,102,50,28,4,37,119,66,131,19,83,63,113,26,7,12,25,92,33,25,7,9,19,84,47,5,21,18,56,8,25,9,57,242,50,21,10,38,65,18,38,22,40,16,13,62,26,
22.23,125,35,89,519,11058,1605,14777,66747,2204,3761,170,700,9373,14551,1565,6710,50197,3018,233,554,4078,10773,6648,1318,4068,6195,10697,817,3558,7341,14832,1801,17996,7312,5860,10300,1282,7185,9014,13555,1114,5973,5660,2782,1217,499,5567,8983,17947,1684,3295,2523,9355,204,2693,3684,4558,7719,1881,3442,1426,1358,2199,3180,3029,2530,2019,1985,3124,2689,1042,417,2346,2925,3890,4185,2291,1082,2689,1770,685,1499,2562,2507,1954,3645,4362,1228,1690,3439,3486,961,1631,511,2542,1896,3106,393,878,853,2118,3386,413,2162,8853,1887,749,1556,1046,958,1351,1397,1566,3352,1229,414,1386,827,964,789,805,924,2430,1157,876,2864,2958,2287,487,1039,824,3258,1222,3011,4936,6136,1468,727,1665,2753,4818,1441,23447,17098,9902,902,1965,1190,2624,4240,2422,8471,1735,23759,4030,5515,1714,2853,6893,3713,6641,4995,3257,128390,32124,5785,4288,5531,7149,6376,12423,3272,2735,6151,4239,7629,3061,5771,5961,4219,6054,7001,5120,23489,5987,9395,12835,10282,8419,5083,8957,11674,16772,7992,8437,8164,16120,17386,5737,20061,17838,25152,6816,11105,13873,9301,22472,4815,23948,26901,6823,2387,4026,2898,3343,2778,900,4337,1804,1182,454,940,3285,96614,15468,2714,479,2417,2258,868,1367,1236,1858,6214,989,3491,1431,1076,760,2557,2257,2854,480,471,2750,8221,5328,784,596,1330,1896,1166,1082,853,535,681,931,705,398,978,832,551,654,369,741,1177,652,447,529,457,456,402,686,872,456,819,500,563,1076,349,569,369,402,251,308,326,682,351,357,226,355,193,360,343,360,297,1632,1093,245,302,191,233,1575,528,344,228,221,205,230,263,299,325,947,279,362,358,275,219,1036,197,210,217,256,343,211,281,197,192,268,236,248,256,342,484,241,331,224,266,147,257,288,379,242,271,345,185,205,270,204,330,274,310,273,448,233,765,243,232,219,267,289,252,214,214,315,373,344,263,218,330,259,424,378,259,305,395,267,414,343,222,308,311,492,322,340,216,282,297,340,736,453,570,477,481,284,498,217,746,327,294,470,341,532,319,459,416,433,200,1050,321,314,363,371,267,272,315,364,392,210,586,324,181,225,473,253,218,277,271,164,291,180,344,281,244,289,295,199,136,313,243,188,270,319,261,313,256,278,241,244,153,198,253,187,223,459,376,114,212,156,128,249,652,146,246,270,140,177,196,197,129,278,207,185,183,137,252,106,260,169,276,166,202,411,167,240,187,180,318,148,245,180,219,238,104,120,182,132,117,269,90,92,245,128,178,166,190,189,156,164,103,284,213,195,166,356,122,227,129,168,183,217,181,162,208,57,195,179,164,245,71,108,204,114,136,155,65,207,207,204,205,131,132,188,84,91,261,63,288,222,219,208,84,118,153,90,103,96,134,67,213,222,160,121,54,191,214,101,301,150,211,287,94,45,139,90,202,118,233,82,127,70,97,153,150,77,134,206,201,198,192,54,67,168,250,275,105,117,119,48,134,116,229,98,107,132,199,52,19,32,112,99,72,105,169,93,201,96,75,121,64,65,54,85,108,88,163,105,96,143,192,78,105,158,56,46,880,475,136,103,82,170,30,108,111,56,185,143,275,168,253,322,147,175,75,284,62,372,182,104,262,193,184,60,178,156,100,91,72,128,193,142,111,90,14,90,100,108,77,63,99,83,209,79,118,148,86,315,36,86,204,31,134,121,80,65,93,61,79,189,251,127,79,84,99,194,169,105,81,86,73,93,266,74,92,226,76,89,67,100,179,45,114,34,182,81,55,61,80,111,44,160,24,49,55,23,22,52,106,35,65,8,97,61,53,93,58,104,233,43,129,67,50,40,84,193,42,91,37,56,37,38,46,13,112,33,5,52,12,83,130,13,71,30,17,47,84,61,52,75,57,118,144,109,6,62,97,30,65,323,72,20,47,15,13,31,19,28,55,21,47,20,44,44,34,73,80,43,80,83,52,13,3,64,52,36,72,69,49,28,21,68,28,66,37,18,116,38,119,41,17,49,7,4,34,45,89,30,29,30,63,15,184,14,263,8,57,17,20,85,19,46,15,117,48,22,28,33,22,80,19,83,73,42,33,48,76,8,55,73,17,80,128,102,72,37,101,11,54,41,23,32,129,52,57,25,80,48,14,62,15,5,57,67,79,25,9,9,6,159,10,23,110,25,11,138,67,22,29,4,18,58,30,3,4,113,46,6,109,63,32,61,26,30,17,78,67,92,5,5,17,150,77,7,23,12,7,25,23,40,13,107,32,4,38,32,34,26,10,53,9,61,6,21,34,12,72,73,6,79,7,39,19,11,41,13,30,55,85,34,35,11,17,241,14,25,6,21,7,11,13,10,7,142,205,8,9,24,4,6,5,3,26,51,7,8,27,15,25,49,10,14,69,51,85,21,32,28,10,5,23,9,4,24,6,37,6,172,78,30,8,7,19,52,17,4,31,12,12,12,13,18,14,5,6,69,176,52,20,19,18,5,9,28,10,181,6,18,34,78,35,5,29,87,11,54,70,17,19,8,6,4,11,286,143,10,5,5,24,11,
22.05,124,46,170,716,13955,1290,16348,47760,1480,3872,100,1686,9374,15854,1950,5973,60476,3205,260,655,4668,10147,7413,1687,4060,4532,11558,1135,3931,6169,14937,1793,17087,6603,6136,11312,1848,20111,7658,13963,2661,6579,6064,4300,1217,531,5142,8765,16988,2557,3981,1792,8905,648,3553,4449,4000,7166,2223,4930,1210,842,1732,2436,2330,3385,2724,2191,5801,2742,2080,837,3140,2817,4730,3753,2128,1753,3303,2556,793,1641,2319,2289,1680,3765,4644,2517,2054,1916,3897,1121,1195,711,2552,2084,3616,699,1065,1309,3054,2422,520,2692,11975,2297,520,2527,764,807,996,1268,3485,4256,1909,717,2517,1019,1817,616,1005,1053,2216,1885,1618,4592,3151,5994,577,1081,1675,7320,2352,4002,3303,4298,801,1916,2373,3402,5674,1624,19396,21819,4894,1120,4186,2272,4074,10212,3010,9883,3322,28512,4481,3581,2134,5722,11131,6924,8104,4778,4361,204721,52052,7390,5224,4242,8990,5374,6030,3492,3777,6972,5625,5803,3866,6910,6998,7404,11502,15047,5886,25116,6621,21206,13941,15045,10677,5372,14497,27542,40145,8484,9356,8176,22272,20255,5693,22033,32262,27617,5814,7306,8604,13241,15523,4162,17948,26414,6509,1989,3510,3360,4281,1679,913,2021,1649,818,427,1215,3879,46271,7267,1499,1249,3551,5745,2219,1813,1397,1335,11443,2017,3070,3460,1967,2086,4397,3956,9114,1220,555,2724,13597,8362,881,703,2297,1505,1836,551,919,802,847,764,794,703,1340,774,650,514,694,611,1233,808,707,721,506,376,672,822,659,541,405,569,464,972,633,389,378,387,463,319,419,458,453,321,372,297,351,480,392,417,538,2423,1579,295,390,397,248,2005,888,299,149,293,239,205,459,219,405,1508,464,397,328,419,317,827,329,306,302,252,277,297,357,321,364,487,262,376,273,298,417,200,316,239,327,483,374,259,331,296,267,302,333,220,336,271,340,300,282,317,439,365,971,367,363,384,418,351,381,313,378,248,480,503,413,543,575,265,515,560,590,266,416,456,394,437,283,366,550,841,533,363,408,657,758,484,459,500,524,382,529,479,599,297,4100,948,412,582,267,406,490,469,351,254,294,1327,578,486,406,281,253,371,452,317,305,291,505,470,325,261,343,450,289,338,261,415,273,499,341,370,361,205,247,312,267,289,313,198,261,348,393,422,312,313,273,430,206,162,354,226,296,266,494,220,367,361,366,266,280,382,199,330,256,276,190,284,353,297,253,343,281,216,378,244,358,199,255,285,362,211,213,350,363,215,169,205,209,300,232,237,384,262,170,168,192,198,231,274,263,297,286,327,224,145,241,335,219,373,194,238,188,269,183,108,242,154,141,159,256,101,197,196,171,224,154,166,156,292,156,283,171,172,111,189,213,183,96,171,145,183,224,241,212,166,100,152,194,51,172,186,168,159,156,219,195,180,88,107,201,198,192,101,196,151,133,198,224,188,90,180,61,209,94,170,215,43,145,184,175,166,529,109,376,238,207,182,90,63,147,113,413,198,104,114,194,94,68,127,74,347,204,247,100,152,71,319,114,151,45,214,82,96,141,113,260,114,246,95,145,134,127,186,307,218,228,78,107,156,118,165,168,85,1671,781,216,143,138,167,76,130,79,240,260,213,827,238,344,657,229,314,246,182,96,92,163,165,307,110,145,255,238,160,199,149,174,140,113,125,193,114,91,191,98,112,79,70,134,229,111,131,136,286,105,109,143,164,396,197,80,156,119,107,92,112,133,139,74,414,182,116,111,87,73,113,50,144,152,127,162,160,53,87,53,164,39,47,135,129,112,87,71,74,68,128,90,189,237,126,115,142,189,174,88,64,96,110,127,171,46,116,39,155,149,53,99,78,316,57,84,26,38,165,105,35,93,120,42,50,76,77,46,64,110,75,307,160,106,170,45,86,62,221,99,65,62,50,271,76,50,157,167,75,74,69,103,36,108,63,126,62,69,63,61,56,177,103,118,33,26,137,139,53,29,96,99,44,65,69,47,153,61,18,74,73,125,16,65,104,54,51,67,94,32,67,92,54,33,90,42,109,34,123,90,46,28,52,131,51,18,92,131,39,107,158,107,31,186,55,98,74,123,46,182,60,108,266,115,29,29,46,11,35,48,36,26,95,39,37,112,37,152,20,85,29,25,39,64,21,69,83,44,69,18,30,53,44,23,137,15,105,44,29,52,12,30,13,6,41,87,10,41,72,21,145,51,55,18,17,170,56,52,52,130,42,59,36,80,57,32,20,96,32,8,120,20,26,102,47,76,26,94,35,46,52,35,81,12,15,22,65,91,26,55,95,50,85,8,54,95,71,55,47,11,35,17,71,53,66,6,74,47,31,29,10,44,19,8,55,20,6,43,25,43,30,53,31,137,49,26,25,25,43,19,28,104,6,18,44,37,80,13,41,9,55,44,24,48,22,32,57,21,12,21,28,150,22,43,60,8,30,5,29,49,34,13,20,16,99,6,46,9,48,44,29,12,8,14,31,9,24,14,45,10,51,23,13,47,30,34,33,25,46,37,7,19,65,54,12,145,38,21,12,44,144,8,21,32,18,13,35,99,12,25,10,31,24,
21.88,123,18,88,805,11923,933,10728,24873,790,3419,184,1076,7523,15094,1311,3804,18617,1436,265,631,4404,10158,7071,2268,5212,4000,13631,1193,1853,6968,15147,1373,14479,6796,5561,7643,2172,40794,7894,12497,1902,6554,4796,4012,554,305,4856,9712,15876,1143,3341,2065,7504,496,2283,5763,4746,5558,1232,4367,1768,1683,1610,2584,2608,3431,2093,1353,6771,2301,1614,600,2082,2207,6685,2404,2191,1764,3907,1883,640,2230,2020,1578,1460,2242,3473,3237,2151,1645,4081,732,1193,586,1833,2350,2723,656,840,1195,1550,2641,584,3378,10653,2950,1064,1580,683,990,819,1466,3826,2948,1579,859,3560,771,3095,629,654,892,2101,1032,2242,4543,3428,5430,631,1882,1638,6637,2208,4195,2837,3547,769,2029,1691,4853,7749,1731,3129,15483,5010,1098,3268,2124,4580,12666,3332,9065,2694,12491,3265,2277,2214,7765,11506,6476,9114,4100,2602,122005,30938,5755,5705,3108,6660,5015,6656,3481,2191,4605,3581,7274,4984,5732,10396,9575,11244,15452,6550,28194,5869,25295,15368,13952,13330,5883,24990,34888,32214,6727,5860,7093,15749,21426,4037,16034,39171,19780,4227,3779,7000,22667,5113,1320,6567,6997,2671,2588,696,4086,2357,875,2190,2479,415,442,247,846,2507,3132,546,227,1068,829,1628,1006,2150,1046,2396,4031,1556,3084,4178,2721,2282,3827,4019,10775,886,779,3956,11645,2800,569,610,1556,1284,1401,532,1944,659,437,780,896,729,733,383,704,362,302,463,877,467,413,594,280,319,260,428,415,342,573,260,238,1102,438,351,383,192,312,283,173,342,283,203,184,146,232,395,474,418,387,1518,797,241,235,167,239,1062,399,225,334,264,336,225,290,306,459,693,207,245,172,293,252,332,74,294,213,250,638,237,145,289,320,514,222,207,207,277,289,209,199,288,288,239,126,240,249,179,187,302,282,299,257,206,178,205,179,222,201,335,712,227,155,184,213,402,445,292,219,360,359,498,236,473,339,290,475,378,595,314,377,700,416,444,401,288,541,613,313,409,243,214,328,470,422,464,270,440,289,286,434,214,3911,337,348,345,205,468,309,670,134,304,327,439,240,171,226,281,280,227,425,202,292,376,267,256,203,243,224,310,496,175,139,195,172,165,322,319,213,314,190,138,344,244,169,222,194,311,160,318,234,385,242,188,238,328,223,224,152,209,203,107,228,257,167,241,383,209,191,177,216,161,250,342,206,139,111,315,190,97,283,194,78,201,172,187,174,82,223,131,148,138,205,271,140,135,172,152,256,194,248,104,89,148,157,115,193,160,189,145,304,94,127,137,169,35,120,208,194,387,199,195,225,119,38,241,49,27,46,147,198,107,117,160,187,116,171,38,153,133,65,135,87,127,49,60,84,99,99,12,84,102,99,107,133,90,58,163,227,95,87,216,140,112,109,106,159,232,34,114,147,68,114,117,21,133,59,15,87,232,103,104,154,55,125,75,107,193,415,191,123,168,127,100,116,75,28,92,466,155,171,89,102,40,98,37,59,45,190,165,120,303,98,17,254,245,107,60,94,63,98,85,286,132,302,45,56,34,87,79,117,269,285,78,99,11,67,55,270,139,2334,942,223,99,170,53,88,51,301,121,456,49,444,525,224,737,207,703,183,178,73,90,93,79,157,126,86,90,62,87,159,114,97,47,98,138,46,55,145,154,98,121,110,75,72,112,14,114,68,164,106,83,146,140,159,125,119,89,27,12,25,146,76,99,109,224,154,44,65,150,41,51,134,46,27,66,83,46,29,71,100,72,78,70,77,69,57,94,52,37,8,63,68,94,43,40,20,94,56,63,131,43,96,174,74,119,24,69,74,33,94,148,180,67,60,30,58,137,26,29,19,55,88,43,79,11,45,62,8,52,50,49,24,39,28,105,89,48,121,114,10,41,15,27,9,44,47,60,68,7,77,20,104,44,57,23,90,22,124,23,184,96,61,9,6,32,35,47,70,67,22,47,113,31,115,57,117,30,14,71,31,38,58,23,105,21,18,7,136,31,159,76,39,117,28,28,99,25,12,71,70,20,8,16,89,15,8,181,31,44,41,113,60,21,28,17,66,51,210,41,4,62,11,31,34,25,15,72,9,53,32,71,44,42,70,26,23,38,11,18,224,28,40,19,101,45,19,145,43,30,26,142,5,5,82,15,34,34,8,7,40,10,58,6,13,5,38,11,6,67,21,10,11,107,106,108,99,125,44,4,12,6,30,21,39,14,56,34,13,17,33,8,9,96,7,58,33,14,25,8,5,38,84,17,14,3,14,35,5,19,14,8,12,6,11,12,28,23,20,21,11,84,10,4,14,24,16,68,118,9,3,97,68,25,37,39,4,6,83,12,8,3,33,16,39,107,125,3,2,8,61,14,30,10,12,5,8,71,17,6,29,12,10,6,21,21,8,23,39,15,44,7,14,29,22,38,12,32,4,28,19,8,41,11,9,111,85,12,7,107,78,26,42,68,30,4,9,7,4,7,12,43,4,66,14,10,6,64,49,10,9,22,72,71,22,6,41,42,4,28,26,23,6,16,39,26,30,24,6,10,9,10,10,12,
21.7,122,229,194,414,11919,939,9878,21341,1448,5378,109,744,9212,13332,1549,4408,7232,1503,309,992,5635,11401,6223,1852,6813,5632,16537,878,3539,7142,13790,2436,16514,5511,5646,3518,2340,40572,8145,11965,1446,6741,6643,3899,1202,559,5079,8168,18072,1759,3597,1865,7834,554,2549,4903,4088,7956,2865,4855,1864,1686,3281,3260,2787,3969,2625,1987,5077,1988,2134,423,2672,3087,8607,3792,2963,2192,5379,2774,641,1437,2223,1821,1067,2505,4421,3760,3075,1376,3913,1498,1769,860,2874,2163,3874,718,935,990,1805,1593,665,2926,11213,2619,813,1356,1309,1123,1036,1617,4979,2100,2148,1090,6814,1673,9854,889,1100,1910,2530,1257,5907,2902,5731,5180,2092,3711,1702,6625,1501,6581,3969,2846,909,3494,3090,6081,7845,1506,3326,9742,10014,2204,4436,2781,6795,20007,5567,7182,2665,7350,2114,2209,4212,8540,10973,5582,9869,4866,5302,55450,13488,3777,9694,3830,8799,9299,6393,5483,2313,4621,3484,11410,6175,9373,13069,13152,14146,8865,21424,91572,11020,29384,20328,19343,17831,6735,52079,34621,33818,7436,3707,5528,10537,18592,4153,25558,31705,15185,4484,2332,9762,28952,4871,1098,3069,2138,1031,4381,846,4067,1278,683,3605,2797,427,3613,565,605,2109,1162,466,605,941,2252,1396,447,1858,1297,5296,1548,1143,2856,4739,3804,1887,2269,9605,6001,796,1065,7060,15967,1505,1306,1117,1388,1163,2743,1782,3388,370,539,1013,1061,849,763,374,778,427,485,436,1089,435,404,347,447,315,287,319,189,336,648,424,561,1963,654,407,397,367,289,286,385,256,405,366,317,400,343,328,468,797,938,4984,3256,415,232,190,399,1453,551,358,510,202,435,271,497,403,769,772,277,290,498,330,271,592,152,264,301,325,215,376,358,203,302,438,287,298,244,246,286,223,229,289,400,301,276,287,345,292,490,387,441,269,291,255,264,215,375,256,439,414,620,619,348,279,355,774,263,369,1098,538,627,541,333,1152,351,366,879,465,872,397,363,543,580,478,443,304,423,416,278,442,315,366,304,414,659,696,414,436,321,273,347,215,2211,358,411,365,247,363,263,520,295,277,319,750,311,336,343,278,263,220,271,154,275,282,233,219,305,220,291,383,331,312,375,315,379,399,301,319,276,193,206,180,296,183,254,339,280,234,240,368,325,266,250,251,188,246,313,185,250,160,236,334,263,199,327,270,264,207,294,276,283,160,103,198,234,277,284,314,201,236,284,289,369,115,182,484,187,171,210,243,200,133,348,215,266,259,156,279,267,124,130,74,230,225,297,122,196,160,305,139,193,236,195,179,171,175,247,191,205,119,165,155,191,150,171,200,188,154,81,187,270,84,158,121,88,105,209,142,127,227,187,93,83,210,249,85,150,157,164,130,125,69,132,164,84,150,126,202,102,111,86,192,147,130,162,153,127,142,274,81,122,122,111,40,131,212,101,120,188,150,127,151,179,155,145,147,177,127,466,235,135,211,100,194,197,49,129,55,179,126,100,208,70,66,37,102,91,73,55,226,277,74,168,389,80,240,113,118,131,68,151,173,124,79,140,109,150,127,134,67,195,152,166,147,168,44,71,117,226,53,1747,938,258,104,121,160,191,156,42,69,272,251,507,498,160,381,236,378,278,190,110,200,232,114,178,140,124,174,147,105,159,145,142,176,74,221,91,117,133,84,135,83,90,90,143,70,183,66,51,88,84,56,122,266,79,280,65,107,75,42,62,51,115,52,169,127,123,123,92,123,103,143,106,26,62,134,115,92,63,84,93,68,20,114,71,95,100,89,125,110,63,111,82,89,138,356,36,99,82,56,106,183,135,135,112,37,96,100,105,128,100,106,55,75,37,105,16,141,48,101,42,140,19,180,55,50,62,23,76,17,61,35,116,56,155,160,56,97,89,88,101,51,52,97,52,42,108,109,58,65,43,135,61,35,51,88,105,75,55,206,81,64,51,101,98,144,120,52,54,35,30,99,69,138,44,109,46,40,19,75,47,127,97,21,26,71,50,12,70,166,34,51,151,135,48,27,21,85,51,70,35,196,122,75,98,32,25,71,38,45,45,31,49,59,118,44,48,21,81,32,36,46,71,28,81,93,77,69,58,58,16,9,118,45,29,48,30,52,58,55,72,38,70,17,20,76,121,20,44,49,30,111,53,57,87,38,79,172,9,36,78,16,23,71,49,42,118,53,63,20,21,42,37,84,44,207,18,12,43,38,83,139,149,14,26,20,20,12,168,8,28,35,24,29,210,135,47,37,18,16,202,5,47,82,10,14,49,45,129,53,129,25,24,24,34,37,28,98,118,95,133,78,17,26,41,25,119,19,24,37,20,45,9,12,85,32,9,10,6,38,20,37,80,42,73,42,6,22,8,36,20,35,36,30,45,37,20,15,115,41,71,31,23,36,27,121,13,15,15,35,26,10,74,14,17,54,42,23,51,45,56,38,97,58,37,14,10,31,26,14,5,6,16,21,31,59,42,38,86,48,77,14,43,82,24,47,39,37,12,16,50,75,14,28,32,25,57,17,58,23,10,33,22,11,67,7,8,18,28,19,8,47,25,19,
21.52,121,50,36,208,9943,664,11756,11659,1261,5325,87,584,8218,11687,1197,3187,8262,1163,119,574,3593,10538,3844,1315,6488,3633,9951,500,3114,6265,14814,1953,12528,5027,4055,3424,1482,12134,6360,9897,1084,6143,4971,3601,1463,292,4916,7860,18595,2395,2670,1943,8692,330,2546,3583,2763,6217,1925,3364,1667,1437,2629,1763,3780,5537,1882,1886,2530,938,1526,475,3820,2430,13102,3658,1637,1451,3216,2404,516,1972,2057,1852,1026,2245,4415,2405,2920,838,2465,1207,1210,467,3061,1932,2055,476,773,865,1780,4239,1365,5639,8034,1589,637,1370,982,882,1672,957,4733,1181,2150,845,4562,1298,11910,548,1169,1556,2558,1383,10830,2904,11736,1452,2580,4469,1983,4143,778,6065,2443,1903,1304,6154,3816,6304,5118,1481,5606,6445,13160,3301,3314,2293,8290,22037,6058,3778,2301,2970,3821,2607,3523,5956,9755,5698,8596,4794,3815,4371,4145,2841,6495,4678,8441,10554,7111,6091,2845,4364,3901,15211,6772,10639,14114,17589,18226,5704,41728,148503,26494,16858,11407,15309,19220,6135,61251,21094,35681,6793,1762,14615,4118,12600,1910,31482,12734,2126,2953,934,15283,17077,3462,998,2141,4785,1039,4948,585,4954,2279,1110,2239,2397,614,5779,224,819,1060,671,499,337,1524,3119,1765,400,1980,1232,4005,560,1447,3276,4795,2798,1549,2503,6985,1620,1118,1442,8539,4319,546,695,925,847,746,3279,1385,672,573,544,360,433,1514,299,406,183,401,172,290,919,255,422,298,490,425,164,276,116,175,429,360,493,4380,845,477,270,192,77,263,265,551,250,366,264,255,250,298,364,573,1158,6647,4239,530,333,246,303,1447,401,215,240,336,201,167,281,292,489,465,234,369,302,298,238,735,202,79,363,227,359,147,284,100,153,313,204,180,235,178,540,184,227,340,147,288,137,131,170,282,190,333,252,205,304,289,262,172,224,303,386,355,1101,453,337,229,323,925,463,194,893,487,446,364,265,531,462,271,571,378,190,331,328,330,370,268,240,312,547,309,181,218,325,245,240,179,336,310,291,212,243,220,166,92,687,241,283,408,151,452,202,270,148,189,305,641,256,166,167,323,139,210,213,295,88,221,234,243,317,144,188,487,188,287,279,75,185,110,293,241,150,118,261,60,176,209,121,274,105,251,209,410,122,160,108,105,202,134,145,198,153,266,235,185,197,206,252,268,244,295,188,211,181,189,298,171,120,115,93,129,136,110,169,134,234,238,95,192,59,138,121,207,259,108,102,213,92,114,75,56,170,185,216,32,140,159,113,149,140,130,167,123,107,109,88,106,35,64,118,148,153,298,167,20,188,187,53,43,201,107,151,196,167,131,103,177,227,98,98,98,131,148,58,69,77,249,168,246,91,146,91,117,154,28,132,20,130,104,218,168,77,159,279,43,167,93,28,66,75,148,59,184,6,127,110,37,105,231,151,154,113,181,147,179,84,309,114,171,52,89,40,193,115,119,37,45,80,17,60,36,213,72,49,63,95,74,83,148,104,60,20,87,113,33,38,10,105,145,59,17,139,103,18,113,184,13,106,102,72,54,140,25,66,90,43,54,44,70,146,41,87,70,403,219,183,122,134,54,64,62,78,168,166,223,243,337,227,346,122,390,170,211,312,128,130,104,105,184,93,88,166,110,76,40,169,29,148,104,170,25,128,101,91,89,218,111,222,90,28,141,35,27,49,57,33,49,26,17,20,83,34,106,67,145,32,108,108,101,26,88,23,4,71,66,70,85,21,129,92,36,4,86,64,118,55,35,96,50,109,11,90,36,89,73,39,76,53,86,8,77,47,60,26,15,58,12,53,53,45,63,47,59,39,20,140,45,85,18,60,7,260,51,18,156,95,43,23,11,35,16,24,34,110,135,85,12,88,146,102,62,172,110,35,72,97,88,23,21,40,45,17,22,57,37,43,45,29,108,32,58,37,50,60,162,28,33,23,44,23,25,17,16,15,30,16,105,108,24,17,52,53,36,4,61,36,38,13,95,102,21,58,14,11,8,62,8,13,21,35,23,46,29,44,96,44,16,7,16,4,41,45,14,9,94,19,44,10,39,34,67,55,22,6,3,13,54,72,24,41,99,10,73,4,6,4,27,133,103,26,59,25,8,74,2,11,13,11,8,8,8,18,15,13,20,75,24,31,39,61,15,126,26,78,30,40,4,5,121,4,65,4,51,10,14,4,5,37,19,16,233,6,37,16,57,4,8,34,5,14,21,33,3,7,15,16,21,12,15,6,15,4,48,14,23,40,18,90,4,4,29,6,18,55,48,75,38,7,6,45,14,39,9,4,19,12,7,4,12,39,7,49,3,20,7,14,34,40,13,4,14,13,5,11,20,6,67,87,83,8,31,19,4,42,19,16,17,9,42,22,56,65,33,4,30,9,7,5,51,138,6,149,33,6,19,40,56,35,19,39,10,9,4,7,18,3,9,11,11,6,18,12,14,7,42,11,33,20,30,5,40,8,6,27,30,9,51,3,16,58,15,48,4,4,5,7,11,16,13,4,51,54,24,8,18,12,90,6,7,34,13,62,7,5,12,22,4,
21.34,120,67,130,494,9976,892,11050,9253,1574,5388,169,671,9071,13074,2021,3702,25333,1615,247,1151,5018,13451,5423,1761,10863,3383,5875,288,4353,7143,17378,2052,13134,7270,5035,5113,2009,7249,8873,12389,4732,6437,5769,3296,1863,501,5255,8144,17354,4057,4685,1986,13938,414,2723,3790,3522,6876,2641,3888,1767,1520,2612,3778,3533,42006,6148,1926,2716,1944,1720,846,3513,2562,13862,4196,4352,3019,4196,2137,1181,1890,2689,2819,2189,2828,15281,4876,4080,1897,3113,1379,1727,865,2895,5150,4430,2669,1210,921,1535,28227,4890,30285,12958,2900,793,3174,1314,1377,1358,1258,6991,2118,19714,2625,2723,1200,8051,835,1329,2232,5671,1671,14849,2855,94182,3323,2595,5739,1883,15357,1963,3796,4110,2589,2813,9754,4745,8183,5586,1744,13439,14485,11665,2375,4954,3108,18011,84536,15067,5571,5348,3325,4196,5386,4515,8649,9402,5354,11712,5532,11662,5993,3634,3597,7115,19553,15712,13145,13630,10241,4989,5486,4634,21798,5892,13437,27495,29025,18851,7744,74754,216563,46458,10120,10072,10506,23781,5405,56409,14286,38681,8099,1062,96394,5877,10383,1338,20801,6241,868,1247,1546,20062,6453,3354,1582,2659,4718,1273,2513,479,5215,3910,2131,675,1116,617,8741,571,1079,1129,1562,650,455,2458,3045,2120,683,1805,1781,1760,492,3129,8348,8949,4842,3176,4012,4829,926,7249,4005,8501,4834,749,765,695,708,483,1528,1330,514,486,324,464,575,1629,577,477,318,396,318,258,583,253,235,277,481,493,217,469,226,316,404,256,716,6568,2262,687,194,280,376,188,283,452,597,304,279,976,416,216,511,1900,2293,6545,4137,353,295,200,244,848,223,210,262,565,213,163,521,387,515,430,499,456,222,256,196,568,321,266,368,207,326,220,226,244,362,432,264,332,439,249,450,271,172,443,398,451,286,363,291,406,379,279,289,319,924,418,284,229,307,559,347,229,707,404,259,449,357,695,377,232,340,380,499,569,215,354,318,222,677,474,325,287,423,408,335,457,275,264,318,244,334,240,300,514,405,210,278,240,219,132,198,297,274,181,329,210,208,320,204,195,137,236,159,312,324,516,211,267,340,135,247,158,288,198,296,248,190,156,431,307,496,352,300,367,242,260,233,209,132,273,191,202,154,305,140,280,291,173,263,265,106,257,244,296,162,244,246,202,325,299,253,231,255,306,148,326,237,185,238,310,278,326,340,228,254,197,132,197,153,266,187,309,311,231,271,161,217,228,135,244,243,54,159,240,179,145,175,221,192,202,238,105,140,182,177,106,204,210,247,93,183,255,162,251,153,101,114,107,18,158,120,105,184,130,96,124,180,254,171,140,174,121,220,70,57,144,79,570,267,94,93,181,110,84,112,83,84,408,161,72,191,159,160,47,97,73,106,60,223,148,110,70,67,138,134,105,35,143,90,102,46,157,148,157,139,111,91,82,229,109,97,154,50,68,191,104,156,94,122,101,207,144,79,234,187,210,97,152,86,69,166,175,144,209,100,145,171,85,97,127,110,311,77,93,58,44,72,46,118,116,71,96,242,88,189,28,149,88,109,106,137,52,76,142,81,122,109,187,59,76,133,93,370,357,144,143,131,113,83,114,157,62,121,399,239,141,48,122,88,209,82,78,87,45,137,86,87,181,123,99,231,186,101,236,81,96,96,141,149,98,78,201,88,119,57,89,174,71,46,97,77,58,88,36,72,82,214,86,56,164,60,185,153,139,79,85,138,97,81,111,44,187,99,148,128,81,52,109,28,81,101,98,120,66,91,108,33,41,70,42,171,74,44,27,144,165,75,45,109,77,30,58,90,161,218,135,151,93,17,32,53,73,53,163,65,53,25,60,60,35,65,39,58,38,42,85,118,40,69,79,58,30,71,85,144,141,67,38,52,139,30,97,29,76,76,45,67,64,6,65,122,105,11,59,42,54,68,88,96,15,84,37,47,94,101,34,34,130,61,16,41,30,86,77,11,34,60,53,24,51,86,94,84,70,73,49,44,110,47,27,25,6,51,12,55,63,32,151,48,56,51,43,21,147,18,59,20,110,61,47,45,57,22,9,26,41,116,50,24,58,42,63,22,22,72,47,22,23,13,64,73,35,10,73,49,40,33,74,14,88,51,9,26,50,36,55,52,64,59,69,70,35,101,71,110,101,98,63,76,30,63,37,22,6,13,32,24,44,37,22,23,43,46,84,48,106,45,32,6,118,13,5,11,33,33,75,53,63,11,27,42,44,34,57,36,26,67,43,51,142,20,49,9,18,22,57,45,35,4,205,63,18,17,34,41,29,49,71,83,29,29,58,27,20,21,159,19,45,32,70,25,24,20,70,19,265,6,38,53,12,57,32,17,15,97,65,10,27,5,18,122,126,36,48,36,36,21,53,66,15,13,16,10,24,36,27,7,36,133,65,9,40,48,13,16,22,48,46,91,12,50,21,29,35,13,94,6,12,13,24,73,92,13,8,56,10,60,44,67,47,111,54,7,15,77,8,21,17,30,49,26,22,18,45,21,18,54,40,9,10,39,23,58,5,6,31,52,60,26,45,72,58,61,68,14,9,
21.16,119,18,158,179,8357,1070,13472,7712,947,3629,98,1441,4884,8633,1789,6030,22042,1555,147,720,3275,11815,4022,2255,11511,4379,5075,782,2180,8293,14420,1685,14612,6916,3702,6105,2340,7332,7202,9630,6528,4778,5380,3918,1243,472,4789,7916,16048,6792,5604,1252,13229,1361,4016,4964,4176,6466,3540,4742,671,1830,1485,6948,3257,98898,9733,1622,4419,2895,2130,461,2773,3031,21554,4902,3477,3013,3047,2233,1728,1903,1699,1688,2296,4583,26587,6934,2893,1214,2068,1357,1289,582,2279,9442,5129,4081,691,1241,2185,41109,5637,50945,7954,2348,691,3404,988,987,1280,1289,3939,2262,29241,2741,4024,1741,1942,650,1326,1950,5963,1048,6920,2851,147286,3597,1389,4998,1862,19643,2626,1858,2761,2553,2503,8553,3532,9704,4593,1486,8318,20155,7528,2225,5491,3354,21483,91172,18875,5622,6544,3132,2664,7777,4487,6405,9449,6714,14682,5571,14726,4150,4068,4305,7591,16982,22644,14180,12707,19239,6071,7233,4577,22487,5816,10984,29887,29159,22795,6031,75932,182683,35083,1620,6871,5627,12331,2095,16137,7063,14948,11241,753,145350,3864,2560,818,3075,2267,1798,549,600,10468,1098,4225,1398,1799,2943,774,706,297,854,757,744,576,450,1313,1694,421,455,1161,1366,641,585,3306,2315,1668,757,1482,1111,861,469,1568,10593,9702,3391,2007,3299,2702,627,8096,4738,3926,517,269,235,238,494,253,585,195,309,557,353,122,376,1320,647,209,303,455,228,224,725,208,192,214,821,123,127,210,224,212,38,398,927,10263,2652,428,163,252,215,437,168,800,518,207,190,512,166,391,260,1282,3396,5257,3490,312,345,322,209,738,351,222,193,343,170,243,408,357,534,359,241,180,173,139,197,572,485,216,176,229,228,320,287,195,144,396,267,188,170,228,302,526,250,606,126,344,224,246,145,894,243,205,183,420,587,161,319,289,458,741,386,434,367,236,302,176,165,324,213,429,280,239,343,147,218,286,208,295,443,281,206,207,216,140,280,199,164,199,178,210,361,204,192,379,381,194,328,86,211,151,317,155,336,228,170,191,361,137,141,208,189,218,101,274,192,206,121,172,213,331,239,107,179,197,213,276,201,129,505,456,239,394,189,353,209,213,223,255,98,234,225,160,63,128,346,178,172,196,265,151,246,250,210,214,372,140,134,194,303,203,226,215,217,81,111,55,169,234,164,103,68,161,108,114,30,234,193,107,162,214,152,140,78,57,119,296,151,161,29,336,257,103,146,101,206,122,88,143,87,78,59,213,126,33,171,129,67,110,175,87,52,205,98,100,46,49,89,151,38,93,30,176,78,149,212,56,25,74,238,239,139,10,142,25,53,76,103,674,256,88,100,7,125,25,44,232,84,403,193,214,32,65,162,79,119,120,79,135,247,60,36,117,98,216,73,67,142,128,103,171,47,93,19,94,79,55,45,23,114,73,81,84,89,140,78,227,25,96,96,7,140,130,16,73,11,112,55,115,34,53,152,68,103,10,41,55,135,43,33,114,40,132,203,58,120,81,22,144,88,86,75,44,63,92,85,98,51,78,19,181,18,64,116,121,103,54,83,32,109,58,65,88,93,82,243,94,36,221,173,50,169,97,157,84,73,131,56,56,23,52,98,28,25,165,32,65,38,63,144,45,135,66,79,130,38,60,20,75,68,211,5,41,39,69,49,64,43,28,50,16,40,60,63,127,22,22,25,129,44,91,70,29,35,44,97,28,29,79,58,36,26,30,27,66,73,12,32,39,141,29,145,23,83,46,71,79,30,29,213,81,3,33,5,75,33,58,70,111,20,51,37,53,18,86,23,6,26,17,21,26,53,40,107,11,11,101,36,73,5,43,44,18,18,39,16,70,13,11,49,90,23,3,72,23,39,8,46,18,39,33,23,28,48,15,40,62,115,17,83,50,112,31,9,38,20,35,49,9,54,63,58,43,59,25,32,21,25,62,39,16,4,30,51,21,29,7,63,101,25,16,39,34,43,38,47,7,4,13,35,29,5,5,10,48,70,21,77,108,98,32,28,24,12,19,6,56,43,6,38,7,16,16,68,23,29,42,29,47,46,23,76,15,40,38,12,134,68,41,8,50,4,61,5,4,10,7,8,62,8,17,55,15,16,88,11,49,85,46,5,22,54,23,9,20,7,5,35,10,11,28,12,14,13,6,30,61,7,21,47,12,50,33,17,10,27,18,10,3,30,5,7,7,68,67,39,8,17,29,34,17,71,12,53,10,5,7,26,80,84,9,5,23,29,78,46,5,15,11,18,22,23,108,6,37,4,20,60,6,13,4,51,10,40,5,7,5,72,11,31,17,32,45,3,48,7,6,17,13,26,8,5,7,4,10,68,20,16,4,28,6,93,5,12,4,31,10,89,27,10,19,4,16,16,43,18,5,17,103,33,21,16,60,86,30,9,5,3,47,4,5,3,6,4,6,19,20,9,15,12,20,3,17,20,53,3,35,20,133,24,45,6,4,21,24,20,25,8,4,34,11,5,10,14,17,16,4,4,17,22,9,6,7,30,3,29,13,28,23,46,15,15,68,5,8,3,24,
20.99,118,23,283,208,9439,932,39606,4279,669,2772,207,5466,8645,11490,1525,13230,16820,1882,255,451,3717,11663,5634,2655,14528,2221,4824,547,2508,6062,15478,2339,11453,8058,4151,4179,2252,7158,7342,12173,8416,7714,4378,2900,1159,500,4921,8968,16495,9401,6245,1403,14940,2470,9225,4200,4074,9511,5419,4868,1370,1885,1612,14767,3420,246825,27173,2045,4386,2776,2671,763,3690,3531,20887,5281,5893,1836,3310,2168,2065,1722,2484,1968,1906,6301,26713,6550,2689,1882,2546,1549,1726,794,2733,7261,5189,4272,1975,1213,4819,42404,6054,51845,8647,2027,964,2902,1630,1378,1877,1029,2986,3564,28958,3810,3913,1713,1079,1004,2264,2526,7673,1291,3892,1636,132250,7360,2204,5433,2690,20106,3416,2159,5668,4073,2469,4006,3841,13379,4186,4540,6984,21302,4034,2649,5494,4492,16589,67705,9860,6201,10089,6268,3245,7582,4657,11763,14386,9927,18553,7109,14434,4341,4886,4609,6790,10434,23491,18083,30719,26112,6315,9902,11178,21181,8263,12504,27185,23728,22843,16459,65306,116591,19583,1694,6264,3680,4841,1422,4210,6627,7800,19523,2579,147182,11597,2140,977,17222,9505,5184,1224,1512,4704,1105,5688,1328,2485,8627,1375,953,548,691,835,1047,410,633,1403,2617,794,562,1172,1360,633,515,5781,6523,3897,600,2552,1220,1477,688,2633,14760,7728,1325,1771,2166,2335,891,5035,2350,1697,308,391,399,573,341,372,251,153,210,456,265,888,712,712,411,617,345,310,167,300,894,495,455,192,887,424,248,263,204,240,494,259,992,10008,2904,785,410,303,238,291,148,909,1026,388,284,307,254,331,558,2367,2645,2323,1547,404,183,242,416,675,159,362,196,246,280,234,350,356,486,354,200,288,304,366,193,1225,419,240,249,296,554,291,318,246,194,501,584,303,289,430,508,398,174,1206,463,295,583,220,360,1664,411,711,378,405,1063,324,446,355,249,483,236,304,702,311,242,292,346,412,188,304,278,206,326,264,238,275,171,289,417,179,201,227,308,201,294,183,181,259,375,241,177,205,259,599,181,252,266,203,191,257,376,319,296,192,312,244,198,201,169,196,156,276,208,215,188,265,129,240,176,91,217,174,229,250,221,444,296,247,402,273,123,278,246,336,415,193,279,173,311,148,97,348,263,225,305,233,176,194,160,282,251,150,273,242,276,151,221,188,335,275,217,315,157,203,227,81,298,279,156,110,103,305,152,161,145,174,250,249,196,112,69,159,159,273,427,215,226,239,192,269,25,147,260,112,156,212,268,102,217,216,79,119,59,157,150,38,122,53,146,162,112,90,173,316,108,189,88,65,181,148,116,242,136,170,148,100,110,91,235,214,104,104,209,119,126,49,107,565,286,156,112,78,60,108,63,148,41,432,199,162,72,61,84,69,84,33,82,63,173,134,121,48,95,130,158,131,40,131,109,111,105,110,115,171,95,91,67,105,39,141,92,84,156,103,115,98,79,175,82,38,204,95,63,210,28,156,122,11,52,54,248,112,169,156,117,52,188,112,49,79,126,153,162,165,32,115,143,228,126,149,48,195,106,86,58,148,76,101,136,157,88,254,129,113,152,48,69,76,97,61,116,85,230,143,182,37,74,93,114,78,152,81,60,91,141,89,131,42,86,94,87,126,251,87,102,143,65,62,17,64,51,92,30,41,66,97,35,57,69,36,61,75,122,45,73,206,64,97,183,96,149,126,172,126,63,146,73,119,200,101,52,157,11,83,67,29,59,56,27,66,85,104,133,248,175,52,67,117,95,122,39,76,41,110,39,91,88,48,85,109,48,273,66,123,102,157,19,25,96,37,110,105,40,47,121,45,48,111,51,190,78,159,46,35,77,22,52,41,23,96,23,36,51,52,31,44,75,74,50,43,82,28,42,51,63,102,104,16,79,131,56,22,50,56,74,24,40,63,98,85,24,74,58,48,40,28,16,33,19,19,40,37,100,21,44,88,85,42,263,112,72,34,82,59,25,35,141,38,58,227,51,291,11,12,51,20,75,44,11,88,38,42,70,103,41,91,87,54,113,27,70,48,37,37,77,50,20,34,25,25,106,87,6,42,24,49,49,28,66,50,117,8,21,20,9,84,53,52,60,35,52,17,32,31,7,76,14,58,210,44,14,89,66,28,22,8,86,34,77,61,79,28,7,39,10,36,33,19,17,28,51,24,38,14,36,23,39,62,14,64,17,30,35,20,28,126,74,84,40,13,132,53,11,34,43,136,7,23,38,64,50,28,75,10,75,19,36,35,5,55,10,36,18,40,19,41,138,65,18,14,93,8,65,24,38,27,15,9,27,12,11,43,5,86,184,16,58,35,52,42,33,46,18,43,36,45,29,38,35,16,43,15,12,7,102,19,8,27,34,10,119,107,42,98,152,4,11,12,18,48,112,13,16,43,4,32,51,29,154,33,8,9,6,72,24,19,41,92,5,34,40,85,32,32,119,27,135,32,33,5,27,55,11,28,9,16,22,13,62,147,19,57,16,57,42,17,91,215,61,5,67,58,105,33,15,43,28,17,36,44,28,16,22,39,20,8,8,171,50,34,16,19,115,37,66,14,
20.81,117,99,146,51,5923,782,42576,6473,670,2785,299,11643,6213,6781,1956,14084,1612,779,92,551,4531,7697,3887,1482,13891,1098,2535,480,1136,6502,11446,1556,10046,7639,2885,2630,2807,3550,7166,10723,4826,4973,4771,2620,1245,372,4215,8574,15463,2494,2711,1634,8751,3285,12010,3953,3323,7710,1841,3620,1440,2570,2130,10491,3390,167328,17360,1846,2542,2446,1993,532,3217,2496,7387,6346,2326,1236,2946,2065,959,2219,2069,1783,1717,2750,9262,4123,2455,1971,4616,1526,1181,552,2121,3352,3035,1691,2418,968,6041,5416,3005,15972,3341,761,1873,3191,3138,1864,1782,1151,1661,3044,8575,1987,2792,992,1022,559,2406,1708,4493,1656,5381,1506,60506,7755,1868,5709,3402,7924,2960,2091,5042,4927,10745,2510,3170,38143,9271,6977,8615,22412,5653,3372,3822,5105,11026,18893,5035,7726,5471,14579,2969,3286,3738,12993,13899,11065,12546,7838,10582,9693,4315,6124,6855,12428,18215,17693,34959,26225,6579,8526,15110,17860,5711,15870,14701,8471,17536,31165,20937,8578,21970,2867,7080,960,968,1997,1076,5472,3671,14648,2801,55447,12171,1520,1213,18784,9281,5006,1182,1677,4096,1595,1829,557,2397,11286,1804,783,329,250,674,1026,282,848,1772,610,290,412,1261,1849,385,395,8247,7569,1024,635,2262,1584,608,436,2181,8016,885,202,488,715,1370,944,462,145,160,114,175,262,341,247,199,212,166,123,187,324,305,583,170,272,850,408,225,117,256,1030,306,387,364,910,493,389,207,144,363,362,250,1293,8667,2835,578,266,283,140,223,278,554,427,473,158,233,269,38,250,1250,761,285,292,167,25,156,317,567,362,264,143,143,165,279,188,162,166,140,265,247,188,101,501,876,492,282,215,178,254,302,199,362,86,366,584,166,140,259,368,430,263,470,402,262,364,309,112,510,231,253,292,273,310,372,253,199,141,325,102,119,363,203,124,250,279,241,297,250,158,213,222,162,325,261,154,272,342,144,184,166,264,292,209,39,142,165,236,389,262,150,127,112,178,42,146,184,168,42,184,146,203,295,238,107,76,147,165,255,190,133,233,302,161,194,225,179,425,156,177,168,171,98,195,299,196,188,167,142,47,183,159,90,41,49,168,132,101,112,192,158,158,222,146,253,123,216,100,157,65,187,143,49,194,177,205,107,131,200,91,160,68,119,53,119,50,110,99,106,72,115,146,85,47,34,80,157,8,72,66,38,18,152,481,99,116,175,87,104,125,62,24,39,538,31,261,43,27,120,37,29,64,61,5,162,135,36,73,21,135,123,120,41,31,48,66,62,21,141,79,172,14,27,48,39,16,57,122,48,84,8,131,87,86,53,7,190,149,97,44,23,38,57,10,39,33,191,116,26,140,43,62,141,73,51,118,37,65,204,123,52,152,278,14,17,56,22,25,35,121,70,110,30,134,42,195,99,26,157,45,97,10,42,43,62,62,158,64,36,368,147,61,46,55,73,110,146,65,18,110,89,96,31,67,30,136,111,79,69,16,241,37,41,18,86,86,78,47,63,149,62,53,21,20,21,33,69,95,189,83,34,37,62,4,62,41,20,45,31,42,88,41,120,88,99,68,106,55,33,21,118,94,11,100,38,125,30,86,17,112,112,40,24,30,26,73,98,21,120,59,103,55,80,25,34,83,38,11,53,35,82,29,150,21,23,24,49,23,15,37,34,16,40,27,141,53,33,11,102,25,75,26,17,22,99,47,33,7,12,78,31,41,57,33,35,39,76,22,19,10,39,84,34,155,90,133,86,58,18,8,36,62,51,15,109,30,13,17,47,23,46,42,66,15,35,18,36,52,119,108,14,26,61,36,46,43,46,38,144,8,7,43,12,42,29,27,35,37,12,29,19,28,11,13,39,21,8,37,5,39,21,23,118,5,7,20,11,22,13,26,55,48,4,10,69,44,36,28,20,7,70,84,35,26,38,7,10,26,91,26,41,13,54,124,47,33,18,6,109,5,82,70,31,99,5,17,9,47,17,5,24,8,5,4,15,15,20,14,58,4,16,35,26,6,101,53,26,141,7,31,22,17,22,15,27,24,10,21,25,103,5,19,5,18,10,5,57,17,16,12,146,14,197,10,15,9,134,25,30,44,44,24,49,5,56,12,171,14,96,18,13,10,6,69,84,14,4,43,6,40,26,17,6,10,57,11,5,7,7,12,36,43,9,25,12,15,14,12,77,18,4,10,23,26,16,51,54,4,50,36,3,11,19,129,7,11,98,21,22,29,49,4,15,10,69,9,19,10,4,5,20,14,4,30,25,7,4,4,6,10,8,44,26,4,16,58,9,4,14,4,20,6,6,4,19,26,16,87,4,4,12,47,4,15,75,38,16,30,22,37,9,8,3,24,28,6,16,25,32,18,93,14,14,14,10,29,3,4,34,22,30,44,7,37,5,148,42,4,38,13,4,6,4,19,37,5,5,10,5,12,5,31,12,22,45,26,7,31,4,4,7,13,4,14,24,80,7,16,28,48,4,13,4,11,12,5,7,177,12,4,23,29,4,19,15,11,16,4,5,52,4,73,5,8,16,
20.63,116,182,55,307,9005,1282,32124,4739,610,3773,202,13003,6205,8951,2041,9329,1745,723,143,342,2722,7983,4093,1699,17044,1801,6507,1111,2442,4821,12364,2021,7003,7768,3505,1457,1633,6845,6319,10699,1414,5611,3410,2479,1060,716,4499,8637,15014,2431,2675,1641,11484,1584,56467,6626,4417,7088,2173,3633,1047,11100,3350,6652,3369,75868,7475,1534,1994,1826,2373,436,3453,3159,4613,6344,1979,2030,3608,2835,647,2291,2134,2759,2338,1744,6228,3661,2239,4323,11410,1532,1735,780,1926,1361,2591,1013,2926,2122,8029,2220,1094,3658,3483,1630,1110,4958,5703,2348,1799,1936,2236,6087,2298,1756,1674,4378,1178,1233,3948,2569,3278,1652,5814,2238,47798,7652,2778,7730,4829,4769,3480,2503,4864,23147,56190,7196,3888,108186,21871,7388,12110,95173,7790,2817,5769,6621,10479,11239,5753,15842,9708,25655,5828,4328,4037,23436,12973,9657,21272,13713,14573,10697,8966,10306,9077,19554,17164,19247,33542,21310,5646,10607,16245,20705,3026,24668,10504,5122,19566,41062,9044,1399,28336,4004,6058,670,598,812,1118,4724,1601,8739,3853,25915,7277,1246,998,13445,7774,4850,491,2117,5535,2280,718,439,4578,7603,1340,1061,468,245,371,745,310,1270,3692,1794,318,284,2617,1613,421,551,9565,5492,319,1507,1530,754,557,375,1450,1717,345,313,384,1220,1089,379,266,307,167,137,288,261,368,367,189,104,312,361,125,275,530,287,358,242,1632,646,378,268,220,595,283,364,400,1489,439,214,142,283,242,258,275,2253,6000,1399,722,236,407,292,163,282,195,313,403,291,287,491,194,509,1055,290,431,362,212,270,337,295,891,232,187,263,259,275,293,467,621,310,258,250,343,413,347,185,514,354,437,222,219,338,480,404,261,217,432,481,364,160,210,443,430,246,304,348,271,147,204,292,181,185,294,369,229,233,62,362,227,237,384,156,141,439,167,204,198,169,330,267,180,214,258,160,234,251,196,205,221,394,267,234,167,249,267,133,235,181,149,351,200,157,237,205,355,209,181,242,216,134,191,148,151,286,202,265,122,112,358,120,147,192,281,262,234,274,171,282,147,217,189,210,232,229,198,77,231,241,178,416,354,221,255,215,174,162,163,234,116,145,207,179,76,86,154,169,152,198,112,194,199,232,134,280,366,260,233,49,233,253,105,112,117,228,182,133,125,104,142,360,76,93,132,253,110,36,159,111,31,76,255,139,108,245,138,1127,300,171,186,81,50,172,69,163,100,499,145,259,117,141,163,74,152,39,130,175,204,106,49,102,50,148,142,53,19,144,180,133,100,48,90,92,145,44,105,110,103,111,22,90,42,51,132,150,94,15,64,147,241,102,164,55,186,103,231,59,46,46,120,64,60,54,168,76,184,16,65,45,57,83,56,69,31,67,115,29,115,71,93,33,136,125,55,128,74,161,52,81,14,142,59,119,312,229,108,47,141,93,112,127,99,308,132,36,229,105,78,144,35,267,43,129,89,160,90,39,287,98,53,66,39,121,90,69,58,36,123,274,119,45,91,53,130,212,76,130,182,136,141,78,47,67,26,72,62,63,163,163,37,174,65,66,117,39,271,102,156,138,43,138,153,142,82,106,127,99,214,111,72,70,187,48,28,105,114,120,43,162,21,86,89,42,67,38,68,28,141,57,75,88,39,62,43,45,32,20,42,61,78,51,42,87,42,38,136,107,77,26,105,59,19,16,37,58,109,52,50,133,8,119,37,55,110,133,83,33,46,57,86,43,77,84,76,79,86,152,52,99,113,116,194,84,33,24,33,43,48,65,150,89,68,15,52,32,40,29,61,47,20,26,51,35,25,45,45,90,73,34,37,41,130,54,124,22,36,52,49,116,20,94,23,56,72,53,54,82,145,41,40,50,33,53,131,115,120,67,27,93,15,119,30,9,18,45,18,136,21,129,151,10,45,9,31,62,16,73,88,35,44,26,35,19,39,84,20,88,17,62,23,166,121,56,20,57,32,52,133,20,6,29,33,7,15,121,16,27,56,63,104,33,63,73,22,16,59,60,7,84,8,69,45,69,11,21,10,99,21,64,32,20,18,35,18,56,39,82,42,72,49,38,41,32,25,57,38,106,30,35,21,15,55,37,245,26,4,22,19,5,22,16,114,22,41,12,18,65,45,8,12,27,24,30,261,19,45,11,31,34,59,32,17,25,57,29,23,19,37,29,10,24,19,37,26,30,4,31,19,13,8,8,72,8,34,67,8,58,19,121,26,66,21,24,15,44,40,30,26,75,10,11,7,50,35,16,173,42,19,26,137,70,24,17,17,16,42,14,33,98,5,57,26,18,11,21,5,5,38,134,5,46,19,60,49,4,46,69,22,22,174,95,22,22,42,9,22,81,19,6,20,17,10,27,28,20,22,21,12,54,73,12,60,85,38,16,160,175,32,34,23,13,28,7,7,18,25,39,129,5,17,70,14,29,43,9,59,15,14,13,68,8,63,78,23,68,39,21,5,28,11,30,4,28,24,20,30,42,26,15,36,8,21,15,20,39,11,5,5,67,26,12,32,35,27,4,22,14,16,
20.45,115,40,83,153,6286,965,8662,2675,643,2695,117,3434,5475,5160,2251,12689,1889,1398,244,650,2255,6780,3522,1940,24214,2546,10766,1587,2596,3901,10771,988,8706,17749,3951,1735,1145,17570,4720,8482,1324,4569,2148,3947,552,878,4070,8387,13207,1523,2357,1640,8823,563,104974,8067,2926,6213,1432,3642,1068,7064,1963,4394,2673,5177,2118,1564,1402,1661,2362,359,3533,2238,3366,4452,2098,1089,4949,1706,449,2294,1451,1940,2262,1853,4338,1440,1374,2655,19237,1042,1093,742,1218,1331,906,1046,2146,1117,4701,2003,1238,1480,2427,1493,916,3827,4068,1222,1060,1473,2546,8556,1830,1263,1510,8078,2847,977,3719,2358,2841,1878,3904,1259,13369,6878,1916,4103,8333,8790,2725,3175,4129,32194,72476,7514,4242,74925,17006,8946,8828,106528,6484,3702,5279,6579,7193,12369,4795,12867,9766,18288,5822,5334,4184,26576,19476,7360,28007,21561,12839,3989,19812,10293,5126,12756,8806,11787,20709,6866,2077,6332,7796,17255,3437,19467,1793,2317,7298,14817,7921,655,12314,2059,1163,1594,287,431,442,1581,617,508,954,1454,579,274,286,2137,5145,729,984,1320,1037,374,559,122,7658,3424,636,809,255,371,397,415,212,307,3301,776,417,276,1691,764,605,308,1103,832,174,597,323,309,306,184,215,144,208,181,140,453,286,179,219,73,260,118,148,178,283,233,134,226,81,91,115,84,128,210,353,161,1658,485,151,196,219,442,411,100,195,753,316,241,159,161,122,239,146,683,831,252,310,194,55,140,119,156,51,101,352,47,453,83,114,393,201,158,342,245,158,75,268,103,485,176,207,206,183,201,133,309,637,318,255,106,114,800,85,276,534,296,497,496,47,328,251,490,134,140,728,185,273,207,309,308,122,186,175,211,100,129,107,238,183,273,121,252,99,71,28,113,108,204,325,193,252,340,74,171,251,201,199,173,305,154,62,328,213,207,66,45,103,183,99,136,125,127,289,193,224,180,242,249,202,189,158,195,257,143,113,66,251,245,274,180,226,18,322,176,129,143,220,123,248,143,178,46,151,54,128,223,76,325,193,126,220,162,233,79,51,117,198,350,56,369,164,142,94,217,185,216,126,98,167,168,190,215,107,319,120,56,45,119,94,65,60,65,76,35,39,12,235,140,165,39,143,92,128,90,81,123,92,136,58,78,184,23,31,62,192,11,30,25,63,20,46,20,14,1067,275,58,76,84,66,19,82,78,28,603,92,79,12,28,35,15,78,50,107,92,60,37,59,64,48,140,54,26,104,92,18,57,44,37,12,72,192,47,52,74,55,57,58,24,5,81,27,103,16,93,63,74,210,56,106,39,46,48,161,37,35,16,105,33,48,28,145,126,72,96,41,38,35,7,13,22,24,6,109,78,96,51,49,111,16,18,81,51,60,113,31,71,40,52,70,60,73,20,29,96,67,65,63,23,52,131,129,10,27,26,23,9,13,35,39,66,80,26,8,9,18,19,97,62,15,76,101,83,24,237,35,103,11,66,79,37,48,6,21,18,37,117,39,130,26,39,23,85,20,103,69,18,37,117,173,46,41,109,85,39,71,69,85,25,22,25,111,60,13,21,102,66,13,3,32,18,57,77,30,124,15,45,92,103,125,8,33,18,47,62,19,153,37,5,82,40,37,51,53,61,29,130,39,8,59,69,9,54,6,48,80,54,66,22,76,45,77,48,13,38,59,56,9,90,61,99,51,27,38,49,51,43,162,8,26,32,54,24,23,44,81,150,17,28,63,53,44,44,5,23,36,4,51,51,31,4,78,21,9,79,30,20,34,18,37,5,39,21,18,49,56,13,21,16,21,14,21,14,102,40,33,37,8,25,15,13,34,95,34,5,57,24,45,5,90,27,38,38,8,197,73,49,4,15,19,48,13,47,89,146,11,16,20,44,289,7,17,51,43,18,30,95,6,17,113,13,24,10,10,7,7,94,4,6,12,18,46,8,4,15,12,7,38,7,28,34,57,14,26,16,12,14,70,35,27,6,6,9,5,257,51,5,10,25,35,11,31,39,8,58,39,4,64,8,3,23,46,17,6,6,16,93,40,11,71,41,38,8,7,12,10,33,19,19,2,7,77,54,4,40,8,4,21,44,4,4,4,25,8,10,34,5,83,7,8,5,56,6,16,16,25,13,19,6,3,5,10,8,60,4,21,20,16,14,14,16,25,5,79,16,11,154,19,7,32,13,4,22,4,26,10,23,20,9,10,12,7,3,3,74,5,20,37,9,10,17,4,5,83,74,24,6,12,11,5,21,19,52,13,44,24,8,57,3,20,5,6,11,7,6,14,39,9,61,28,46,12,10,4,10,30,13,51,19,18,14,24,8,6,6,4,23,4,12,12,5,11,9,8,4,39,24,9,5,16,24,5,26,7,57,6,10,4,7,16,2,71,4,21,4,191,33,3,10,3,9,4,13,27,106,7,9,5,4,14,12,18,3,21,5,7,187,4,25,9,57,11,9,37,22,7,16,3,31,46,17,5,5,15,29,4,88,8,11,12,18,3,5,36,4,23,
20.28,114,35,83,244,4831,687,5524,5080,508,3696,158,2403,4907,7771,1996,15159,5433,1150,355,903,2569,6890,3597,1701,32123,1865,9468,4314,4293,3902,11348,1978,7377,42129,3205,2037,2102,43026,6763,8219,1467,5688,2357,3286,751,2655,3366,6948,13832,2073,2834,3703,8109,550,136038,9767,2969,4985,1532,3861,1329,3803,2143,4762,3900,4054,2425,1875,1438,2349,2002,634,4435,3099,3165,2658,3165,2033,6514,1579,763,2568,2983,1952,1404,2281,3763,1451,1063,1409,16352,1722,2178,893,2025,1359,1651,1206,2068,2379,3388,1265,1231,2633,4607,1475,1656,2027,1914,1456,1987,1915,2611,9112,1738,1272,1557,8977,3178,2070,6391,3455,2880,2055,3957,3273,5673,6505,2567,3068,22706,11387,4643,5712,4609,27576,56649,6149,5857,35146,10658,7637,7703,73106,7180,4868,6520,6254,7238,19355,7410,24830,14274,32339,9914,12896,3662,25168,63898,9250,38263,21858,13298,3780,24262,7467,17463,6330,4563,7130,14845,4585,1290,21209,4317,18679,3376,8424,825,1573,1989,3446,5836,594,5222,1937,505,5840,381,556,500,2375,293,293,719,410,640,305,320,510,2041,309,286,2845,434,286,431,482,6578,4052,394,901,314,403,265,317,300,1178,1428,382,336,981,716,588,475,465,237,412,208,919,615,209,127,296,266,181,185,249,190,414,139,296,110,592,268,280,383,266,351,305,353,187,374,220,175,207,317,231,232,151,841,577,309,302,162,393,432,251,284,272,292,217,114,211,213,239,263,234,301,109,411,233,292,195,228,177,289,245,306,120,913,231,225,204,168,194,769,323,237,160,151,220,1528,599,185,166,136,465,247,342,1169,316,426,282,256,536,281,372,581,261,324,223,92,295,200,241,232,148,271,235,218,133,250,421,225,376,177,135,149,304,129,221,162,254,260,326,384,145,339,219,239,151,155,253,215,301,277,48,107,110,147,181,183,144,229,180,234,355,78,312,329,419,260,192,212,101,199,139,120,96,209,197,285,283,224,288,271,255,143,238,175,281,153,313,300,252,291,230,236,171,258,268,216,198,111,187,125,194,150,194,164,110,139,323,212,273,212,211,169,150,81,316,268,407,300,129,107,177,62,124,143,132,262,166,260,270,190,155,71,108,144,127,67,113,216,116,152,204,85,48,37,126,263,188,124,189,170,182,62,205,128,199,97,111,174,145,102,89,278,292,140,50,150,118,30,84,141,455,128,93,39,48,38,72,133,159,97,199,104,60,173,20,202,36,56,128,38,83,78,57,119,121,22,57,29,45,134,95,207,79,212,13,38,144,128,84,21,59,136,19,85,209,28,43,15,25,20,147,55,121,321,89,151,44,42,150,14,90,155,90,111,124,255,62,48,62,70,78,44,123,32,158,20,35,38,90,105,59,216,151,302,102,148,28,88,96,171,104,42,62,144,43,110,96,52,91,324,133,180,82,83,106,93,168,70,200,25,35,55,78,79,49,41,113,103,78,134,32,91,71,44,173,94,53,152,60,20,56,99,81,309,98,18,48,113,96,30,217,122,62,104,99,53,98,31,114,90,231,59,66,58,81,34,65,76,30,27,61,129,23,166,80,81,107,32,108,127,27,25,39,42,35,72,36,69,109,17,33,47,66,151,111,71,166,37,26,35,61,17,118,12,87,44,131,18,56,103,73,103,74,126,104,90,41,116,62,214,24,136,18,125,15,33,83,67,29,21,32,7,14,17,64,79,74,39,27,115,65,85,23,73,153,90,41,24,65,26,92,57,272,94,75,31,91,206,62,34,16,94,78,24,101,87,41,32,41,34,63,91,5,36,52,46,82,31,16,63,25,13,47,136,98,36,7,66,43,29,56,86,44,30,52,76,94,39,30,16,14,17,106,23,64,21,10,129,54,50,63,20,4,131,11,91,42,75,49,58,8,83,102,33,163,22,15,98,51,39,131,21,84,23,12,44,60,12,82,58,111,7,47,43,38,36,78,18,56,18,180,59,21,105,43,16,27,50,78,10,18,139,98,22,37,24,50,21,90,13,10,63,19,174,14,38,57,20,16,34,5,4,34,47,25,45,37,98,80,37,40,100,48,46,78,9,91,63,16,18,30,34,10,8,30,63,16,43,79,15,15,32,13,7,25,9,53,7,116,42,13,19,5,25,24,23,30,8,11,94,10,35,39,26,23,12,14,38,95,31,37,46,31,21,70,50,58,30,38,55,42,19,42,35,4,62,4,87,23,13,17,21,151,14,17,6,20,71,35,16,23,74,32,11,18,15,7,8,16,18,11,31,9,20,20,18,15,101,14,55,47,99,53,59,8,14,11,32,215,25,10,22,10,130,62,22,69,21,22,38,18,6,17,140,4,35,42,24,8,31,12,11,22,47,172,41,17,17,64,22,32,30,15,29,22,34,7,13,13,8,16,57,31,16,225,32,42,73,70,29,45,118,24,6,25,40,17,5,23,19,29,57,27,10,13,71,18,7,39,10,12,31,27,17,30,17,35,21,43,4,104,29,13,17,44,46,137,28,14,7,18,11,24,13,36,28,18,8,109,14,18,14,
20.1,113,59,143,168,3901,530,3026,3173,486,4420,202,1079,3492,7116,735,4131,3459,1299,149,294,2311,5248,2623,1438,16818,1608,1781,1699,1320,3614,8069,1265,7367,35013,3208,1906,1236,32720,4944,7482,1042,4278,2896,2460,560,4164,3821,6135,12304,2387,1733,2624,6214,169,54646,4537,3573,4437,2134,3754,1121,881,1481,1836,2987,4646,1459,1352,1615,1452,918,380,9886,3338,2713,2882,1899,1751,6821,1654,824,2058,1800,1241,1285,1852,1758,1365,877,1310,4915,1283,1455,692,1843,1501,1135,993,2314,1881,1304,1636,731,3703,5431,1419,1482,3404,1190,1132,1608,2467,2115,5754,2251,4402,1352,2762,5243,2280,6075,4160,3269,2065,2821,4897,5092,3301,1763,4373,35334,5596,6482,6928,6125,4597,10078,7368,6517,8942,12657,6902,9574,7891,7069,2799,12184,3992,8696,14959,6199,34979,20730,32558,7291,12521,1994,6458,78740,10102,30213,15674,7045,1937,6059,6937,56478,8216,1536,1045,2827,1195,325,39901,1149,14829,1980,532,299,1182,1138,209,875,431,474,2240,480,7397,224,296,749,1632,386,258,92,238,382,189,340,632,318,283,155,1378,353,161,316,54,516,468,340,785,236,465,276,333,354,505,74,226,12,785,168,229,249,233,56,228,59,201,156,75,109,307,120,89,86,85,45,275,81,220,86,113,34,230,94,133,363,288,232,39,166,121,305,192,93,191,199,369,155,215,192,157,30,227,48,34,142,35,212,58,119,135,46,101,63,273,176,113,97,47,174,322,182,280,276,63,124,134,656,156,61,208,194,154,2026,624,575,361,137,141,4104,750,244,217,159,202,289,189,305,298,413,160,115,258,194,128,469,97,137,122,170,154,141,110,128,130,193,80,238,29,65,118,37,43,104,128,87,43,140,129,73,175,26,126,258,218,150,77,360,209,127,111,136,290,288,245,73,45,105,148,82,200,164,154,86,196,42,52,27,272,192,52,87,146,211,116,61,153,92,121,222,129,136,96,187,150,312,113,42,269,81,105,80,105,230,103,108,58,321,66,176,153,149,38,59,51,79,34,92,195,87,82,64,96,76,75,101,40,77,635,267,250,677,204,63,19,102,136,40,228,54,732,519,213,187,308,288,190,41,145,101,131,184,46,180,86,104,88,63,121,59,21,14,40,119,216,85,43,26,58,77,114,82,24,59,78,42,26,21,6,32,108,56,13,4,24,50,187,38,13,40,7,70,21,6,115,140,64,16,102,16,20,28,54,42,111,113,43,33,65,12,33,65,109,18,24,60,15,103,51,7,35,81,64,49,43,57,31,13,86,67,92,67,74,20,109,71,44,143,132,81,36,53,15,43,40,40,150,118,73,70,83,38,77,16,86,31,8,16,14,63,111,6,35,91,37,188,5,100,58,35,73,22,64,60,108,42,133,30,33,18,12,18,50,14,25,94,63,8,83,35,108,59,110,48,53,24,38,5,13,49,237,66,76,52,9,26,52,67,64,20,72,49,22,25,11,34,33,52,11,41,19,34,78,36,26,81,28,9,21,21,26,33,7,48,105,8,42,70,83,69,38,12,25,44,73,18,32,50,40,23,125,185,55,49,20,65,39,8,4,46,4,56,13,22,69,62,85,56,36,9,43,4,11,154,38,33,80,36,11,108,69,6,29,43,14,15,61,9,26,23,5,10,23,23,4,13,34,66,29,33,30,30,68,15,101,14,200,31,41,107,55,37,39,48,10,11,8,11,7,18,64,22,9,24,39,17,18,59,43,19,29,8,25,39,48,5,12,10,33,14,14,27,41,13,77,47,15,25,90,136,42,14,65,15,69,44,14,11,169,22,18,14,5,84,73,57,48,8,26,4,11,35,96,19,4,15,14,4,3,13,4,21,12,42,39,66,94,48,50,13,17,13,59,63,15,4,76,12,34,15,112,11,6,13,19,3,7,13,35,8,22,9,21,26,40,11,4,32,68,36,8,65,31,21,5,19,21,60,44,26,15,17,6,36,7,89,50,123,30,46,11,20,14,25,11,6,10,25,24,14,4,5,26,66,14,25,17,22,14,10,4,4,21,10,23,13,40,9,18,8,4,18,21,5,19,7,23,8,152,7,13,4,4,7,41,10,10,25,43,19,128,11,23,4,34,13,38,12,33,3,4,9,61,27,10,12,3,6,25,23,27,6,14,12,13,10,42,6,12,9,30,9,5,5,4,4,20,10,8,12,32,36,115,100,25,30,6,7,8,7,6,10,12,24,23,6,32,39,6,33,13,7,23,4,32,24,14,17,5,7,42,96,6,4,8,40,21,36,24,15,5,4,4,3,53,70,16,13,5,5,21,4,10,28,27,4,6,4,27,6,3,17,5,39,29,13,27,33,26,5,16,9,3,18,37,12,35,3,5,16,21,16,28,31,9,3,28,54,9,6,101,8,38,9,4,23,29,10,6,11,39,4,17,13,12,10,9,57,30,40,6,4,9,31,4,11,48,20,10,6,7,11,26,11,5,12,13,10,13,5,10,5,21,4,8,7,3,25,25,26,51,4,5,3,25,4,
19.92,112,33,155,247,4324,902,3456,2514,1536,6382,180,1107,4522,5698,975,3383,4725,2512,775,432,1832,4167,3091,1056,10127,984,2687,1676,1571,3222,7319,1833,6215,22682,3211,1796,682,15484,5174,6939,1376,5251,3806,2730,890,13992,4974,7294,13461,1800,2409,2308,6682,424,40755,4193,3498,5292,1793,3750,1155,1018,1044,1976,2704,5199,1666,1386,1406,2310,1501,565,24188,3182,2860,2642,1947,2499,4317,2312,2432,1817,2432,1848,1852,2189,2081,2508,894,3449,1979,1230,1257,880,1622,980,1328,1263,1153,1998,1583,1877,889,3668,15097,2144,1221,4209,1766,1639,2153,4414,2275,4899,6571,9543,2063,2509,4061,1719,5129,5409,11162,2987,5421,5281,9280,4611,1878,5634,38693,8494,7065,8650,6355,4386,15263,7269,6961,9105,16183,9040,15389,12767,8484,3005,21622,4220,10240,15899,5388,36755,26863,30888,5141,9388,7710,3782,63648,6794,18835,9449,4211,1146,6378,4967,151497,20779,4398,1027,831,690,638,55739,1656,6377,943,584,240,557,964,671,322,458,416,1993,363,6406,615,282,402,818,452,197,200,640,412,319,256,236,284,258,145,281,411,268,253,150,465,273,105,548,230,436,268,161,172,335,123,142,267,133,184,351,172,143,281,473,259,381,229,251,180,202,127,81,190,305,235,83,213,315,212,178,207,127,142,135,224,177,95,153,220,173,126,108,316,285,174,89,143,159,252,227,212,196,189,205,239,165,160,122,150,205,149,307,155,189,62,287,299,224,124,160,199,199,170,172,197,187,14465,1910,204,306,226,814,2082,1617,1396,893,307,250,6006,1378,455,268,299,484,528,285,768,750,351,143,410,278,144,218,433,234,296,310,172,150,124,130,107,180,366,119,108,334,161,253,207,131,370,138,93,228,188,153,155,185,167,233,224,163,210,320,174,222,194,130,261,189,220,174,139,197,107,184,186,148,242,202,250,189,106,277,183,263,146,182,101,201,323,83,177,89,144,237,179,174,188,181,157,192,302,209,258,93,394,242,98,82,114,527,210,127,176,135,93,290,129,179,133,106,184,180,214,176,268,133,204,265,136,109,125,156,178,6048,1142,443,1063,218,121,140,159,181,166,297,138,1113,815,318,374,1483,1151,679,218,145,126,165,95,105,207,103,64,78,117,122,64,10,86,153,166,111,73,176,73,140,49,139,63,68,68,50,106,113,94,27,99,66,18,54,118,71,78,136,56,67,124,76,16,45,134,248,57,121,33,229,69,48,60,31,53,160,65,116,65,60,60,43,19,125,123,108,59,176,135,65,19,252,29,146,150,66,71,155,102,67,95,143,18,71,130,22,166,84,247,99,57,22,261,60,91,37,145,51,93,32,166,75,84,190,116,262,111,68,256,147,148,49,75,24,67,51,74,77,99,107,10,117,72,37,287,161,52,70,12,72,25,100,358,88,55,30,138,54,62,36,112,168,145,27,41,40,53,111,133,14,103,58,39,71,105,259,26,79,51,91,99,23,57,120,72,97,174,40,27,92,82,33,70,43,90,86,192,32,81,162,65,58,76,48,108,96,20,43,68,127,66,55,34,25,46,111,62,54,44,96,90,24,167,35,70,70,117,41,42,23,37,37,40,100,45,49,31,66,32,42,46,56,12,47,43,16,80,23,68,63,54,47,89,52,25,41,19,90,31,33,24,64,9,37,74,19,18,109,68,141,98,58,224,39,49,13,56,44,48,40,23,117,41,60,30,40,27,28,53,47,57,57,136,27,12,132,15,13,36,45,8,18,73,58,43,28,14,20,128,32,45,93,57,56,29,20,48,54,12,35,25,114,38,120,140,26,106,11,78,53,47,25,29,70,60,56,29,9,32,40,46,39,26,78,105,130,78,41,64,39,34,19,49,96,92,41,47,5,40,42,13,43,22,14,59,59,17,86,37,13,91,17,84,90,114,31,75,14,8,85,37,17,42,17,73,12,15,25,43,74,47,14,90,36,89,19,95,14,73,11,18,34,27,71,24,8,31,31,25,18,68,64,34,79,83,37,25,46,39,14,31,24,12,18,15,29,40,47,11,59,60,15,22,17,27,17,58,19,21,24,16,20,11,8,26,36,89,47,5,29,6,16,77,69,34,38,40,47,57,5,65,8,70,69,19,20,36,25,19,34,25,7,31,28,34,7,31,25,38,8,89,84,62,25,36,27,4,8,55,36,45,93,25,61,32,72,24,111,30,58,29,37,42,61,19,65,17,10,20,13,42,77,52,10,44,12,15,39,11,16,24,43,19,18,177,8,7,18,63,6,30,22,20,110,43,7,19,21,15,5,6,7,157,4,37,23,19,4,89,15,11,92,7,13,37,11,45,91,20,5,59,6,15,87,40,44,18,13,30,32,20,36,14,47,17,76,6,67,15,50,135,4,51,22,79,34,21,56,17,49,9,20,16,50,16,27,45,5,23,28,20,54,30,14,61,8,16,47,20,6,38,12,31,15,30,11,6,22,30,5,13,27,14,38,18,17,6,61,44,16,10,20,8,19,26,8,35,49,124,5,21,15,18,41,135,6,22,
19.74,111,16,96,180,3639,931,3478,1856,767,4043,182,1023,1236,5357,1507,2624,1069,1953,1026,414,1931,4545,3076,691,9479,1529,2190,1006,1560,2492,6756,1125,5329,9012,2203,1210,986,4709,5622,5745,1119,3184,3544,2365,579,17561,3495,4271,12342,2020,2274,626,4611,315,39662,3239,2898,3659,1772,2884,620,808,885,2709,3004,5545,1382,1341,1562,998,1420,340,20932,2974,2873,1512,1894,3821,1874,1201,1458,2595,2211,1200,1477,1918,1266,3008,603,3062,1877,984,1453,695,1212,1846,2258,1395,1416,1645,1411,1656,988,1692,15441,2334,1588,1768,2602,2104,1743,8723,1932,2640,4092,6020,2421,2196,3395,1962,2842,4629,15514,3831,5606,23030,10200,2906,2629,7091,11628,10399,9747,7710,5883,4814,18543,5089,5382,9558,14568,9405,16599,16840,10822,3159,17597,4144,6447,14046,2771,16111,27044,28712,2420,3701,16361,5446,15886,2110,1693,1196,2032,714,4720,3595,122658,16349,2267,636,266,266,265,26465,459,746,534,484,229,301,174,127,283,210,182,571,347,393,335,416,151,238,43,132,300,337,463,196,92,310,72,151,62,102,100,93,97,60,232,169,143,316,156,216,104,120,169,94,146,102,184,197,209,215,210,71,141,336,135,61,38,155,116,118,65,178,164,191,31,214,154,40,88,174,55,159,89,102,166,22,149,117,175,114,115,126,245,30,24,253,129,205,145,34,405,528,108,20,164,244,225,135,158,44,86,126,90,154,71,166,160,134,83,244,316,392,141,75,197,145,17715,2039,230,97,170,1664,795,1115,1566,834,280,208,3045,641,268,409,220,452,297,540,393,329,81,14,95,136,293,103,247,153,68,105,202,63,56,47,27,99,89,119,125,53,49,152,207,42,205,206,92,32,92,74,140,70,36,110,194,63,213,206,165,161,137,155,36,177,93,156,50,113,129,78,172,112,114,189,233,51,100,104,136,43,192,80,120,124,90,168,282,135,82,134,57,19,118,97,67,27,62,174,147,236,183,166,133,144,97,235,19,108,54,188,297,46,170,121,117,63,249,134,72,124,207,204,31,178,80,80,32,102,143,10893,2210,885,1198,211,220,123,24,135,111,452,280,600,393,283,175,1453,446,501,91,108,75,22,65,31,40,92,46,40,38,74,46,43,79,39,56,70,13,41,26,90,35,49,44,47,4,54,69,208,13,36,76,4,104,53,29,108,86,20,22,57,25,10,5,22,61,76,42,57,96,22,45,35,13,8,87,17,83,60,9,65,63,49,21,43,15,22,52,51,12,94,72,6,45,29,66,35,87,24,93,22,26,31,9,43,6,21,22,59,40,11,25,41,9,36,71,71,6,38,17,31,123,52,28,17,24,21,24,15,13,45,128,24,84,10,16,23,29,139,98,19,40,24,101,24,19,57,22,14,82,30,17,62,136,32,31,16,49,25,77,28,20,71,41,8,19,8,13,31,47,92,10,83,29,26,124,25,14,57,115,17,24,30,32,9,8,3,4,20,8,23,47,27,30,17,14,28,112,37,17,23,23,22,40,21,19,47,26,115,31,38,5,32,68,17,68,97,76,16,10,212,18,31,57,14,134,9,52,37,43,10,6,11,27,5,100,103,9,51,42,33,62,21,12,35,38,8,80,7,20,35,16,39,18,31,85,24,20,21,42,38,32,65,31,28,45,64,57,20,52,21,21,43,11,29,18,12,5,17,32,27,55,28,14,117,32,50,30,45,28,12,18,13,29,4,17,52,75,45,35,43,5,47,4,63,8,23,26,81,19,12,20,5,86,4,11,5,9,23,4,58,23,18,53,6,56,29,43,8,6,77,24,5,34,20,16,79,45,13,8,20,12,53,5,74,21,30,111,22,5,6,161,13,24,35,4,270,11,42,3,55,14,39,20,7,13,16,7,20,35,9,15,39,60,6,3,4,19,13,44,10,13,56,16,9,6,16,6,15,5,4,8,16,5,20,22,26,38,8,6,15,16,13,17,29,23,54,12,75,35,52,35,34,14,29,37,48,4,9,4,22,53,10,12,24,18,12,6,17,78,10,6,4,38,14,12,4,43,5,9,10,44,39,13,40,26,10,30,19,5,4,7,34,8,5,36,43,5,4,13,87,10,26,11,9,4,22,5,5,4,14,4,10,33,4,11,6,34,10,21,33,7,18,4,129,6,34,13,6,19,19,7,83,9,4,19,10,8,8,9,21,6,7,40,20,8,24,23,100,15,195,3,6,9,8,6,21,16,8,7,3,53,3,67,14,2,8,5,14,16,31,5,21,20,12,9,18,5,21,14,24,12,6,8,7,2,25,10,4,19,4,4,4,19,9,10,19,19,5,4,3,14,25,7,10,13,72,55,4,5,4,9,12,7,5,23,5,6,9,15,21,14,30,16,135,8,64,12,5,8,36,11,12,30,11,45,45,5,33,31,5,46,3,4,39,17,5,4,9,14,24,126,38,9,8,8,7,5,22,7,24,5,9,24,5,11,3,84,20,11,10,24,4,39,43,41,131,16,10,5,6,15,10,15,4,16,13,4,
19.56,110,51,153,159,4976,1681,3462,2063,1076,2835,69,1492,4030,4011,1902,2683,668,1552,488,1372,2005,4462,3045,1508,9902,1009,5328,1411,1410,2510,8000,1492,5771,6535,2226,1175,1434,6026,5269,5942,965,3306,3451,1642,919,12064,3179,6501,13056,2479,2572,481,3846,438,23179,4356,3222,4748,1552,3327,485,1067,1047,2223,3243,5753,2526,1989,1627,1387,1626,291,14059,2558,2243,2166,1935,3200,2539,1464,638,2153,2117,3021,1556,2565,2048,1271,657,3364,2186,1573,1956,1516,2120,3066,13822,3738,1428,1835,1567,4960,1207,2426,11843,2720,1823,2298,4779,3656,1905,20821,5464,3052,3091,4144,8488,3222,3258,3420,4818,5367,14689,8566,16372,88312,17060,6051,4213,6821,8901,25459,11808,8941,8110,3328,11578,4156,4642,9784,20003,8344,26658,20093,15997,3231,6270,3685,12383,8038,2211,8537,30936,29296,2470,3263,29195,9842,15167,1935,962,583,974,2649,3883,2445,55282,7811,1055,711,233,532,286,8450,460,258,197,741,434,199,307,188,751,822,181,391,101,173,209,447,170,120,176,370,306,357,483,165,231,309,149,180,279,160,130,120,138,63,291,133,88,328,70,200,321,172,29,257,115,98,93,135,191,233,136,292,269,189,263,287,135,130,231,105,208,134,136,94,74,298,317,161,363,331,171,60,80,237,205,468,234,161,393,243,209,262,145,52,31,273,154,174,147,416,235,223,149,145,162,76,54,187,116,98,157,126,271,307,166,223,194,141,208,188,242,878,447,166,272,313,9577,742,284,218,355,1563,202,948,665,512,352,244,807,338,246,402,371,248,175,182,337,285,185,234,125,163,173,383,227,157,142,193,136,90,88,181,224,263,100,139,286,238,157,145,292,270,129,45,261,29,159,178,109,268,257,310,174,113,178,89,97,84,112,173,257,217,111,193,125,113,234,185,167,148,234,97,161,251,216,116,307,256,73,208,95,143,119,233,115,37,87,173,401,119,29,136,106,139,262,218,56,269,104,113,136,69,35,287,278,231,217,97,315,114,225,129,127,146,223,93,206,331,542,223,153,231,83,35,60,186,106,10178,1457,713,789,285,84,162,67,150,94,1005,255,371,261,178,81,930,299,516,88,79,131,110,70,66,118,18,109,105,94,79,209,32,192,322,80,59,37,69,40,74,90,18,30,135,55,51,157,22,56,46,36,22,165,114,68,78,150,46,203,87,81,33,8,38,47,153,14,96,131,37,29,50,61,39,43,92,59,21,134,159,49,46,27,69,42,30,99,124,60,25,77,63,82,48,18,78,143,75,11,86,76,16,102,68,22,47,53,56,77,63,22,25,100,61,84,60,48,91,83,95,35,89,39,104,74,86,20,20,119,47,52,65,118,40,102,43,48,30,61,89,52,80,59,110,47,84,56,56,58,55,25,84,63,148,16,25,48,59,23,26,24,114,39,15,28,81,91,38,125,48,71,111,21,80,11,28,8,53,18,120,30,11,49,102,80,61,10,43,55,159,41,61,43,81,11,49,44,58,164,8,23,37,166,54,29,39,45,66,91,75,21,76,15,20,49,21,28,128,76,33,97,172,59,48,124,36,6,10,76,20,22,35,21,69,26,66,54,10,53,59,59,122,194,34,32,60,46,42,75,63,91,24,88,100,32,33,74,151,117,63,30,38,31,59,51,31,18,81,35,144,37,33,27,57,39,34,65,43,77,41,29,82,34,33,60,48,21,64,58,52,38,14,112,47,11,18,23,23,85,87,37,52,28,22,34,39,91,24,88,27,34,38,197,100,76,19,50,37,35,59,53,38,32,95,22,31,18,14,84,7,30,28,46,8,68,25,49,98,62,70,58,14,42,9,48,22,31,145,23,5,33,51,27,47,25,35,9,18,12,66,9,7,33,60,13,56,18,30,60,57,32,14,43,13,20,14,30,13,32,11,47,6,26,26,8,44,73,17,32,34,15,25,67,55,22,24,16,24,12,14,29,31,150,9,7,72,5,5,87,17,5,19,5,24,26,90,8,36,21,59,11,48,37,38,13,34,38,9,62,10,8,27,34,109,16,14,19,37,5,12,79,5,64,6,6,30,12,25,19,13,48,43,4,62,18,29,24,7,9,7,21,6,9,4,11,60,27,10,39,9,5,129,4,176,24,24,6,22,52,33,149,38,127,19,37,31,23,13,38,23,92,43,43,20,15,13,77,34,17,32,7,92,28,8,196,35,52,13,17,34,17,74,13,24,6,20,7,23,9,32,14,37,22,27,8,17,13,33,8,27,33,20,6,63,100,76,27,68,21,29,7,59,41,38,20,10,23,85,21,44,62,11,62,54,51,26,5,9,32,27,15,54,28,44,63,39,5,54,24,22,36,28,59,44,22,3,14,20,41,52,4,33,16,24,158,43,27,21,28,17,77,51,6,17,12,26,7,76,20,41,34,19,19,91,23,23,9,27,29,14,37,129,48,23,18,8,26,15,51,57,19,5,76,19,12,38,24,5,29,19,16,27,40,198,16,14,16,10,44,10,7,24,15,54,33,4,49,
19.39,109,50,160,285,3726,1721,2724,602,253,1053,56,1979,2935,3688,1185,1944,538,259,365,1636,1559,4697,2522,1057,4054,259,7542,333,1343,3113,5776,1173,5455,4855,1140,651,1135,11240,4706,5073,699,3070,1896,1161,734,6983,3394,5318,11326,2206,1443,713,3098,266,2644,4020,3052,4670,1996,2980,683,886,648,2234,2383,5964,1600,1112,2272,2245,1180,432,4995,2117,2085,1801,2073,855,1823,3314,1146,1844,1713,1952,1891,3123,1976,971,804,1524,1508,1282,2479,1115,1938,6086,33813,5460,2028,910,2102,5390,1695,2299,15738,3282,1477,2811,6252,3603,2231,11808,7428,2671,3309,3342,11291,4689,3045,4008,4507,7982,11081,9785,13493,74807,14810,6461,4405,5629,10859,25187,10747,11775,10365,2701,10972,3293,2816,5313,22845,4784,32669,17739,20986,2699,1591,2879,18298,3500,1007,1636,11242,7375,755,2172,18514,3499,4330,714,585,351,661,1497,483,817,4766,747,91,496,150,259,125,1218,228,165,207,113,85,284,66,195,962,153,122,97,85,212,92,263,114,57,253,234,54,436,301,267,166,122,205,136,101,66,78,79,59,120,71,36,67,76,123,187,223,29,113,191,210,112,251,51,56,77,9,41,179,169,241,69,125,68,128,223,81,15,114,66,24,32,90,181,228,219,68,58,65,95,177,129,237,22,86,77,49,24,257,51,79,231,46,325,109,83,251,149,86,46,134,114,47,82,51,96,11,85,19,37,76,217,122,28,24,19,54,561,121,210,192,204,319,23,35,168,20,497,116,307,208,97,210,69,167,285,199,140,156,122,84,210,144,234,17,26,57,109,87,123,59,113,343,114,88,137,94,233,150,130,94,28,142,77,121,179,36,16,109,107,360,78,73,37,49,339,72,274,39,26,60,66,127,66,12,17,163,60,91,378,67,278,202,47,49,11,173,104,21,205,290,64,16,92,75,137,90,196,47,78,20,21,83,106,85,23,35,67,167,21,117,10,5,96,47,91,115,199,74,109,29,58,116,76,102,125,247,41,45,33,155,116,64,72,533,116,144,50,89,44,20,46,139,619,119,158,60,23,104,28,51,73,54,516,189,39,104,93,67,78,7,145,15,133,99,128,5,18,36,225,19,69,83,25,8,45,9,57,4,116,6,70,14,127,14,101,4,23,128,20,25,15,105,24,44,39,4,45,19,159,46,9,124,13,50,50,145,6,14,23,22,7,7,63,144,30,21,14,11,48,20,7,182,49,48,6,6,29,61,25,5,28,28,141,16,17,10,4,32,10,94,98,32,22,38,4,12,94,26,55,78,47,52,17,10,27,38,36,11,51,32,32,38,8,85,17,30,92,69,18,58,6,14,61,10,52,62,27,8,20,13,57,136,43,8,16,22,10,13,12,72,7,19,22,87,7,4,31,15,6,33,40,14,21,10,19,35,102,26,48,5,89,17,57,15,17,49,30,93,89,27,24,44,58,4,22,78,34,14,11,11,15,4,125,30,30,13,13,21,10,7,64,44,10,26,52,6,15,10,23,142,21,30,129,10,72,8,48,88,92,6,29,29,19,6,27,12,6,39,47,62,50,40,33,58,30,21,51,7,5,53,37,15,42,58,82,77,127,50,27,62,33,35,32,33,21,25,25,4,5,26,12,20,19,22,48,15,15,178,27,32,7,4,11,92,134,6,16,7,12,75,114,19,70,12,6,102,22,15,32,30,37,17,85,10,20,19,122,16,41,23,75,43,10,16,19,77,27,9,46,66,12,3,10,23,37,19,56,17,10,28,31,42,10,50,7,5,15,7,13,17,28,35,18,13,18,22,7,33,10,15,27,39,19,8,98,9,38,42,21,17,23,26,50,4,51,75,164,6,98,14,70,47,7,5,34,15,15,34,17,13,67,24,14,10,19,8,17,44,4,14,64,10,20,49,27,32,18,53,29,5,4,5,16,33,15,6,130,18,35,67,12,13,13,14,23,6,26,43,5,4,43,32,10,7,7,11,9,3,4,34,25,3,13,56,47,11,27,20,4,6,11,18,6,17,7,20,4,64,22,7,10,23,6,35,63,14,19,9,11,7,124,13,6,14,58,40,3,16,4,31,35,33,11,23,4,39,13,27,13,27,9,20,20,69,28,69,15,8,31,16,20,18,7,27,12,13,18,11,29,7,21,14,6,54,17,32,4,14,10,36,5,58,15,23,57,8,13,13,3,22,31,18,59,60,8,10,16,13,10,8,8,28,9,21,68,3,7,5,19,19,8,5,8,5,25,8,27,7,19,4,3,6,26,5,5,10,13,7,29,29,14,14,5,57,46,7,13,6,9,12,29,4,31,13,38,12,5,6,10,18,10,41,5,20,29,14,24,16,8,11,4,5,17,17,5,3,41,5,4,20,15,12,4,21,23,10,3,8,4,4,15,4,4,5,38,14,10,24,7,4,5,11,34,3,4,5,65,8,5,16,8,28,19,36,12,4,29,27,3,9,54,33,3,10,18,8,126,17,55,27,38,3,6,8,15,3,7,32,3,6,
19.21,108,116,99,236,3947,1097,2792,1684,398,1922,85,1030,3005,3884,495,3953,624,888,201,1904,1627,5183,3185,1395,2299,525,5475,441,2020,2564,5711,1685,3680,6563,1336,544,4082,13622,5158,6327,806,2588,1844,839,949,8483,3467,5796,10674,1958,2045,1176,3222,288,1474,2891,2514,5512,1619,2907,624,699,892,2564,2238,6993,2392,1532,1920,2090,1830,573,2917,2870,2442,1922,2121,1046,1489,4472,2241,2049,2820,2179,2477,2750,2002,1646,965,7017,2436,1481,1905,1326,2486,13698,56986,7177,5125,1347,5043,6236,1670,2727,49154,7458,4138,6713,4630,4361,2842,27804,12960,4056,10873,3834,97946,15088,5768,4229,12244,11669,15092,7843,9859,40061,7027,4248,6022,6194,15246,24332,9512,13427,14066,3863,5735,1963,2227,4954,19077,3622,28612,14711,23610,5259,2415,13377,16714,1936,375,934,3041,1502,1161,1766,6871,1999,2818,424,587,455,356,676,248,308,1651,223,198,887,238,329,234,894,206,425,196,259,200,473,318,297,475,346,83,206,204,245,149,297,350,210,133,255,142,253,138,242,107,106,258,266,98,162,72,25,356,185,149,146,82,158,159,36,66,435,62,251,92,114,318,195,442,134,85,52,121,193,171,120,140,336,116,179,157,65,85,162,222,180,13,300,68,205,163,78,243,75,162,227,179,110,110,311,30,96,195,260,187,75,165,164,253,51,204,117,148,220,38,53,14,147,115,81,93,169,158,167,37,92,165,155,127,44,59,117,287,102,156,110,226,300,258,147,155,128,214,416,238,83,243,237,227,27,156,247,182,20,86,118,118,127,202,145,181,95,60,141,175,179,177,44,36,74,66,152,301,157,372,135,133,160,68,176,311,78,164,163,53,29,121,88,166,250,64,261,160,131,68,211,201,65,80,173,114,230,120,252,162,150,99,343,245,151,244,89,137,125,188,156,48,104,107,51,170,108,100,211,125,220,154,90,100,190,50,128,212,60,81,71,135,49,73,71,54,19,168,73,22,51,135,64,67,62,180,102,74,182,156,147,24,40,267,66,18,49,30,60,44,12,45,216,142,54,78,60,101,49,135,39,62,15,108,102,197,39,110,42,116,26,13,96,69,103,128,35,87,199,60,38,77,65,45,57,74,139,80,31,16,36,155,78,136,32,89,57,23,23,55,159,73,52,41,20,85,104,95,116,47,56,99,37,23,21,60,58,161,17,21,20,95,40,62,30,115,134,54,53,16,31,43,41,32,42,79,57,45,21,54,151,114,125,51,69,44,46,26,11,23,48,65,35,57,44,29,75,30,32,72,53,36,183,102,12,57,67,77,194,34,123,26,79,21,21,121,115,14,30,252,19,53,29,13,13,41,54,22,45,61,88,147,27,29,15,39,94,106,84,48,52,78,83,29,50,142,173,61,58,58,98,58,53,26,19,65,34,51,59,72,123,40,65,26,59,34,27,60,27,72,37,54,51,27,18,45,17,45,113,65,41,16,196,60,33,27,41,49,49,121,110,75,74,78,42,9,53,50,108,173,42,96,68,79,82,41,6,45,75,42,21,61,57,83,43,45,90,50,18,41,22,25,50,51,72,65,31,32,36,74,52,62,19,48,116,44,10,18,17,86,23,22,23,82,49,8,24,11,53,90,67,47,263,48,84,12,16,12,12,42,50,22,45,27,200,43,47,39,32,60,67,79,86,32,49,31,19,92,42,33,46,10,31,69,12,116,61,65,10,6,43,69,75,27,78,14,74,63,28,19,59,20,16,38,168,62,85,28,35,20,81,79,42,19,14,92,7,33,32,83,65,15,47,33,90,8,39,11,46,32,37,13,6,17,30,30,24,113,138,34,35,4,44,23,9,13,63,17,20,50,10,38,49,25,64,25,51,16,32,41,47,7,47,30,25,26,74,47,166,60,13,37,34,5,15,38,22,52,16,113,31,27,10,6,19,31,26,24,17,22,63,37,29,31,133,16,37,86,43,77,28,22,13,19,27,44,13,31,32,26,35,12,16,32,22,26,23,20,20,49,38,5,17,24,18,27,19,17,7,31,27,33,49,9,24,29,41,5,32,44,27,47,59,11,50,20,31,39,36,27,63,18,46,13,22,27,36,42,25,70,17,17,15,20,8,101,45,134,25,36,20,46,29,63,28,36,20,14,52,36,27,35,4,43,10,28,6,31,17,39,15,74,26,29,31,12,33,23,14,16,33,19,43,17,42,276,95,44,26,24,65,19,37,86,24,54,15,18,11,42,6,36,14,92,26,9,33,62,51,21,16,87,8,19,14,6,23,6,28,5,9,11,9,92,9,23,7,40,19,26,32,44,38,34,56,41,8,19,31,58,30,13,35,10,18,31,19,38,12,29,23,132,30,9,21,15,17,26,22,5,26,7,100,4,5,33,41,6,18,59,26,14,11,11,49,33,16,6,18,18,33,23,11,13,18,27,17,5,12,9,17,20,23,57,50,4,9,17,23,105,35,82,7,15,38,34,57,7,28,5,20,21,9,24,10,31,48,41,22,5,
19.03,107,40,136,287,4132,1251,4313,1766,177,2284,102,1583,2191,3617,725,5820,230,411,114,677,3006,3422,3945,606,2722,337,771,272,1880,3905,5074,721,4417,7796,1798,430,1032,5674,5581,3648,961,2779,1651,819,704,5379,3674,4654,9742,1087,2915,1131,4341,199,1738,3767,1953,3814,1911,1782,555,1753,920,2166,2789,8230,2512,1660,2505,1016,1407,547,2784,2699,2468,1535,1624,1626,992,3629,2834,1956,2941,1704,1936,2037,2075,2764,2484,13870,2938,1434,1790,1450,2102,9985,63798,7117,4683,1302,10933,3516,1967,2201,75302,12058,3978,9810,2155,4792,4758,32490,10261,5192,9106,4960,136891,18501,6159,3787,19547,13733,12235,9172,5705,7182,2707,3275,2303,3654,14669,17338,7584,14534,16097,4001,4412,599,11922,3886,4854,899,6036,2636,6735,5354,3129,16673,3212,723,246,590,415,713,1114,636,1227,789,1986,224,530,205,204,215,45,162,205,232,348,258,108,186,61,257,236,275,89,37,76,218,23,140,103,220,146,48,120,231,65,107,452,341,111,85,216,146,308,161,17,25,47,83,62,276,29,29,118,33,115,42,28,74,97,162,29,110,21,51,94,46,75,114,72,195,153,45,160,32,63,139,30,60,21,209,25,287,8,10,145,163,89,36,45,48,232,34,120,85,83,82,137,51,97,34,31,58,18,35,28,140,38,105,44,47,163,8,35,123,198,19,124,134,21,70,151,62,85,30,26,16,60,86,15,9,69,43,9,185,20,114,87,33,42,53,18,80,15,162,36,37,173,31,155,198,187,11,45,44,50,50,85,28,27,138,43,53,75,27,199,239,97,65,53,46,171,226,93,51,80,71,291,86,214,81,304,49,79,37,79,27,37,19,43,32,153,20,136,74,44,14,149,68,5,8,75,127,28,34,45,112,32,123,44,66,68,40,112,74,20,51,34,43,87,31,13,99,72,45,131,76,51,28,65,17,72,44,30,21,47,19,138,76,13,27,9,5,5,40,13,31,19,9,16,21,61,48,52,20,49,17,10,79,64,33,7,46,21,70,7,19,10,10,153,160,35,6,19,48,28,6,16,40,99,27,116,88,19,52,19,18,17,38,42,75,45,10,10,27,54,7,77,12,8,15,25,70,15,180,7,7,7,21,72,45,18,3,7,24,23,4,190,189,20,10,13,70,26,55,23,36,128,19,100,9,10,5,14,4,39,68,27,23,113,17,6,17,17,26,8,7,53,37,14,34,13,8,28,6,14,37,43,14,18,37,11,14,24,20,14,31,20,21,3,26,55,6,12,33,35,34,7,40,12,8,10,37,7,3,14,31,23,52,23,95,7,105,65,7,18,62,10,25,14,19,44,25,70,22,45,9,65,20,22,102,214,53,15,143,35,47,6,78,91,49,113,163,10,29,10,14,7,33,11,17,28,26,8,3,87,5,25,97,56,15,10,39,70,41,26,74,13,13,51,4,14,10,50,25,10,104,11,5,17,24,23,43,10,50,32,5,5,13,26,4,36,16,35,93,22,58,49,18,98,20,23,117,60,34,22,45,15,77,11,54,28,10,13,17,13,77,7,48,8,4,4,101,80,22,47,3,30,31,23,31,16,10,9,20,68,26,17,29,10,15,10,58,63,28,5,23,39,72,4,51,14,3,20,6,17,16,43,10,11,10,52,137,14,27,8,39,10,46,24,11,25,7,11,137,43,33,51,42,9,25,6,30,6,38,6,27,24,70,7,6,19,26,36,18,5,27,9,27,18,15,7,14,50,9,4,30,7,34,13,82,30,11,44,5,8,53,19,67,15,28,7,32,10,19,22,125,7,15,15,14,6,11,7,38,56,26,68,23,21,18,3,11,4,7,39,5,39,38,15,23,10,38,6,4,81,76,38,6,12,9,37,7,4,11,5,29,8,13,22,19,30,4,31,22,8,64,9,35,45,17,10,32,6,11,21,7,4,13,6,32,14,16,9,11,24,42,46,4,6,75,14,4,22,8,10,38,33,51,40,60,7,5,38,12,14,14,22,6,14,11,4,6,14,8,8,25,25,6,18,54,11,40,26,5,21,3,8,43,18,10,32,31,6,6,42,40,6,21,6,18,16,8,18,13,32,3,16,13,4,28,27,7,12,21,13,21,4,12,29,33,6,4,14,7,7,23,24,27,22,24,5,30,8,16,18,5,57,17,32,18,20,74,6,67,14,9,11,47,19,2,27,20,12,22,10,37,7,41,10,11,23,5,3,35,10,5,5,5,4,32,6,98,74,6,7,18,6,11,21,29,3,14,5,18,38,13,8,105,9,3,13,28,4,56,67,8,8,10,7,21,24,3,18,37,9,58,4,14,6,47,96,65,127,5,9,49,30,48,5,4,4,31,17,27,13,98,45,8,5,31,3,5,6,22,126,6,22,11,27,32,4,21,23,8,3,5,48,12,14,22,4,5,158,9,117,51,14,5,41,25,3,4,4,11,15,23,53,77,3,5,54,4,20,38,35,47,4,6,7,6,16,4,35,18,9,
18.85,106,13,109,153,5040,1194,6359,2261,355,3111,149,1976,1535,3435,1701,4778,415,405,193,565,1715,4507,3743,785,3567,394,569,286,1072,5450,5664,978,3255,11854,1413,559,392,6580,4939,3244,800,3003,1102,1463,691,1822,2975,4421,6950,1508,2757,601,5104,237,978,2683,2606,3742,1144,2353,303,3755,597,3009,1806,10134,2929,1924,3090,770,1680,480,3415,2567,2243,1150,1448,1876,1041,1861,1281,1987,2151,2108,2351,1683,2344,5230,3956,16653,4304,1308,1674,1203,3344,9387,60140,6334,3294,1562,16795,2250,1851,5344,89402,13011,6241,15403,2986,5966,3939,27958,8336,5817,13633,4193,93796,12921,8210,5411,21692,13122,13731,9537,6919,7208,4527,3980,1264,2667,12127,13178,8776,14863,17725,3314,4003,596,47338,3531,1808,450,2559,1812,2570,4397,2387,11563,792,318,385,516,164,787,1428,367,601,675,796,159,104,228,179,120,162,226,213,48,229,145,158,260,621,222,179,407,88,307,188,264,158,43,49,34,118,420,48,104,60,176,388,329,68,183,79,297,203,69,114,144,27,212,47,28,77,95,133,152,185,226,127,75,21,142,130,138,86,67,132,150,9,44,255,48,78,48,125,38,44,143,31,143,176,72,38,73,32,72,42,132,132,191,54,55,12,118,5,32,29,38,65,117,22,102,55,19,94,28,24,59,97,47,19,80,8,195,33,49,187,86,88,64,26,13,15,33,97,130,82,97,20,15,31,9,38,5,88,43,279,76,162,20,102,30,7,12,9,174,11,68,137,134,34,90,47,185,221,13,63,30,195,54,67,19,36,31,211,115,116,56,126,39,102,308,83,120,150,13,149,69,7,7,55,14,161,40,80,24,73,134,97,78,14,116,22,264,146,79,146,96,106,140,51,35,87,102,7,147,30,41,13,66,7,112,57,111,42,12,12,18,10,137,169,9,22,103,203,5,55,13,54,15,5,25,51,7,69,83,6,204,48,13,20,68,16,18,54,36,74,34,20,7,62,10,110,67,257,60,92,22,61,42,22,32,20,4,60,147,12,30,93,30,17,22,100,27,21,9,37,34,8,24,11,21,33,9,26,16,47,33,22,38,3,211,37,34,37,13,8,39,59,20,23,97,22,26,19,39,39,38,54,45,44,4,11,22,94,32,23,24,54,52,57,13,20,65,55,33,12,30,33,19,8,8,36,43,47,41,21,47,23,60,35,36,33,17,24,19,8,170,18,22,12,4,7,3,23,73,9,45,21,81,7,8,109,19,13,26,74,97,10,14,72,73,15,21,22,15,11,20,7,15,53,70,20,4,26,7,21,4,59,52,29,16,50,27,4,21,74,5,9,4,102,46,4,12,19,7,27,11,8,9,31,11,26,18,109,47,18,66,9,22,21,3,54,12,11,56,18,48,60,9,13,11,6,14,39,47,12,44,61,126,4,43,12,39,30,27,66,33,15,52,88,3,16,34,71,18,12,17,38,6,29,29,14,11,11,4,85,32,32,36,29,9,24,17,27,5,92,61,50,16,120,44,103,38,43,42,19,23,73,147,17,10,71,35,23,110,7,27,5,19,27,26,11,18,20,4,21,9,37,16,4,42,16,20,23,12,30,56,71,8,51,58,22,9,16,18,28,27,15,18,20,24,9,61,9,14,11,23,12,14,18,54,6,104,67,5,15,10,59,37,33,40,5,92,4,68,14,14,7,12,56,32,14,5,25,12,22,9,9,57,4,19,15,7,11,4,14,12,17,4,14,13,15,18,7,14,23,18,23,4,7,18,29,21,5,53,13,13,64,12,32,15,3,102,52,9,7,31,21,7,19,17,63,8,5,17,9,10,35,5,36,135,20,15,6,6,5,66,17,19,5,10,6,12,14,6,7,8,11,18,40,18,23,25,12,21,43,12,35,29,22,22,10,4,6,11,6,16,13,17,3,5,14,19,8,10,13,23,34,18,17,22,14,4,15,4,16,31,224,15,20,5,13,6,12,9,21,18,108,17,12,12,6,23,21,5,45,4,40,26,29,4,16,4,9,13,17,35,22,31,8,9,22,4,6,4,9,11,14,4,15,8,4,35,7,260,28,61,12,54,17,43,10,12,29,19,10,6,3,4,48,12,4,12,9,28,9,7,31,13,34,40,22,12,17,9,7,88,4,22,9,19,16,14,12,26,28,14,7,5,52,28,4,17,4,4,37,23,4,22,103,36,46,5,14,6,10,24,40,19,4,33,14,23,2,6,8,10,3,28,28,14,13,15,9,46,16,20,5,7,7,7,48,7,30,7,4,11,6,13,3,28,5,5,18,10,6,76,47,4,135,30,37,3,21,8,16,4,4,11,9,11,13,17,5,4,15,7,17,15,38,8,6,6,3,20,3,12,6,4,19,4,39,4,8,4,73,7,44,11,22,5,3,4,17,5,13,15,41,11,9,11,17,4,15,5,75,8,34,17,5,4,12,105,4,6,76,63,10,50,12,9,10,27,54,11,10,8,87,21,5,4,7,22,3,8,3,
18.67,105,30,204,240,4825,924,9211,4239,471,7141,84,1705,1437,3138,1316,5926,913,658,117,345,2654,3254,6257,726,2106,532,524,207,2025,4163,5375,1402,3677,22520,1923,606,218,7433,4326,4173,1152,2562,1758,893,1206,629,3989,4680,8300,1119,1402,716,4411,347,1576,3013,2369,4899,1087,4570,500,7081,457,2771,2626,11772,2309,1616,2695,964,1572,1462,3865,2285,2278,3059,2396,1222,1300,2255,1140,2983,3445,1976,3891,3472,4101,14660,3084,9387,4827,2181,2004,1033,2683,18405,38389,4900,1440,1687,11230,3283,2700,9141,65065,9131,26076,10429,6803,8272,7465,16437,12903,10378,14504,4359,40706,6481,6865,9468,12525,13498,15615,11263,7104,12479,4579,3467,1193,2749,8815,5617,8040,14625,16071,9868,5741,818,178945,6187,636,475,1814,3693,807,2979,1742,5736,1500,733,259,870,910,782,629,278,195,456,436,474,275,209,315,158,168,115,286,190,113,259,373,616,689,222,164,523,46,180,241,177,29,169,212,180,321,146,387,190,110,62,630,541,129,137,187,110,234,194,200,75,113,218,116,197,100,239,167,93,67,110,43,105,113,141,93,53,278,126,34,218,201,207,56,200,142,186,100,163,129,288,328,53,184,106,234,27,149,55,88,46,87,26,262,39,35,82,87,52,202,272,48,243,29,39,88,86,9,59,26,25,33,157,28,41,264,242,68,140,108,78,84,51,87,130,66,48,112,56,82,187,37,97,122,29,104,68,42,26,99,76,77,260,82,128,144,148,223,136,24,16,147,169,90,78,257,194,159,19,118,87,81,101,164,49,169,64,143,191,237,217,296,24,106,85,231,71,89,170,124,109,34,98,82,156,173,11,76,45,159,146,114,118,45,132,260,97,29,45,30,168,92,207,25,75,36,150,113,87,24,70,34,35,57,10,30,49,7,85,290,71,47,111,21,42,64,97,10,13,53,92,40,52,27,43,23,39,31,31,32,22,25,68,30,18,78,23,58,66,54,30,21,12,56,63,70,135,34,68,44,166,68,147,10,48,25,16,74,10,25,25,58,85,19,19,37,22,140,23,14,30,30,64,23,47,18,28,28,30,64,26,126,89,7,31,18,11,50,74,15,116,210,72,129,61,36,16,38,194,48,9,48,36,97,14,106,9,46,33,100,28,12,50,28,49,78,39,12,75,37,84,30,42,29,106,46,35,76,47,19,38,47,39,12,104,13,10,13,19,36,40,100,15,75,81,30,121,36,9,55,22,41,12,36,82,30,95,63,8,38,113,74,11,13,36,48,38,55,55,26,40,74,29,49,25,21,11,63,64,40,32,47,59,41,59,164,17,19,25,34,32,31,26,54,31,54,45,30,56,142,46,32,14,26,6,26,16,38,63,20,24,71,18,16,30,52,88,180,59,43,19,80,77,23,20,18,48,15,94,20,22,45,91,36,28,89,39,53,21,16,31,105,20,73,17,30,61,68,65,32,39,9,18,74,63,53,14,115,31,29,50,28,65,26,99,47,150,84,57,49,150,18,24,131,47,24,77,40,42,25,57,54,48,22,76,14,46,112,27,29,47,7,41,25,45,60,39,27,10,14,11,21,11,65,48,73,37,103,99,22,76,22,58,34,20,48,38,71,31,64,35,24,69,9,47,44,14,40,12,26,27,134,53,119,70,27,60,39,18,25,56,70,15,109,18,10,57,28,42,14,7,109,17,115,16,64,82,24,37,38,9,12,6,26,89,8,30,54,23,22,14,33,8,75,10,65,14,16,35,23,33,18,83,56,31,12,39,43,14,19,34,47,44,20,77,110,13,52,16,4,42,14,69,35,53,82,46,23,17,10,15,38,130,60,113,9,39,63,5,38,37,37,12,22,26,139,31,13,59,41,33,58,16,14,11,41,40,29,40,9,16,15,23,12,38,93,24,22,25,62,18,78,33,54,14,30,23,13,61,19,27,23,29,14,8,7,34,25,15,35,18,16,30,6,82,79,17,27,10,5,73,36,11,8,16,59,33,25,21,16,43,19,31,4,22,72,5,6,28,25,58,64,14,8,21,11,8,36,24,40,49,15,12,84,19,42,24,205,39,21,39,47,39,51,80,21,15,24,6,19,26,147,4,38,27,12,8,19,52,19,15,61,19,28,30,31,12,55,25,93,24,13,22,16,32,28,20,20,40,4,25,43,43,17,7,70,51,44,9,54,25,42,17,76,23,43,27,19,12,54,98,59,32,27,26,44,31,4,19,48,79,18,25,29,34,21,38,32,36,25,24,10,24,10,41,11,7,15,18,36,51,19,24,16,18,10,84,9,6,25,11,9,15,13,11,73,23,11,54,8,28,9,23,52,9,14,16,4,20,23,22,12,13,52,5,22,18,24,12,18,10,14,24,14,6,12,14,13,21,4,16,26,35,65,34,14,34,6,4,38,5,18,35,13,3,7,13,11,66,49,24,49,61,26,66,12,18,10,58,20,13,11,15,34,20,14,10,19,16,33,33,33,91,22,33,7,91,42,20,55,
18.5,104,92,167,81,3569,415,3610,2003,388,6526,92,1902,1790,3183,702,3123,708,1004,22,540,876,2698,2376,801,2257,651,809,63,1156,1743,3848,600,3050,12416,628,428,237,1773,4099,3142,1171,1964,1398,723,1807,532,4328,3619,5523,1398,912,794,2132,117,2328,3054,1965,2096,1172,1196,236,2426,383,2577,2059,12491,2181,1569,1565,681,2340,1862,2791,2976,2844,3497,2000,1631,1200,1194,599,2313,2952,2244,2529,2401,5009,44386,5693,1755,1637,1129,2259,1054,4930,33660,13030,5477,2064,2128,4596,6789,5431,9408,8996,4644,25196,10064,6199,7316,11093,13075,18279,12230,34451,7451,6989,5352,4049,6172,5105,6388,17959,7657,4767,13047,4767,2537,833,2735,1110,1304,2331,4269,3649,12762,6396,488,141054,12581,487,231,1191,2457,399,4014,1471,472,653,302,172,614,434,513,171,126,269,224,142,203,156,118,112,147,86,100,132,85,93,168,96,326,256,141,415,198,81,123,107,303,58,94,145,78,178,50,326,113,45,150,135,133,80,80,110,99,169,116,39,28,71,50,93,62,128,53,52,34,192,91,63,164,77,175,60,50,49,67,199,191,75,10,134,128,49,67,89,316,35,66,92,28,94,152,72,51,22,5,18,47,52,28,14,18,43,32,92,23,76,126,16,30,45,6,24,205,23,52,12,135,97,112,27,11,23,43,42,271,10,5,66,46,85,142,57,95,63,133,23,117,25,128,31,29,73,34,208,141,37,8,4,259,113,137,21,49,326,61,49,116,146,140,42,36,11,82,223,16,22,52,16,57,130,21,37,78,116,84,5,35,278,63,100,7,25,105,229,21,23,14,23,15,11,14,22,98,63,74,133,52,32,91,20,43,9,36,20,86,23,28,31,11,79,15,27,12,67,57,21,9,18,19,10,9,6,23,13,63,105,4,56,11,81,23,28,83,50,30,8,17,4,4,21,14,44,15,67,12,17,36,92,12,7,6,28,16,47,18,8,53,10,14,6,18,177,138,33,28,5,19,109,35,33,14,39,13,84,20,4,53,34,95,26,52,6,58,6,31,15,91,15,15,20,18,4,14,7,51,77,20,55,12,10,24,47,5,125,6,16,32,35,42,11,28,20,21,66,3,33,28,7,13,12,32,107,38,19,5,139,8,24,30,7,4,13,10,7,20,24,12,14,21,20,4,12,10,9,26,86,85,69,7,14,14,40,13,7,42,14,7,11,44,12,22,5,24,42,14,8,7,6,30,14,13,10,15,10,63,73,47,6,41,54,20,18,65,25,44,51,22,89,5,15,76,42,13,11,16,38,5,10,59,28,6,13,8,10,14,45,3,119,49,62,13,18,8,42,28,12,8,24,11,18,18,8,28,39,40,17,16,11,22,110,62,26,20,28,17,13,31,17,53,22,31,33,18,26,39,33,40,17,86,44,13,19,6,52,78,13,20,50,10,15,34,30,31,27,80,14,54,12,17,18,39,179,41,15,5,15,21,34,22,54,7,30,7,11,17,36,13,29,42,38,51,26,53,11,52,31,19,26,11,5,59,32,18,119,48,8,19,26,57,37,17,6,15,10,59,13,15,133,72,6,26,17,54,4,18,7,21,8,11,9,28,12,23,7,17,38,4,5,9,19,21,38,16,14,32,28,11,10,62,14,18,9,30,16,16,32,16,28,15,15,34,49,3,5,40,78,17,23,10,25,14,37,16,11,17,3,24,28,51,8,36,9,9,37,12,3,25,32,51,17,4,7,4,21,25,44,4,31,3,9,23,9,22,28,6,28,9,26,50,11,11,40,15,18,4,4,5,45,37,24,26,12,100,12,31,6,8,26,17,68,69,42,3,5,22,19,6,98,9,4,7,10,4,60,8,5,4,94,5,4,64,13,10,11,4,21,5,15,10,11,67,19,49,10,11,15,23,26,12,14,5,5,12,9,12,22,12,4,23,8,40,67,9,30,43,19,22,4,45,5,18,17,38,5,25,16,14,12,35,36,6,38,5,5,15,4,6,43,14,7,14,48,3,43,19,16,33,10,9,5,29,23,18,4,4,17,52,20,9,12,40,39,9,18,4,3,31,19,17,16,47,14,5,5,21,23,10,32,49,13,7,42,26,4,42,32,8,36,21,15,19,4,27,51,37,37,8,94,89,17,33,22,51,23,12,8,11,7,45,9,3,73,62,13,11,25,8,41,17,103,4,34,34,42,13,4,7,16,42,8,6,35,7,15,18,15,4,53,3,20,25,4,15,19,7,3,22,23,4,21,7,15,15,6,24,11,27,17,10,4,60,35,17,7,17,8,3,6,96,17,6,16,32,10,10,16,24,22,14,27,63,80,22,41,9,20,11,4,31,47,25,11,4,11,11,32,5,8,4,5,5,16,4,8,7,13,27,10,12,37,12,15,18,19,16,83,3,22,9,54,12,4,11,2,6,9,14,26,13,6,27,8,15,7,42,3,11,3,4,7,27,14,15,14,4,9,8,3,26,15,8,12,16,27,31,46,
18.32,103,138,84,178,2472,704,3085,1255,458,4640,151,2911,1907,3164,1230,6578,750,788,78,900,1164,2900,2366,575,7396,726,1402,144,1798,2203,5226,1610,2976,5027,667,716,322,7312,3269,4411,643,2391,1499,892,1217,388,4597,3895,6024,1225,1477,668,1892,567,1398,4106,2154,4301,1218,1335,453,1352,786,2526,2274,16582,3351,1770,2382,749,4080,852,2972,3589,6053,2400,9732,2646,1975,1899,964,2528,2818,1942,3768,2705,8591,98787,13055,8719,3787,2026,3667,3191,6628,36303,58574,18127,5962,4982,8540,12606,6277,16485,6475,9588,16040,23764,8402,7950,15353,17688,15823,16481,105552,18528,9285,6058,3043,5071,4356,6292,27625,10301,5128,6858,2876,2489,408,3975,754,1013,717,790,843,12259,48744,1236,59592,81660,2011,409,2358,2278,637,2730,1101,172,227,1021,275,1429,371,250,261,208,206,315,326,154,365,289,268,77,134,120,137,281,355,185,114,206,142,127,257,354,184,81,271,194,258,193,86,226,124,33,159,185,160,55,178,175,248,102,74,368,261,123,146,102,101,198,154,106,127,115,96,137,89,192,67,276,121,89,63,489,78,228,229,113,204,67,194,70,60,244,34,63,67,55,139,113,82,92,47,43,54,187,26,168,128,156,97,72,133,135,44,183,36,13,18,52,46,154,51,88,89,31,262,27,23,193,114,18,135,86,81,104,39,61,69,151,88,57,92,31,37,28,100,70,46,105,40,120,40,23,28,227,220,56,13,87,144,184,116,182,53,150,180,38,59,56,120,49,13,80,81,122,128,104,10,36,13,80,86,53,55,18,83,72,29,25,158,95,115,45,162,44,19,14,99,245,41,53,59,69,65,235,137,91,18,27,87,56,224,140,97,62,32,8,70,81,32,12,24,29,184,47,164,104,61,45,71,19,38,48,13,62,26,22,58,21,17,16,21,12,27,13,28,26,63,30,61,26,121,97,64,39,45,56,10,61,76,19,68,14,59,15,26,30,21,44,29,67,18,22,12,9,36,39,23,35,58,26,38,52,29,12,35,58,48,91,49,57,44,47,80,85,49,14,18,50,25,74,15,9,21,158,83,46,24,41,49,28,30,29,23,11,91,51,31,88,14,65,13,189,25,34,14,17,63,50,13,13,36,26,77,17,69,20,56,52,27,27,23,22,20,19,87,58,16,43,156,86,63,14,34,29,67,9,53,18,63,26,62,48,28,9,36,67,63,19,16,36,45,42,43,39,45,72,61,33,17,15,60,24,18,17,76,112,35,27,14,12,31,6,17,22,7,69,21,18,92,58,173,8,28,23,51,42,70,54,58,57,136,57,51,24,51,27,41,27,108,30,31,18,25,42,66,46,16,140,42,5,26,9,26,35,41,65,45,33,35,18,96,99,10,40,36,136,47,30,30,42,39,17,4,117,30,30,14,22,14,48,40,87,7,41,33,54,98,33,56,71,230,19,41,16,57,13,29,25,20,92,142,53,72,29,29,45,28,39,29,60,60,51,30,47,62,21,30,49,55,65,93,47,35,19,18,49,131,89,22,29,12,15,68,12,46,27,54,8,40,54,54,93,26,9,30,74,42,16,53,14,33,24,24,33,42,57,61,19,76,29,20,21,22,33,11,16,15,52,47,49,20,33,73,38,117,34,25,82,15,17,15,16,67,17,64,38,28,41,20,29,25,23,206,18,49,29,24,36,23,12,98,95,30,13,42,133,8,56,18,14,71,12,69,14,41,25,53,40,75,25,70,47,68,108,46,15,80,37,46,56,14,28,14,7,103,28,39,20,109,28,16,67,23,49,37,158,11,40,25,13,9,19,20,31,38,13,20,19,21,27,46,15,11,116,5,32,17,22,21,21,20,10,19,23,20,68,75,28,77,43,39,62,29,27,33,23,64,25,60,54,11,19,73,6,15,6,10,10,36,15,10,22,35,25,23,16,50,51,30,7,12,41,15,104,26,92,66,9,17,110,40,30,9,11,35,14,22,27,10,116,35,52,38,19,25,27,29,13,43,15,59,13,9,18,6,72,25,15,58,52,60,18,37,44,11,97,38,49,36,26,49,14,12,24,20,21,71,21,24,31,27,14,59,41,43,21,74,252,20,24,16,29,26,23,26,57,109,23,9,257,13,22,36,24,28,21,48,43,39,38,13,23,41,81,39,9,36,7,68,26,11,59,38,41,14,100,81,15,25,11,14,15,20,20,14,27,8,34,97,16,29,33,34,19,10,98,22,7,12,9,12,5,19,25,53,22,4,7,78,25,11,23,48,13,35,10,24,14,15,4,62,16,12,7,7,27,16,9,59,17,38,27,255,71,16,45,32,37,4,21,44,17,55,32,13,15,8,36,7,10,14,29,18,18,20,9,49,15,20,31,33,20,17,32,19,17,23,9,28,15,148,10,10,17,13,17,46,8,13,53,13,8,29,45,46,16,54,33,10,12,30,24,226,7,24,33,17,4,12,40,8,3,17,24,19,6,16,17,30,81,4,39,22,43,19,
18.14,102,18,38,33,1846,613,5257,989,559,1240,53,1996,1249,2119,662,8880,712,1065,213,861,1091,3582,2180,1446,10183,673,2501,158,1514,2010,3020,2266,2217,8279,828,1284,237,15276,3141,3196,706,1776,1577,1007,959,239,2661,4768,6093,1983,1214,430,1206,707,1281,4076,2185,4623,1711,1412,553,1237,505,2567,2404,23682,3583,1635,1783,880,2056,973,3658,3166,3242,1339,14101,2279,3082,1528,666,3165,2430,2567,3227,2491,9813,71718,9045,11242,2127,1860,2607,3073,7962,14355,62147,17099,7192,7372,23073,10249,5293,29199,10487,9271,5202,21967,5721,7621,8188,14099,10171,26305,80031,12769,11892,20788,3879,1963,1857,3718,15657,4708,2024,2040,4005,1663,447,1939,324,326,443,278,653,1600,131260,2986,1051,104646,2089,824,2156,700,331,185,275,181,208,2014,87,637,83,102,76,124,203,272,162,309,394,279,90,65,252,125,59,84,107,94,135,43,56,84,117,42,16,35,119,133,112,117,90,179,88,85,132,29,150,86,90,95,46,52,183,415,139,123,66,97,87,73,36,64,67,147,25,105,95,84,40,76,34,120,20,340,30,29,37,57,37,57,30,24,88,25,22,47,21,38,98,23,37,39,21,42,32,74,49,40,47,7,16,20,19,93,98,75,136,82,148,100,18,41,70,38,10,104,37,26,209,32,11,8,8,13,30,21,48,6,77,66,180,18,45,54,101,124,23,40,40,31,7,17,15,46,190,27,4,17,32,83,32,32,39,11,30,18,127,19,11,90,57,19,43,19,30,145,9,62,11,6,50,34,5,15,92,11,76,28,110,15,10,4,11,13,88,26,93,31,29,17,54,72,40,33,22,33,144,9,121,12,30,30,11,8,37,33,29,87,34,52,11,53,8,61,13,96,87,178,135,19,18,13,25,4,21,59,16,69,6,12,44,6,9,190,11,36,53,40,62,16,6,26,18,10,24,4,10,21,11,6,18,5,10,51,71,13,33,10,32,16,25,14,28,25,15,217,140,9,11,79,9,20,120,163,12,54,22,24,18,26,54,13,75,13,14,10,19,6,38,13,42,77,39,5,24,6,74,117,5,9,9,108,46,29,15,19,18,16,15,34,6,17,22,6,8,22,30,15,33,6,23,4,15,13,22,29,42,16,23,13,20,17,13,23,22,105,6,14,7,12,33,48,16,18,16,24,34,22,12,20,45,13,16,6,7,33,4,212,38,3,4,5,7,30,65,22,12,7,45,11,24,45,32,31,53,16,96,9,22,28,15,25,23,22,20,5,20,19,21,20,9,8,36,4,65,70,144,8,13,18,4,76,15,8,4,5,3,14,19,4,49,4,17,266,29,37,22,10,10,12,40,25,22,95,14,4,4,20,15,20,9,47,189,32,30,15,22,35,13,53,23,73,8,16,12,38,24,53,8,36,15,88,32,25,43,43,29,61,9,20,25,5,8,35,25,54,18,16,90,48,12,35,7,37,21,7,24,47,17,9,92,4,16,84,44,20,10,57,13,15,24,45,14,53,53,12,15,16,23,22,27,46,24,21,11,9,19,48,10,18,43,9,29,14,29,25,10,11,22,49,21,4,21,29,12,45,14,6,18,15,10,31,41,18,15,11,27,45,18,19,48,17,26,58,16,38,5,99,24,5,17,19,47,13,32,4,6,72,45,13,35,23,4,34,25,5,11,9,16,5,108,173,4,6,65,38,3,28,17,5,6,14,4,2,57,18,19,15,8,6,11,24,36,10,5,10,6,9,6,3,23,71,4,28,7,4,12,29,7,84,13,5,31,5,4,21,72,27,12,10,20,14,40,51,8,5,13,17,32,22,5,51,6,13,25,5,7,11,19,62,15,20,11,8,34,7,20,11,77,16,40,28,12,43,5,5,15,19,4,24,37,18,32,9,28,5,6,9,20,69,13,49,41,7,6,28,6,45,5,30,4,12,22,18,4,4,8,9,6,7,45,13,8,9,53,7,16,41,26,11,24,7,34,20,5,12,4,102,25,5,5,34,4,3,4,28,9,58,5,29,29,13,5,10,28,22,19,4,15,16,83,35,19,13,47,7,7,40,25,5,19,11,24,17,70,28,25,6,18,21,21,5,64,15,36,12,5,9,25,13,8,29,29,19,12,24,7,6,6,12,21,22,3,7,5,12,47,29,14,44,14,19,7,5,26,74,11,5,6,36,4,26,65,29,3,27,6,3,43,9,4,5,10,10,20,11,86,103,7,82,9,17,10,13,116,38,7,59,16,38,8,29,6,43,20,178,8,4,5,53,20,92,10,13,13,3,9,16,23,6,3,34,17,4,35,39,10,24,25,4,10,19,18,15,20,6,5,18,5,3,75,49,4,10,5,55,6,14,6,84,27,4,66,83,5,9,6,4,25,30,5,30,40,19,7,22,3,7,3,13,19,25,15,13,13,52,25,13,8,46,9,9,26,24,21,14,4,9,4,8,11,17,33,25,10,12,7,5,4,10,31,76,11,7,8,42,10,
17.96,101,85,109,164,2535,1077,5208,799,498,1360,160,5864,1602,3242,789,5396,772,605,821,814,1142,2950,4011,1430,6154,721,648,144,1951,6530,4355,3497,3316,9530,571,1168,471,13406,4374,3461,881,2144,1715,994,553,523,3186,13476,6495,1664,1462,1325,3063,467,1850,3109,5557,4876,2639,4570,848,1505,594,2169,2331,128267,15289,1477,1657,1418,2698,2250,4191,3865,3212,1767,9942,2224,3862,4629,995,1876,2641,3521,3682,3766,50527,39020,6247,8377,2043,3050,5632,6377,69389,12059,35359,9936,7875,8263,36888,16025,6953,41650,15999,10401,7818,28895,9450,6797,5493,10740,7249,19732,34231,4856,9419,47555,8018,8156,3020,2291,6313,1715,466,976,18704,3020,399,590,233,368,300,167,544,428,153038,3096,319,67976,1005,315,4371,771,313,447,134,176,75,1962,307,567,143,187,182,255,140,160,525,248,457,207,129,161,254,147,308,89,157,127,177,124,222,184,65,44,64,119,246,58,43,95,75,255,150,104,115,140,53,189,260,182,95,146,118,332,340,260,133,51,120,299,66,107,162,50,200,96,188,143,74,48,125,172,118,45,67,39,40,53,231,84,47,89,78,45,288,129,97,48,178,86,47,27,78,64,68,35,50,142,59,95,100,25,79,54,36,175,72,34,90,23,31,56,64,44,45,47,19,128,111,81,35,46,54,82,126,41,72,42,72,63,43,24,83,97,79,165,275,104,81,18,39,32,17,99,75,26,89,77,101,108,46,43,60,38,47,212,122,195,16,80,20,22,92,8,124,96,58,71,52,62,37,32,52,36,44,25,117,19,16,74,34,20,34,22,55,46,17,30,44,42,78,48,114,49,59,101,49,11,24,43,141,68,10,22,27,23,60,23,14,15,17,86,56,29,56,30,136,26,130,49,31,33,10,68,85,34,22,18,6,19,46,88,20,34,25,38,21,172,50,33,61,32,21,80,14,38,46,27,10,61,51,29,61,53,28,51,79,21,23,23,43,47,24,46,41,20,16,23,29,27,35,17,5,61,46,14,21,13,23,48,37,24,35,44,14,27,145,21,45,142,29,51,16,65,20,17,17,52,13,101,7,46,93,78,60,51,17,15,31,29,10,39,18,15,12,13,87,9,74,45,35,85,84,30,49,20,52,41,95,41,66,25,64,24,16,90,17,34,86,59,28,119,38,23,20,89,64,69,36,176,64,63,20,60,35,110,148,8,97,41,22,11,14,98,40,17,78,19,34,14,46,31,148,35,50,12,91,26,23,83,54,13,32,40,22,40,154,21,38,88,53,71,18,39,63,44,8,49,31,18,17,35,55,46,54,32,17,62,106,61,35,44,19,76,48,47,16,121,79,66,21,28,50,20,49,86,53,14,81,54,47,24,93,31,76,33,69,56,70,66,12,125,54,36,48,38,53,94,88,11,28,42,49,11,116,27,69,18,16,72,30,23,42,50,93,74,32,25,44,10,39,32,26,35,21,13,88,50,82,63,46,77,57,45,187,144,14,67,53,42,17,22,34,38,22,55,47,35,21,60,54,32,23,77,20,16,16,30,73,35,68,9,93,41,211,78,24,31,44,42,12,110,113,38,83,37,37,45,62,216,20,61,65,56,28,66,19,36,35,49,39,158,58,20,11,60,26,35,62,7,29,43,32,27,52,37,51,77,171,14,74,47,19,53,231,71,41,37,23,35,42,122,22,104,72,20,172,9,38,10,75,51,8,38,58,59,11,18,19,97,33,16,54,17,26,60,12,44,33,18,29,12,37,15,14,154,69,49,30,42,52,50,12,14,36,23,4,24,51,48,18,41,26,30,33,45,18,30,28,86,9,38,46,7,119,45,25,35,53,14,20,51,13,35,5,12,73,147,19,33,69,15,36,26,10,25,34,52,14,45,49,35,8,45,56,31,6,54,5,36,55,82,59,18,62,51,61,23,62,58,28,14,45,14,22,15,28,69,20,33,78,7,103,21,27,65,26,9,10,73,17,13,151,29,20,14,9,24,99,25,45,64,46,11,19,36,30,49,43,29,16,58,34,11,9,49,29,193,69,49,47,43,41,11,44,69,8,68,15,67,22,14,17,27,8,23,9,20,23,46,18,17,35,110,52,14,15,60,6,71,84,34,8,15,12,22,24,52,16,10,30,10,16,43,65,26,46,10,13,55,42,17,16,22,12,33,11,61,14,15,23,4,32,54,14,20,16,43,27,33,12,22,10,6,21,6,74,8,4,43,22,35,29,52,25,5,25,13,30,20,35,38,12,199,11,25,80,6,68,15,8,52,26,11,20,12,26,10,8,34,11,9,27,15,45,13,26,9,10,19,9,15,16,39,4,26,40,8,9,100,14,51,8,13,97,11,54,17,64,41,126,10,261,178,13,32,43,58,7,28,21,29,13,36,101,36,17,67,9,7,23,15,25,54,36,13,6,20,9,11,32,22,40,42,19,80,13,17,76,47,16,128,13,52,16,75,42,18,49,114,30,45,39,9,20,26,11,
17.79,100,38,53,105,3683,498,7046,1540,243,1030,106,15519,748,1912,489,2165,434,846,1365,501,1365,1932,2674,893,3419,525,248,85,894,16135,2299,1513,1561,5153,620,601,286,3107,3402,3108,600,1280,1505,904,1081,195,3850,31665,4324,824,977,512,2783,424,1430,3116,14656,2987,1147,4597,487,1175,901,2669,1510,236604,23923,1795,1748,1657,1651,2789,2638,2172,4603,3661,2694,2775,11344,3813,906,1215,3173,1905,1997,3482,101241,25101,6117,6194,3379,4436,6945,5733,88354,12039,7430,2734,6051,7306,11160,24318,5683,17832,17384,16198,8564,22653,8641,4858,2314,2775,1919,2729,1940,814,5943,30469,4839,6165,888,1353,2719,737,445,511,16672,2257,282,271,145,161,290,149,92,245,23263,384,212,3880,139,165,1693,365,245,226,73,111,131,363,901,642,337,44,64,84,154,168,218,141,599,40,163,40,118,52,124,133,221,102,86,46,54,51,80,99,130,59,53,144,42,99,60,241,99,143,25,54,91,38,103,36,134,102,64,673,335,180,35,68,100,166,40,91,65,129,142,45,45,127,66,25,99,47,22,149,46,116,53,17,70,50,69,187,78,21,41,82,7,47,18,24,48,155,56,150,19,95,74,47,172,17,20,39,7,24,68,26,32,43,5,65,19,63,33,60,14,80,36,10,118,94,32,143,10,11,5,133,7,31,6,38,75,16,17,57,26,31,47,59,70,19,33,102,50,41,21,52,5,13,30,11,121,5,73,24,4,14,121,46,40,87,77,39,15,16,15,74,18,13,13,73,162,40,18,18,3,12,5,5,165,114,12,6,29,16,13,33,22,30,7,158,7,102,11,106,63,16,29,46,64,43,19,39,54,18,44,17,36,22,5,9,196,50,8,10,15,12,24,32,55,53,13,11,83,25,14,10,23,8,22,66,7,13,17,20,46,6,12,19,7,56,6,4,112,52,14,20,8,4,17,22,9,12,42,22,25,23,19,15,21,40,6,62,20,29,42,32,5,19,79,15,88,18,86,107,4,10,37,24,7,58,20,19,6,18,11,24,66,23,5,34,24,114,48,13,47,22,11,4,54,10,79,20,46,13,5,12,45,52,5,18,12,23,22,5,4,4,15,63,17,72,38,82,64,17,23,94,31,5,4,5,22,24,29,4,11,11,6,46,8,44,23,45,25,7,8,102,29,25,7,12,5,9,7,9,22,10,17,11,29,51,10,5,29,6,3,15,5,22,87,5,31,5,34,7,12,7,113,107,40,30,55,14,81,26,19,8,47,17,20,20,13,17,22,18,21,13,32,21,32,37,22,46,34,6,42,23,60,92,81,47,14,27,63,29,27,26,43,46,12,14,10,14,55,83,31,6,54,26,36,28,75,8,25,19,34,43,88,27,59,18,8,20,32,25,13,56,5,28,20,16,53,42,12,11,13,39,5,76,6,19,4,107,45,9,30,40,14,35,12,5,19,16,6,11,14,6,12,25,28,33,41,65,27,27,43,27,60,30,39,67,21,18,20,95,26,30,4,18,33,28,9,35,32,10,8,9,13,18,59,42,43,37,15,7,40,29,7,13,66,39,10,17,21,11,4,28,12,12,27,102,27,5,52,14,6,9,6,30,15,42,61,23,6,41,7,39,233,9,36,40,56,5,54,14,30,20,186,25,214,5,51,30,50,18,46,36,4,17,27,63,16,9,35,21,4,7,5,8,5,11,30,13,21,32,61,16,44,5,13,15,16,23,19,15,41,63,19,43,29,28,20,10,15,13,17,5,16,8,39,9,43,17,7,29,3,11,21,9,86,22,44,59,47,52,5,7,16,16,29,29,19,35,8,8,44,15,39,7,11,16,59,23,9,4,69,15,20,31,51,35,6,13,25,10,105,35,37,22,9,41,15,4,14,88,7,4,14,6,5,8,5,5,7,138,8,6,18,8,55,7,5,5,33,58,74,12,4,14,21,4,10,13,11,11,15,3,11,18,24,9,23,7,24,10,13,12,29,14,3,56,16,81,4,18,63,17,6,7,12,62,8,17,10,3,5,35,13,5,19,2,11,19,61,7,20,16,18,87,15,11,28,23,11,4,20,11,12,10,4,41,6,18,3,189,5,22,6,7,5,31,65,35,3,25,23,14,44,13,21,4,15,25,17,11,158,11,15,40,112,19,16,28,36,22,9,10,26,10,4,33,4,5,57,9,8,70,11,17,10,24,14,32,5,9,23,7,4,52,4,79,21,40,3,38,18,11,23,9,6,57,42,6,27,8,7,28,5,4,6,48,16,4,20,12,4,5,4,52,4,15,36,12,6,8,45,43,3,9,20,14,20,44,11,27,13,9,4,7,58,6,5,24,8,11,7,10,10,7,39,6,14,48,8,37,18,13,4,16,20,20,4,16,9,4,3,8,24,26,39,21,12,13,5,5,26,3,32,14,6,6,11,10,5,4,81,26,18,21,16,14,6,3,15,4,18,14,11,23,6,13,5,14,14,11,8,11,3,
17.61,99,32,104,453,3521,934,14797,1061,806,784,192,29040,952,1904,1312,2715,407,986,1029,1047,1984,2931,2668,1342,7274,328,953,188,1510,25274,3671,1263,2473,12248,431,694,362,4407,4223,2745,957,2558,1122,504,1011,905,3203,54690,4674,2392,1226,523,2620,395,2133,4150,18026,9254,2407,4586,391,1875,989,2577,2664,323965,32427,3817,7911,2448,1755,13980,4268,2603,7710,6752,2773,12759,38543,7475,843,2635,3376,2395,3764,7339,117829,21801,10229,22382,7957,10339,9283,6570,55316,10929,13451,4969,14644,9641,8557,26480,6148,9415,14150,13839,7363,11841,7428,41872,4596,1285,1135,2346,1203,375,2261,7732,4960,2686,1624,891,787,461,437,382,8722,1147,237,146,428,1238,1093,856,234,133,2474,269,301,329,342,153,941,268,180,164,275,202,152,248,1489,453,235,205,80,223,117,520,228,133,198,275,167,148,53,337,75,120,70,53,54,41,57,121,207,198,50,250,127,109,131,128,224,578,334,86,109,105,183,202,292,196,187,250,138,1572,572,149,132,107,179,153,99,157,214,86,65,94,384,104,127,42,145,172,81,145,72,75,40,58,63,15,36,23,38,60,58,151,34,97,52,38,121,44,143,53,43,215,55,94,23,23,35,42,68,79,43,124,162,131,35,75,36,74,13,65,183,22,58,40,93,175,80,173,42,54,25,31,115,72,24,23,125,92,81,90,10,25,63,21,157,33,78,122,12,40,66,202,82,52,116,204,39,33,31,32,24,30,144,31,55,44,38,26,18,72,55,53,34,18,196,13,66,26,23,28,17,113,71,9,32,46,26,30,43,59,26,49,15,47,45,38,35,17,16,25,11,41,99,39,33,13,15,38,39,74,26,24,61,54,69,9,132,40,18,20,40,21,40,28,32,141,39,42,28,41,50,54,19,33,15,9,66,87,20,40,38,25,21,12,18,41,38,162,73,14,91,12,172,129,43,109,47,59,56,25,12,81,10,23,82,23,61,42,24,17,41,50,70,33,91,71,50,54,17,18,12,38,25,16,26,35,16,11,17,32,30,17,90,14,13,40,32,29,43,19,16,82,27,35,47,31,32,21,69,30,26,12,9,88,35,12,35,125,26,55,64,54,55,64,26,27,45,36,27,8,20,30,19,19,24,67,127,58,29,12,24,40,33,77,13,51,90,18,24,69,33,48,87,32,10,89,55,97,32,19,30,14,15,28,17,29,56,40,73,41,10,29,133,18,114,116,16,11,52,87,9,26,31,31,59,25,77,13,13,36,32,20,16,27,35,24,43,36,87,25,14,108,47,13,42,45,117,72,41,46,55,45,21,108,89,24,76,16,26,15,17,58,59,55,22,38,38,33,50,45,54,42,29,42,36,21,55,33,46,28,43,39,56,22,38,39,85,71,9,25,15,48,47,26,52,103,94,16,22,36,20,22,21,15,32,12,10,15,61,37,77,187,11,51,37,32,69,21,7,75,27,30,79,11,40,9,28,26,60,9,82,57,45,49,77,104,59,34,51,65,57,10,37,21,51,84,54,47,107,63,21,38,48,90,38,67,73,16,33,51,25,84,34,26,24,72,47,15,51,33,10,34,133,21,21,43,26,19,14,78,32,34,55,85,27,82,56,23,10,117,22,13,13,48,48,31,41,20,46,11,26,17,69,45,30,81,158,33,76,35,63,18,71,38,80,15,20,29,15,35,44,34,43,195,43,60,53,33,19,66,29,38,14,23,63,38,12,18,19,25,12,56,12,22,60,36,20,27,24,40,44,22,7,41,38,19,12,39,49,8,31,91,16,59,116,25,19,22,8,21,13,22,49,41,33,57,44,31,5,24,26,8,53,23,48,12,10,41,14,31,17,43,40,36,78,128,15,53,10,32,61,5,40,12,36,88,48,16,10,17,18,42,28,9,18,49,16,23,20,30,49,21,36,62,114,21,25,57,22,30,17,15,44,21,73,16,31,60,81,19,11,32,83,29,23,37,7,31,17,11,13,38,12,30,18,29,21,18,14,72,15,23,17,8,16,18,16,39,36,41,21,30,9,22,33,7,19,27,44,22,7,44,44,23,44,20,13,19,15,18,29,58,28,49,64,13,22,18,19,43,44,5,54,41,26,36,23,19,52,89,4,29,44,39,46,36,48,29,37,26,98,68,11,87,22,8,80,16,45,14,16,30,14,7,13,14,7,35,31,20,7,22,23,19,11,23,18,20,133,14,39,111,8,16,13,19,19,6,17,6,11,13,119,22,37,7,12,21,28,35,12,13,102,158,4,70,69,15,14,12,26,11,30,135,21,6,8,29,21,5,26,10,28,28,29,18,68,18,34,8,49,20,6,45,7,20,13,8,28,8,17,89,46,13,31,22,15,21,55,132,56,125,15,62,13,85,21,28,52,22,8,9,16,36,9,27,30,26,30,73,82,22,53,17,53,19,13,26,17,93,33,21,27,19,62,11,11,53,16,10,5,11,73,30,46,89,23,15,66,17,34,24,10,
17.43,98,10,54,32,3577,706,6649,433,1754,338,106,28800,1991,1980,1829,4173,527,553,67,1285,1159,1999,2356,3083,6816,580,889,34,1294,24419,2723,706,2745,25161,486,2032,266,3966,3938,2579,1424,2282,504,678,819,942,6253,50084,3558,2770,1159,725,2218,350,1871,3834,3898,15702,2530,1338,554,1743,1449,3361,3257,251554,26937,2233,13109,3126,3310,18253,3273,1705,2232,6452,1675,63765,53250,8129,935,3192,4128,4731,6792,8044,22531,5806,7875,92311,13709,11189,11933,6344,20163,15919,16786,5272,13311,5820,6337,7355,3034,4592,5277,4417,2937,2102,1288,59244,6620,1151,365,1322,453,185,779,360,1126,462,743,575,243,141,220,179,307,252,171,271,224,1063,1330,576,414,106,245,137,265,141,185,100,120,74,227,243,84,79,27,382,411,140,68,90,72,279,66,93,274,77,124,117,193,68,128,30,217,41,111,67,96,47,115,39,39,300,44,187,71,108,48,154,145,338,141,38,40,40,97,105,444,136,61,29,53,3780,614,494,72,34,223,307,94,198,178,49,241,22,40,110,125,18,51,41,107,29,63,124,100,8,27,63,150,20,53,161,42,27,48,20,90,89,50,22,14,29,69,162,49,30,20,13,29,221,25,17,55,5,50,17,98,27,8,16,32,13,46,85,53,17,24,54,28,17,37,65,20,28,24,149,20,62,8,164,268,120,13,9,38,38,8,31,50,34,54,83,93,35,17,29,12,70,115,40,11,11,14,16,29,5,31,12,24,51,19,5,21,50,15,29,89,11,8,21,15,17,25,23,12,33,50,9,19,11,53,37,16,14,5,135,100,24,27,4,35,12,35,14,177,22,7,10,6,11,8,148,5,55,20,10,6,32,5,10,28,7,26,12,22,11,14,4,10,28,9,10,22,4,20,6,60,35,25,18,7,5,29,9,18,90,58,14,5,29,8,39,50,5,19,20,31,40,7,8,16,16,23,6,23,6,22,10,190,39,18,29,46,7,25,9,25,48,44,58,3,98,23,62,28,7,10,5,5,14,28,38,34,170,26,8,21,14,7,17,17,13,15,69,18,5,13,9,3,11,24,18,5,43,23,33,17,15,21,147,7,12,36,13,15,11,16,25,12,36,9,45,8,7,77,5,50,5,122,5,12,14,29,5,11,22,19,23,24,13,16,37,39,7,76,12,38,14,3,69,66,7,8,12,39,18,50,31,18,17,38,10,5,19,60,7,12,27,50,10,5,23,11,55,19,16,21,27,4,45,15,4,4,47,38,13,45,3,31,7,16,24,18,12,4,35,8,10,13,4,13,18,20,21,19,45,13,5,24,19,33,5,15,21,41,31,129,5,54,10,9,31,18,88,38,7,8,13,10,73,6,43,13,63,17,15,33,43,15,12,40,27,17,9,3,44,9,18,11,13,8,19,31,23,56,97,15,140,48,3,51,28,6,12,23,69,4,7,20,15,11,64,37,43,5,48,40,18,16,59,25,66,25,28,59,13,4,22,43,9,4,8,7,40,59,24,24,85,14,13,50,20,101,42,10,5,39,23,16,10,37,36,59,40,13,19,45,11,4,19,20,30,7,16,4,15,5,23,28,20,29,77,26,4,10,13,13,7,84,20,30,6,46,14,12,34,17,41,4,12,6,19,6,37,6,20,30,6,30,14,14,39,20,98,5,24,5,10,53,13,17,72,6,38,14,16,3,14,5,18,81,33,4,62,21,11,29,9,54,6,39,16,10,14,14,13,147,79,8,4,34,136,35,17,19,4,23,38,9,21,23,24,22,6,4,50,5,5,21,6,13,46,8,37,34,28,13,4,12,16,9,16,13,13,7,4,67,16,12,19,51,27,11,5,10,22,6,31,4,58,4,19,36,9,13,53,39,8,12,6,12,37,115,10,11,21,4,42,7,11,66,18,23,3,11,12,12,16,27,11,20,3,43,27,30,22,19,32,48,11,99,8,13,4,5,19,23,15,41,91,40,39,4,14,7,164,3,9,42,4,29,31,13,8,13,11,21,18,16,66,13,45,19,4,6,33,22,4,65,27,18,6,10,33,21,22,11,6,23,12,40,24,10,11,3,32,10,6,23,23,6,3,10,18,50,6,20,24,9,8,34,8,101,33,16,5,19,3,37,29,91,32,8,46,17,5,27,13,15,11,3,18,4,9,7,18,10,11,4,6,8,21,49,11,15,37,4,16,7,22,20,8,52,5,4,3,7,6,5,7,9,4,13,55,6,8,9,10,5,15,9,6,8,6,37,36,16,9,5,4,38,2,59,11,8,20,10,29,7,4,66,22,23,10,15,56,4,15,6,17,4,24,58,17,12,6,15,16,10,7,27,19,8,12,25,24,6,4,7,9,4,8,9,16,4,5,10,58,8,5,14,38,13,3,4,29,13,3,4,18,3,6,13,28,12,5,64,3,15,8,15,5,8,3,9,21,10,26,20,34,3,258,76,26,4,10,10,11,54,127,10,34,65,17,15,
17.25,97,26,134,255,2309,750,3544,954,1307,552,145,25594,1010,2559,1889,1932,499,995,247,1079,1401,2133,1656,3714,10438,778,742,179,3155,21346,3356,1037,5073,30013,459,5116,395,37145,4639,2741,955,2711,1061,1181,1484,291,19088,41481,5873,3085,1689,1249,1838,396,3335,3055,3011,25477,19277,3588,1087,2612,2193,4575,2901,247445,23762,3714,16188,3394,9356,14640,4736,2303,2084,4195,3030,743632,91404,10472,1951,2409,6887,11780,17259,8922,7901,5551,6724,1090563,131842,15792,16395,8075,33128,24171,33551,5735,8883,3084,4392,2724,1257,2471,9501,3448,2036,1245,1207,48146,4703,590,352,379,566,148,507,414,1070,168,484,461,356,310,356,282,554,215,128,117,409,1161,496,410,370,140,168,92,188,118,262,128,308,798,190,172,59,59,62,147,300,158,181,154,96,661,219,291,113,228,275,117,169,67,101,91,57,176,99,119,92,114,68,201,131,210,181,305,90,131,64,84,142,3583,764,181,236,56,159,546,753,376,182,158,59,3838,1407,639,209,383,418,556,320,541,345,396,65,48,68,137,85,274,94,84,53,50,160,41,57,40,66,102,40,76,67,99,96,27,71,12,72,32,73,138,73,100,25,106,77,42,77,54,32,112,41,32,40,41,79,64,41,37,81,91,29,24,184,95,153,96,161,44,88,72,98,94,27,63,15,72,34,14,33,73,35,134,29,136,147,184,45,32,43,28,33,63,13,18,44,75,109,26,56,18,120,34,60,33,26,34,31,22,77,22,25,55,23,35,150,43,84,69,48,75,83,49,47,27,57,48,46,31,55,5,25,41,33,28,137,26,37,23,28,69,41,27,38,30,59,30,37,47,101,121,13,24,35,22,26,65,26,16,43,106,6,45,32,41,50,47,17,14,29,31,21,114,78,51,15,54,104,38,70,66,11,8,36,30,16,67,60,65,44,20,23,17,40,66,14,53,7,21,70,40,84,24,11,63,26,34,16,36,29,20,102,72,46,32,5,145,31,73,25,30,10,10,49,35,195,56,28,49,24,25,14,47,45,27,39,29,75,24,12,56,18,23,19,13,222,116,75,36,142,46,21,21,20,35,130,25,15,14,45,14,160,130,23,35,20,17,24,12,13,14,38,20,26,32,7,7,35,20,34,25,13,36,20,10,39,61,32,42,73,49,15,53,12,59,43,43,34,18,74,37,44,23,30,37,20,13,14,76,71,13,13,31,88,31,53,27,41,75,48,16,26,56,32,25,11,25,56,11,33,70,79,32,30,118,38,98,7,41,66,29,43,19,29,50,36,16,13,135,28,31,92,61,23,29,84,27,16,31,65,26,8,44,38,50,74,49,148,33,20,50,23,138,88,28,28,26,83,37,59,29,19,46,53,15,23,64,73,18,40,50,16,47,48,14,10,66,30,46,29,46,172,132,18,56,150,116,43,119,62,44,43,68,23,74,33,61,55,48,27,38,47,82,50,52,15,22,71,98,13,59,32,52,86,61,154,37,41,79,27,28,80,14,21,193,40,52,135,29,45,69,182,18,42,28,73,17,71,109,44,16,23,42,71,78,103,71,10,35,30,35,25,58,19,144,50,67,53,62,30,20,65,11,12,26,39,48,85,212,39,38,21,27,135,27,23,24,40,8,10,27,40,68,22,111,10,77,9,71,33,22,26,10,15,56,21,5,56,17,27,15,72,15,5,18,37,14,20,84,22,40,17,11,12,62,31,61,40,236,39,43,106,19,34,18,34,22,16,19,191,61,22,60,55,20,16,9,8,37,38,23,7,33,42,17,11,45,13,36,77,25,4,11,6,97,28,21,42,138,27,21,149,57,39,13,47,51,47,10,5,21,28,16,52,28,62,6,25,17,29,16,9,22,24,83,67,43,161,33,8,13,8,143,119,55,18,20,4,17,25,13,30,11,39,5,4,12,17,18,75,22,39,49,56,4,52,34,31,21,20,15,45,13,22,45,34,15,52,12,52,9,16,10,67,9,32,21,19,7,11,27,16,48,258,58,25,53,39,13,18,46,23,16,18,49,39,182,77,23,15,52,12,28,264,25,40,41,72,25,15,40,37,21,10,46,5,6,26,16,4,85,31,33,85,8,22,18,30,75,15,9,37,15,32,39,31,26,57,19,13,31,6,52,35,17,14,76,25,17,51,22,17,6,14,12,21,11,9,41,45,34,11,47,13,15,123,13,9,43,20,22,29,15,19,53,8,10,20,17,73,91,25,13,10,16,22,31,16,68,25,10,12,74,23,35,32,88,9,16,10,33,9,64,63,12,39,44,21,35,22,37,36,11,36,23,11,21,5,37,19,9,26,12,4,16,104,93,157,50,13,8,19,18,19,6,20,37,7,41,4,15,20,9,16,43,31,35,58,11,29,11,13,12,14,13,51,137,51,10,12,43,8,55,111,25,14,47,15,22,49,20,33,21,78,10,68,72,14,9,29,27,70,16,32,35,20,35,94,25,16,20,13,7,7,16,52,
17.07,96,27,189,456,2313,1354,3345,703,409,1407,106,19617,1459,2969,2888,1485,986,499,283,1097,2382,2182,1380,3208,10161,492,611,111,2062,17211,3108,825,13226,5377,610,1034,219,82038,7707,3039,1409,2190,628,424,1033,294,10268,42148,5876,3424,1293,653,5066,1032,2104,3757,2602,16112,46717,8221,717,1288,706,4104,2224,250354,25623,5495,5305,8072,16986,2063,4829,1701,2274,9212,2820,1014646,118842,16176,1048,4975,14602,15155,19506,15422,6119,5103,7050,1440913,170849,7623,16116,8108,22719,18267,17225,2914,3546,1749,2339,809,1464,2222,7329,9569,1163,987,1410,3075,570,184,183,333,570,148,213,303,219,162,154,174,35,204,137,243,200,38,96,94,923,505,101,177,279,59,128,124,56,67,109,84,36,1646,239,161,249,69,62,159,213,224,150,104,45,1710,121,39,89,51,77,139,67,108,57,170,235,162,361,106,233,102,43,38,70,41,78,126,186,176,93,50,81,11053,1335,95,58,67,184,432,298,474,148,85,149,292,224,221,56,136,234,245,303,72,122,19,28,10,132,182,109,49,29,76,17,53,53,31,55,22,59,145,20,57,18,26,21,102,52,106,31,23,80,30,20,71,32,25,103,70,79,125,113,40,11,133,34,31,66,24,36,28,15,31,20,35,30,10,10,124,23,86,54,29,17,67,29,21,9,22,11,44,14,60,37,21,13,10,16,7,31,42,36,53,40,40,30,89,13,16,29,19,45,13,130,22,73,5,11,4,24,51,103,41,52,54,15,21,45,15,21,56,86,22,4,14,23,62,20,31,23,36,13,76,45,7,54,14,38,23,11,51,60,20,19,23,78,198,20,19,37,45,20,47,11,60,33,105,15,49,11,14,25,49,19,9,17,31,18,36,40,9,90,48,32,26,53,17,9,22,82,15,116,61,6,5,31,6,29,9,11,35,17,78,16,54,27,28,23,23,23,11,42,41,45,29,7,25,5,22,30,21,48,10,14,42,25,14,17,4,66,65,14,7,12,9,4,16,10,39,10,75,17,23,9,13,25,27,12,17,32,26,9,7,22,7,8,5,37,7,91,9,20,20,20,21,72,51,9,15,5,18,11,24,14,12,8,101,34,27,18,29,14,56,44,41,15,8,17,40,34,6,66,12,19,7,21,13,5,15,16,14,9,6,85,19,78,50,25,19,35,54,10,4,7,92,4,31,5,16,83,37,27,3,37,9,46,5,117,14,19,27,14,6,9,48,4,29,17,29,41,36,7,6,4,41,18,11,50,16,154,34,21,25,28,26,24,4,259,43,17,9,19,155,52,61,38,12,68,9,11,49,30,5,102,42,17,28,58,47,45,24,27,82,8,26,19,38,50,36,14,7,21,68,3,80,67,19,6,44,33,37,43,17,21,29,58,50,20,40,30,6,72,94,21,42,18,67,27,34,11,31,9,88,90,27,7,16,48,5,29,123,32,33,48,52,45,16,26,14,38,15,53,28,30,132,22,9,19,22,20,20,66,12,7,9,63,28,13,14,9,63,6,33,51,79,11,43,65,58,46,35,12,32,23,99,15,49,26,18,62,8,95,5,9,30,17,52,20,23,28,19,23,16,50,7,7,38,9,5,38,28,16,30,24,5,24,14,53,65,12,56,27,14,48,9,8,10,52,19,22,17,28,18,5,16,4,4,4,8,4,14,40,17,10,35,19,20,24,15,14,7,37,4,62,75,7,160,27,49,17,17,18,17,50,26,4,13,15,11,24,15,52,6,25,16,6,175,175,3,20,6,5,73,10,12,21,4,11,307,31,6,46,10,4,97,20,16,18,22,200,30,22,21,6,75,9,4,15,33,40,5,52,16,123,14,14,6,40,66,46,13,54,28,19,11,12,14,33,11,13,4,7,6,85,16,3,3,57,18,6,10,4,8,5,20,157,68,13,92,22,6,23,4,74,13,10,81,13,9,12,11,17,7,34,37,15,6,28,25,19,14,12,11,7,14,23,25,22,15,37,5,31,4,27,4,11,5,7,17,5,12,6,13,39,37,21,6,7,9,12,29,26,19,57,24,17,107,44,4,4,34,8,5,12,36,20,10,126,16,38,19,5,42,11,14,58,28,56,5,18,10,13,4,10,20,27,17,18,4,11,90,5,36,3,29,7,4,3,19,9,3,8,10,6,14,8,12,3,3,17,4,8,7,5,3,15,4,16,6,34,56,41,137,8,43,234,8,27,14,46,8,5,16,42,6,27,11,16,8,4,4,20,46,8,32,14,17,8,18,5,5,5,7,20,9,15,100,21,6,20,4,58,171,61,23,166,16,40,2,42,18,33,32,5,6,7,20,19,91,11,8,10,6,50,18,8,58,56,56,18,8,15,262,6,6,44,14,3,19,41,51,11,7,61,31,41,9,34,21,10,7,23,43,13,19,20,13,12,4,50,32,32,6,12,20,10,20,3,6,33,8,12,5,16,45,34,62,11,64,40,22,83,35,17,15,10,16,33,
16.9,95,58,234,289,2682,1739,3553,949,902,1582,136,25185,1578,1776,3385,2578,1815,802,248,670,1683,2680,3725,2048,7915,492,987,269,3752,20681,3834,1464,16970,6924,820,955,369,105835,8749,2952,2377,2257,1672,656,5080,2190,6262,46193,6543,5354,2468,428,8945,1465,2580,4025,2807,9042,51039,13484,1456,8136,2480,2538,2400,264914,29179,5256,9762,21553,18962,2233,3256,4677,6418,14536,6605,705297,80656,15807,2781,16279,20718,19112,27522,35066,13964,7736,30409,873978,108433,7895,10422,10888,12021,16176,7362,739,1866,1011,1977,600,1621,2454,3210,11845,2029,954,477,913,223,127,307,658,2161,287,176,216,206,83,107,166,111,378,228,213,322,105,68,127,486,738,410,85,163,193,122,91,198,97,392,70,118,2971,365,279,141,138,97,145,92,226,153,263,234,4129,148,126,228,89,122,76,104,69,329,87,110,162,118,110,86,113,208,157,387,74,212,91,418,201,56,123,96,22011,1778,231,576,104,481,348,220,258,85,106,117,106,112,73,226,217,85,111,41,83,76,63,128,83,73,111,125,111,54,148,68,26,39,57,43,55,78,51,60,98,56,71,33,39,158,24,150,127,32,36,111,39,99,43,46,129,68,71,29,27,97,44,37,57,59,34,115,44,94,114,44,43,132,22,52,34,25,71,76,20,77,41,250,15,13,72,106,54,34,51,32,37,30,75,26,36,45,20,45,69,29,68,25,18,17,59,37,98,13,16,138,25,71,82,86,19,22,10,58,19,54,70,26,21,43,28,31,32,31,48,124,19,104,35,11,33,31,46,35,5,69,248,68,56,24,42,29,43,41,9,12,16,104,12,39,46,103,36,25,17,87,18,21,17,123,74,33,94,83,26,9,37,13,44,31,26,79,40,27,30,119,112,189,20,46,17,35,31,22,87,15,24,23,53,8,65,30,39,12,39,70,27,44,18,40,36,35,23,65,33,76,72,73,9,40,22,21,32,27,86,61,15,35,29,12,44,34,10,16,36,26,59,11,24,13,32,24,15,57,36,16,52,34,103,10,48,14,170,38,32,7,39,36,15,132,37,5,73,81,12,82,15,28,43,10,15,39,47,53,17,42,61,18,27,12,21,27,21,22,79,102,53,29,16,13,52,41,65,188,29,18,30,22,23,33,16,27,16,52,34,64,45,84,23,49,45,7,52,48,19,38,32,52,46,18,33,14,20,22,43,18,21,22,27,17,38,45,16,21,93,39,34,26,142,23,45,25,43,77,97,95,42,27,43,34,35,59,32,41,125,47,45,45,44,29,42,18,54,13,76,17,81,46,21,33,54,56,37,16,37,13,8,70,37,78,45,31,39,21,46,82,36,24,32,214,14,5,38,32,35,57,39,63,52,53,79,26,35,49,58,55,8,12,33,18,87,26,109,38,61,54,38,110,99,82,98,44,40,56,20,164,48,121,68,50,19,29,27,24,31,92,63,56,19,101,127,30,49,80,40,24,10,36,69,64,83,54,30,102,23,60,38,22,32,115,40,69,8,59,51,43,17,67,73,47,46,24,60,14,13,90,58,27,29,40,20,8,42,32,57,82,27,100,55,85,43,73,13,98,138,15,41,14,40,25,24,86,73,22,12,69,34,26,17,22,38,35,26,48,53,42,44,28,75,22,34,42,12,60,31,18,27,70,78,42,19,21,25,26,55,31,14,19,28,20,48,45,29,19,19,15,6,25,23,123,21,7,19,19,35,35,14,15,27,38,64,58,14,30,38,70,20,15,93,11,12,28,35,135,26,14,19,102,91,46,82,23,16,89,6,35,25,25,72,4,42,30,26,167,36,41,14,43,19,15,17,48,31,12,36,37,51,113,8,45,23,60,141,27,16,9,76,59,56,18,63,39,85,41,25,114,16,99,37,25,35,21,11,13,34,90,26,25,41,56,9,5,22,30,7,5,33,58,28,128,16,43,31,17,177,9,39,41,21,23,15,174,20,51,15,49,6,7,38,42,56,54,72,31,9,25,10,36,65,10,48,56,21,43,47,89,7,63,27,13,21,27,39,134,44,42,35,21,10,133,14,24,38,41,15,32,66,34,28,18,76,25,39,27,33,31,11,44,18,16,24,38,147,14,26,32,58,82,40,44,50,15,46,80,36,17,33,16,179,8,80,11,32,11,17,60,149,22,61,91,4,15,40,10,44,28,6,14,24,31,8,18,42,31,11,5,73,15,121,118,27,262,59,51,37,47,57,52,46,13,18,126,30,63,21,84,16,36,19,34,30,19,32,15,7,6,25,62,24,32,76,25,48,3,14,19,46,15,24,6,14,70,23,38,16,14,79,39,32,31,144,78,13,23,43,9,15,96,22,17,15,32,23,25,22,36,28,62,34,82,12,29,26,22,18,35,15,13,18,50,6,12,29,13,165,155,55,16,64,46,21,8,20,38,64,33,18,47,34,5,9,5,13,17,27,32,38,10,17,19,62,30,22,34,8,13,20,11,12,66,
16.72,94,29,47,84,2561,1927,2240,455,1525,1258,134,25874,2016,1599,2051,1244,642,552,265,667,2326,2117,6245,1127,10545,490,551,321,2885,21391,3621,614,3779,11275,709,920,942,13636,3810,2873,1024,2105,724,1265,4472,2108,4732,47971,5261,2439,4059,684,3395,774,3759,5116,2664,8686,5105,5572,978,9935,1878,2588,2099,271855,26072,1323,24436,29065,4298,2856,2645,3933,9022,5435,5913,39295,4997,5409,3234,22871,23202,18196,32218,32892,19662,9420,38291,22230,4980,4377,2601,2662,1488,2980,1267,328,2726,638,452,453,621,518,2070,3673,639,389,126,330,235,77,55,94,959,273,144,85,95,84,86,168,125,92,137,137,283,91,78,64,120,342,83,155,68,124,215,112,57,101,187,116,178,526,238,241,74,169,192,107,129,88,20,151,114,808,50,40,98,53,51,176,31,81,39,82,170,123,59,60,50,71,54,50,46,49,82,275,26,23,89,87,64,1947,104,81,55,28,432,99,48,144,78,74,26,79,74,6,51,55,26,18,77,123,19,35,27,26,18,68,9,78,29,24,28,43,40,22,24,17,72,21,12,19,95,52,32,33,71,34,25,29,10,15,23,21,59,18,17,64,40,28,21,21,59,14,66,58,36,31,37,11,16,8,24,8,60,24,13,32,12,26,15,56,57,92,20,5,31,22,22,121,57,33,34,30,15,16,25,37,7,15,36,35,29,5,273,11,13,9,31,7,16,16,35,15,7,17,98,5,16,4,33,8,19,24,15,60,5,35,31,10,8,33,65,6,12,11,64,21,8,34,48,38,18,15,49,7,15,157,13,12,5,8,9,91,15,37,5,15,8,33,41,15,7,7,11,51,17,16,23,47,10,4,10,54,7,15,6,32,4,8,83,25,26,15,12,5,12,5,129,16,31,45,22,9,11,34,21,13,31,10,59,24,21,13,6,23,17,13,4,21,10,13,7,4,35,15,33,18,120,41,9,9,15,19,20,31,60,39,4,42,43,15,15,19,28,19,5,18,63,5,88,8,18,94,23,16,13,17,8,31,100,102,14,19,21,5,36,10,6,84,57,18,17,4,17,10,50,10,12,34,6,16,5,28,9,19,41,67,15,14,60,47,8,55,18,53,106,9,11,14,19,9,23,9,25,21,72,11,6,179,11,5,16,58,14,5,28,12,15,10,4,26,8,9,61,24,10,20,9,42,4,25,27,9,6,8,17,9,6,36,15,22,7,6,9,19,31,59,75,94,46,35,64,20,14,36,21,5,16,40,8,10,21,81,34,40,15,11,21,27,32,43,16,10,20,29,14,142,50,51,21,19,5,46,10,54,36,37,69,14,16,23,110,21,69,35,15,7,7,38,33,28,17,26,31,10,35,15,12,15,3,8,30,16,40,10,30,73,75,38,6,34,21,54,72,37,38,22,15,13,46,14,23,57,51,34,53,10,64,6,31,39,23,27,6,17,4,28,14,23,65,22,39,13,63,29,29,24,6,28,9,22,5,33,17,19,38,25,7,24,66,25,56,22,49,22,40,6,15,22,73,19,11,21,182,28,34,32,20,86,16,19,49,22,49,28,6,40,36,72,10,13,6,39,12,9,14,19,10,17,29,12,10,3,26,18,27,71,16,13,51,19,11,75,58,13,35,54,48,7,5,6,19,16,10,3,61,10,12,13,24,6,30,21,39,39,14,3,10,75,27,26,34,7,85,64,81,5,12,55,17,20,57,10,35,9,76,17,27,4,32,73,9,19,9,26,9,28,26,52,7,18,7,58,23,6,5,5,5,10,4,10,7,18,10,6,29,16,99,11,27,5,17,9,17,6,3,41,6,52,26,11,19,22,12,9,5,8,18,52,36,24,12,17,10,7,38,22,63,9,20,38,21,33,51,11,5,9,5,25,63,34,52,14,3,12,14,18,9,31,14,6,37,20,9,7,4,22,14,5,5,4,29,38,19,45,26,47,44,33,12,5,33,5,8,8,14,7,12,4,18,27,24,14,21,3,5,180,18,10,38,4,22,21,43,18,9,9,16,10,12,7,31,15,22,6,12,205,5,26,7,8,39,18,51,4,6,3,6,5,3,4,8,9,6,6,26,8,4,33,16,24,10,7,8,4,50,9,38,10,44,28,46,12,60,33,17,39,7,17,30,18,5,16,4,11,36,31,43,8,12,215,20,5,6,36,14,4,21,81,37,13,12,7,13,51,15,3,8,16,6,8,44,12,13,12,4,13,10,5,22,6,8,22,8,5,14,27,12,16,10,4,15,5,12,4,48,28,5,28,11,10,3,15,9,5,6,11,5,12,8,21,38,18,7,253,41,8,4,7,37,13,6,20,16,4,5,8,33,16,4,15,9,11,10,11,13,46,4,18,6,8,61,7,18,14,5,14,7,5,8,6,25,3,10,7,107,5,24,6,32,5,15,42,3,6,4,5,4,24,17,3,13,5,4,4,17,9,38,18,33,44,7,6,22,46,4,
16.54,93,139,410,300,13237,971,1761,724,2930,814,362,37628,2383,1802,4374,2177,1500,1653,284,641,2141,3122,4514,1189,13728,1098,547,99,2608,28804,3542,1006,2054,58291,1418,2173,424,3802,4926,2809,1836,3955,2002,2157,3595,2078,5561,71019,7217,11186,4554,1390,2603,908,4618,3892,2113,7733,2388,6813,988,5105,1677,3990,3118,458479,46119,3633,382696,44992,7375,8470,6019,11954,27411,8913,10241,7858,6574,6802,3326,25731,28482,14283,34367,29265,16217,10086,30181,2757,2130,4303,1933,714,813,4994,792,543,2127,395,354,246,200,211,2665,760,164,305,330,405,270,129,228,147,62,133,78,172,114,243,140,196,316,206,94,242,78,166,113,168,97,113,138,75,83,103,126,117,159,61,66,93,90,164,89,72,53,127,179,315,173,123,75,96,66,60,99,182,90,113,70,97,61,74,100,257,68,93,54,103,60,204,54,124,39,51,137,122,72,47,141,73,116,123,77,84,38,66,56,29,52,58,37,86,27,59,82,190,40,61,32,47,45,122,185,106,65,189,95,46,58,39,49,88,73,74,22,56,116,40,49,36,94,37,109,46,13,55,17,97,26,36,69,123,38,41,52,42,27,52,60,29,32,66,34,28,75,19,68,28,17,18,72,34,131,60,49,28,49,27,12,36,12,63,39,26,41,35,62,201,18,37,24,27,22,95,15,25,53,57,30,72,25,90,69,19,29,70,78,100,59,26,38,21,29,178,38,15,49,58,50,74,60,71,23,20,35,36,32,17,9,109,11,41,15,17,27,22,45,37,35,58,222,17,31,122,94,42,38,22,11,97,45,121,21,63,55,42,39,115,25,35,77,11,32,33,15,55,22,66,11,14,59,27,84,82,16,32,34,38,19,46,172,12,41,20,89,24,38,90,18,34,67,58,95,66,21,15,18,66,41,57,26,37,195,46,26,33,10,28,54,6,87,20,40,43,10,13,20,27,37,51,48,96,7,13,24,21,22,123,121,54,12,5,43,24,87,19,21,18,33,7,9,27,58,17,44,70,7,15,26,24,25,49,32,47,17,37,40,12,46,15,67,48,23,144,11,141,53,37,50,79,44,37,36,23,59,92,28,24,38,53,51,61,69,37,14,33,20,27,11,38,145,40,42,12,23,128,88,53,49,125,17,30,24,69,36,35,105,34,92,57,46,19,69,114,56,29,134,42,31,28,72,20,92,58,49,66,25,21,52,13,21,64,13,9,41,87,40,17,54,21,25,66,70,12,39,65,49,76,74,96,30,38,26,74,31,19,64,15,43,42,39,35,26,53,53,49,34,83,37,39,32,56,106,68,47,28,28,87,25,73,32,29,52,26,28,69,44,69,36,32,46,71,45,66,51,37,45,28,51,54,29,16,56,96,28,35,37,39,68,39,25,72,57,15,123,42,130,55,53,9,58,39,28,33,14,89,55,47,31,73,116,73,36,71,26,12,72,40,55,52,59,19,51,29,18,25,40,19,15,36,102,8,177,22,19,21,14,18,39,12,34,45,42,32,17,43,108,17,40,15,58,26,25,93,56,65,33,96,41,53,38,151,36,47,54,45,46,27,30,37,5,40,59,16,25,43,30,38,22,18,24,17,34,74,45,36,84,22,12,5,58,25,31,48,17,34,31,52,25,15,47,27,30,32,12,45,69,34,57,28,11,19,66,76,14,103,33,10,89,53,94,112,13,13,30,44,41,64,45,33,29,29,128,48,22,15,18,16,13,46,29,28,112,64,22,40,32,44,48,23,49,4,12,34,28,28,18,41,14,43,35,54,7,13,20,31,23,40,32,51,38,60,163,57,39,7,8,20,37,38,45,36,34,15,5,65,33,152,43,22,175,15,29,44,8,28,24,44,15,10,12,74,81,11,12,90,5,52,104,106,65,26,23,36,10,21,63,26,4,14,13,8,33,71,28,15,54,21,10,24,71,22,24,46,37,12,56,112,12,8,15,36,60,16,24,6,16,25,4,135,41,28,11,29,21,61,21,22,80,51,25,17,60,96,26,9,61,7,39,23,11,20,30,11,10,19,45,16,10,17,27,34,8,40,17,20,13,16,24,85,22,12,23,5,45,27,10,54,40,28,35,37,70,32,30,20,24,55,168,33,16,5,8,5,79,22,34,7,45,21,15,31,32,6,34,26,17,39,75,7,5,20,6,70,40,26,36,8,14,18,13,22,8,10,5,23,25,14,122,22,19,61,28,19,28,105,9,14,39,10,20,12,27,24,34,27,57,51,14,39,36,45,11,23,32,6,51,11,20,66,61,8,20,65,11,23,10,57,13,10,25,25,17,33,47,17,16,47,28,5,24,6,8,9,18,39,7,24,21,22,19,20,67,11,16,91,22,5,72,5,26,21,18,14,19,8,16,34,28,8,5,23,60,17,22,6,10,16,6,55,13,24,6,25,11,37,39,22,5,55,39,15,16,52,38,16,10,25,52,30,45,15,8,49,9,43,185,
16.36,92,109,80,101,25499,1186,1730,691,863,302,819,55039,1221,1723,3365,2750,744,1085,376,2157,2865,2996,9121,1498,5884,123,330,239,2683,48295,3732,1201,2197,63309,3571,1879,324,4538,3335,5647,3818,2184,690,1900,3393,2251,5831,108032,11044,42363,5398,1249,2059,921,2816,4396,1983,2173,5014,6173,1400,1868,624,3089,2391,631045,64406,8283,994942,33753,4635,10718,5662,20446,33804,9309,18330,15288,14520,11468,2529,8262,15366,13922,8202,22189,4188,6409,1530,309,1333,1005,1306,182,781,3233,791,353,456,167,87,358,242,118,3089,609,91,274,200,101,184,107,240,340,218,74,162,73,132,86,106,144,65,105,106,101,81,116,129,82,161,118,143,54,74,122,90,97,62,83,108,92,209,99,33,55,38,77,135,120,66,69,94,68,66,99,93,100,139,90,67,101,48,76,47,64,81,151,261,67,94,40,66,48,78,24,53,65,67,75,71,68,27,30,50,58,25,64,57,78,51,63,41,19,34,49,38,46,18,40,23,10,128,23,94,94,35,109,83,106,20,56,31,48,16,42,45,59,21,35,44,59,16,28,23,72,92,33,10,13,29,31,56,115,38,39,12,90,50,48,50,61,7,16,12,41,76,105,20,100,88,56,13,20,39,16,26,11,58,19,13,203,17,34,23,35,93,24,42,9,13,62,16,33,112,50,13,16,28,16,14,17,84,9,28,22,46,44,42,11,5,32,54,49,28,55,18,20,7,6,58,56,124,51,15,15,69,17,4,28,169,49,57,40,43,38,6,22,58,9,8,15,91,29,61,22,6,9,129,15,22,28,110,25,44,16,49,49,12,15,25,39,11,35,7,5,25,7,120,83,19,8,31,18,32,5,77,10,6,28,75,59,29,33,37,21,4,7,9,39,26,12,43,13,45,25,29,14,23,14,7,44,6,16,31,9,33,19,29,33,13,58,24,11,36,31,40,124,16,137,13,8,21,6,29,68,24,12,66,9,4,31,22,47,18,6,5,21,26,25,18,11,20,10,121,9,47,11,5,43,31,61,8,25,22,46,10,16,10,6,69,43,73,27,51,34,26,33,16,17,8,18,29,5,5,37,47,25,52,15,18,14,12,10,6,7,5,10,8,9,7,39,8,12,5,21,79,59,34,30,56,19,7,29,24,6,26,52,50,4,9,24,12,21,13,6,6,77,30,18,131,50,28,28,9,42,34,54,20,16,5,33,14,10,14,71,108,23,75,36,11,61,22,35,49,30,5,43,64,13,13,51,5,89,51,15,16,11,56,30,14,17,47,13,44,38,18,21,29,20,34,8,41,30,107,19,22,34,39,4,56,34,8,35,8,9,100,50,51,37,22,21,45,14,11,42,14,13,94,18,46,51,4,31,31,11,43,7,20,60,67,11,12,54,11,18,14,25,37,68,45,28,67,5,46,75,34,29,27,18,35,34,256,8,15,30,82,23,39,8,23,66,15,33,22,63,37,52,23,49,12,31,11,13,28,4,13,8,25,21,4,9,33,35,33,33,21,20,63,58,18,83,15,7,35,9,54,10,7,37,37,39,28,62,20,11,16,22,21,24,13,7,13,9,13,7,70,27,53,8,41,98,21,31,43,24,67,68,68,29,40,29,32,17,19,42,19,3,8,65,13,32,6,88,8,12,34,16,69,15,57,33,150,7,16,8,17,16,32,36,5,19,23,12,9,42,26,23,13,22,4,21,12,15,5,45,55,21,61,9,47,26,7,18,11,6,6,52,21,19,19,5,7,12,14,7,39,7,4,54,7,9,5,3,7,61,11,28,97,8,10,23,14,13,12,13,7,43,55,5,4,22,16,11,44,5,13,14,133,7,14,78,5,8,8,13,21,121,11,7,32,44,19,61,20,16,8,47,6,4,11,9,18,5,27,72,29,12,21,27,77,5,5,5,15,4,13,12,29,30,39,49,14,6,10,5,11,25,24,93,4,14,4,30,23,9,21,14,70,4,29,10,11,3,21,59,35,197,49,6,32,10,20,16,38,68,15,40,33,14,16,15,7,21,5,3,18,19,3,36,4,9,64,69,21,36,22,4,114,17,12,11,22,25,12,101,17,56,22,3,51,20,14,31,49,40,11,16,44,11,37,11,4,11,3,17,9,36,4,4,18,10,40,58,5,19,22,47,39,18,59,4,6,26,5,27,16,8,3,27,36,15,13,7,15,53,15,13,10,24,12,13,19,8,31,27,4,7,4,15,6,169,9,10,4,64,5,6,4,18,14,6,31,38,9,21,72,22,26,37,32,16,41,33,24,16,5,41,23,21,132,33,9,20,21,90,17,4,31,4,7,8,20,5,8,27,69,3,23,15,9,56,26,31,27,21,20,11,5,17,9,5,41,3,50,52,6,36,82,19,38,17,10,4,13,54,20,6,3,6,21,158,9,4,14,6,31,68,5,4,6,8,17,2,10,10,36,8,23,12,52,20,7,16,25,24,5,5,14,
16.18,91,86,596,445,21682,1615,2176,979,921,493,474,75107,2608,1854,2260,2788,1063,1764,819,1932,3184,3541,32361,1681,3616,367,801,256,3580,71127,5461,2927,4739,28112,3766,1712,480,5117,3696,12108,7953,3527,953,2204,3365,3543,6890,171598,26116,97300,8904,1532,2784,2528,3167,5626,2109,2687,10967,5855,4445,2051,3712,14355,2296,1121034,110589,16442,1278411,17485,4326,9619,32560,21846,23880,21646,43950,18688,27560,5045,3132,11165,6606,7555,1776,6390,1904,3640,850,372,1217,411,880,516,367,1613,516,311,581,245,126,221,145,296,2497,294,350,146,98,270,250,126,153,3940,3048,225,139,109,153,87,156,165,99,272,183,151,120,85,124,99,193,377,95,108,68,265,77,112,98,113,135,81,215,90,121,87,60,83,131,102,141,101,146,73,316,72,87,131,92,137,70,76,147,70,84,112,82,79,86,79,74,77,76,76,99,82,116,81,91,84,110,126,51,103,91,110,54,91,60,84,85,90,68,147,114,69,151,45,52,138,41,73,115,131,105,116,74,55,44,100,309,33,41,142,78,17,16,48,86,58,42,106,45,34,41,160,18,65,123,169,46,153,29,46,57,84,32,39,43,68,91,21,142,37,32,51,57,28,100,69,80,109,85,25,31,73,62,50,27,58,83,29,35,114,42,81,31,32,37,51,60,85,74,14,168,58,37,18,57,25,55,299,7,47,19,104,125,21,69,33,48,17,124,75,40,44,133,31,52,28,105,31,62,110,32,31,18,49,64,50,92,59,49,6,37,102,15,38,18,48,18,49,140,110,73,35,24,69,17,30,130,27,53,135,18,31,78,58,56,127,35,10,41,13,15,58,89,70,209,28,34,29,42,36,67,40,77,104,33,23,14,23,109,28,30,29,12,44,29,38,23,29,44,57,45,124,287,52,14,24,17,61,9,17,15,61,8,28,51,36,66,86,39,25,67,36,14,18,90,67,154,111,14,6,18,14,41,18,39,14,28,207,27,118,21,116,66,52,17,129,52,36,53,47,15,11,16,65,85,27,125,33,14,42,37,16,17,38,44,12,61,185,9,20,117,33,12,114,23,37,96,29,44,61,57,36,26,26,25,100,33,19,31,13,49,11,13,13,41,46,40,38,104,23,25,53,12,22,21,33,23,30,64,113,7,21,57,16,29,41,68,28,34,19,58,14,53,14,23,8,40,24,39,126,45,23,29,64,44,83,27,34,38,65,21,48,64,74,57,101,66,25,24,31,47,18,20,38,33,70,57,14,29,44,53,47,25,75,232,30,52,21,20,78,22,57,84,22,62,75,14,25,34,64,44,232,39,62,53,95,26,43,70,57,9,37,61,16,59,80,91,55,5,81,48,53,115,42,53,56,149,26,62,31,41,165,36,17,30,87,98,48,81,35,93,30,53,16,39,23,26,80,31,17,9,44,52,24,32,21,35,57,28,17,66,20,32,51,76,94,46,19,27,17,22,61,41,33,25,104,33,45,33,128,34,81,20,28,30,16,66,51,63,12,15,11,28,105,13,96,46,36,34,75,31,28,12,46,32,43,44,63,22,37,192,24,25,216,24,61,56,12,26,178,61,51,116,51,83,34,23,34,39,32,33,24,13,115,60,25,67,54,63,25,33,33,18,33,24,32,40,32,25,13,8,50,10,43,37,47,72,13,48,30,61,15,22,93,43,85,37,47,110,108,21,75,34,22,21,30,16,15,7,76,78,45,54,19,19,55,33,33,19,126,78,19,44,144,28,13,33,6,9,24,51,37,14,139,24,17,53,19,69,56,21,7,5,13,44,42,11,4,25,112,79,23,62,15,32,46,29,102,58,11,57,88,25,20,21,14,26,82,24,65,18,62,12,22,49,91,60,66,73,44,65,6,78,72,58,37,40,47,52,75,67,7,32,258,27,46,31,19,69,17,36,57,44,40,209,46,49,48,25,16,22,20,17,10,8,28,78,39,23,16,181,28,28,160,85,182,17,16,16,23,95,22,18,24,22,23,102,6,7,5,31,15,34,178,12,11,35,15,17,5,16,15,53,223,19,14,20,116,40,16,27,113,40,18,11,75,82,82,117,15,14,39,47,71,23,16,25,9,7,16,64,75,44,7,21,23,28,38,54,16,14,29,12,14,12,20,10,60,11,17,62,50,85,31,36,15,14,19,7,35,9,38,14,17,36,68,63,19,34,29,10,24,30,39,86,12,26,32,11,11,30,51,52,12,14,34,43,18,27,16,75,14,58,18,15,11,12,37,15,31,17,21,6,9,17,34,32,39,18,73,108,20,37,150,18,25,5,95,37,66,35,109,34,17,23,34,9,43,28,33,56,11,18,2,50,32,13,31,33,25,8,16,7,38,34,28,40,45,92,4,7,64,44,219,12,68,14,23,178,17,10,23,26,20,9,8,30,14,24,81,40,6,45,9,22,48,22,64,60,10,53,6,116,13,20,8,9,30,13,80,37,20,65,9,27,
16.01,90,15,490,231,1991,879,2651,710,1793,348,219,109227,2627,4825,1149,1910,372,644,483,2274,3832,5585,16976,1372,8599,295,656,409,4042,102750,9084,2081,4631,5377,1487,1650,808,4883,3929,10518,3534,2280,686,1604,2543,957,5975,250908,23693,36919,2947,775,933,4092,4887,3070,1460,3390,4081,10783,9507,1600,5376,46498,5498,2879232,274715,14431,180348,3624,3185,2873,60160,24530,18261,19837,32448,12720,20080,2413,1168,16942,2648,1174,970,1454,1360,808,379,172,369,431,495,219,328,252,92,177,175,86,64,157,110,244,2308,200,241,79,100,48,48,96,270,3300,4002,115,65,160,78,93,245,83,114,146,91,58,63,90,71,70,53,123,128,84,87,62,180,87,33,59,106,82,117,106,148,43,43,167,62,59,106,32,64,40,78,67,131,62,141,50,27,142,33,138,74,53,56,55,34,52,74,96,34,25,47,23,47,47,60,56,36,24,17,67,85,68,32,62,16,18,28,73,43,56,80,36,58,94,36,153,126,38,71,49,20,35,20,49,83,51,39,67,87,54,43,184,160,16,79,46,30,47,43,65,45,13,55,27,11,31,67,43,17,34,25,14,8,27,4,13,76,90,56,45,17,17,7,8,30,32,22,167,46,4,12,26,7,5,19,42,67,98,14,94,11,8,6,14,8,260,49,80,47,13,34,81,13,33,7,17,13,33,47,61,131,17,29,21,20,40,12,20,36,19,11,26,14,30,36,18,28,33,4,10,20,11,20,21,105,35,193,33,24,12,15,23,6,22,95,42,23,6,72,26,10,14,28,17,119,74,12,10,8,66,6,10,66,6,41,40,48,24,92,17,55,17,65,16,50,84,85,4,13,25,36,13,16,9,38,8,9,10,7,8,42,31,10,36,66,8,55,15,9,62,21,19,66,5,30,23,4,34,61,20,9,37,9,20,12,55,50,5,13,34,11,36,60,24,16,31,30,32,15,6,14,17,61,4,17,110,11,9,32,74,30,34,11,22,59,88,11,9,170,34,12,28,43,12,52,59,32,21,80,21,22,46,50,11,14,36,50,12,19,117,18,37,10,12,24,10,11,30,25,33,33,22,40,83,16,8,37,13,6,11,30,15,22,15,28,17,20,20,19,9,76,18,9,17,10,69,25,12,92,74,12,8,5,10,22,26,196,47,13,9,36,8,26,65,6,8,16,20,4,28,21,57,31,13,22,8,14,42,14,22,29,11,37,28,6,53,14,88,98,14,12,6,7,16,70,7,13,9,10,9,43,25,11,97,56,9,3,36,47,25,27,25,104,46,29,104,52,127,22,42,76,11,40,58,35,6,46,33,28,22,48,57,61,25,14,24,24,6,64,81,27,5,62,28,30,11,26,40,20,4,41,52,29,15,45,72,141,5,91,40,36,45,5,13,50,101,62,25,205,73,9,58,25,50,10,74,77,20,27,9,84,49,96,59,64,27,13,21,40,26,39,69,26,4,83,13,66,21,19,19,5,25,15,14,100,12,78,43,8,14,114,13,13,5,74,51,81,23,54,27,22,21,8,23,17,48,23,40,6,6,135,14,17,20,7,24,24,24,15,65,19,36,20,16,13,26,5,13,33,53,21,20,62,75,38,15,7,25,90,51,217,14,22,41,23,15,27,29,11,6,14,9,49,6,15,5,18,7,35,4,3,54,9,4,6,31,12,58,8,15,14,8,44,10,12,19,12,11,7,12,20,11,10,6,10,12,55,55,29,7,13,18,12,7,7,8,25,39,37,29,15,9,27,11,10,40,3,9,12,7,15,50,9,94,20,3,93,14,91,33,8,15,25,6,4,7,43,10,18,10,14,5,14,21,45,72,12,26,7,16,12,35,34,122,18,13,51,77,72,4,10,19,84,32,33,19,26,43,18,67,6,9,61,29,8,19,18,5,40,6,26,101,32,52,46,14,181,10,38,9,17,21,27,87,16,14,10,54,14,9,15,12,29,69,16,14,19,49,27,59,51,33,10,3,4,10,15,6,14,14,6,36,4,17,23,34,10,111,12,15,36,8,26,57,43,45,8,13,30,18,44,6,15,15,50,19,25,47,50,5,39,6,4,4,4,7,62,3,26,16,20,5,61,28,15,8,54,9,7,4,80,34,8,9,19,112,9,140,15,9,24,62,10,34,58,36,5,6,18,36,4,5,16,147,14,21,16,22,4,4,57,79,4,8,7,39,11,4,14,14,3,22,16,20,28,18,7,4,26,26,48,16,4,8,93,16,25,8,29,28,22,14,9,7,13,41,30,32,109,24,4,4,184,30,24,32,23,15,9,23,114,54,4,59,8,15,52,18,3,17,14,27,6,9,5,4,20,36,103,48,43,14,25,4,14,35,64,11,12,14,15,213,19,39,9,7,40,24,7,5,28,17,15,7,4,242,23,37,20,4,8,24,15,12,12,4,4,12,11,8,55,36,31,7,23,7,23,31,18,7,5,17,34,53,6,
15.83,89,280,201,667,2779,799,9480,1155,1992,719,343,734753,3314,5164,1337,1123,525,1087,440,3237,3747,6251,5568,1661,22071,2124,750,871,4365,875320,59645,1914,2357,26547,1929,1829,11046,7371,4653,6759,2280,3637,799,2291,3659,1096,5722,2115579,158414,4925,1252,952,3044,2015,9149,4823,2691,6945,4507,85701,17997,4134,6593,116675,12196,17168537,1706795,27796,25384,4655,9528,3990,48926,25830,13793,9097,15211,8540,9563,1399,676,13270,1969,621,570,10702,5726,601,283,287,193,390,327,298,383,110,298,110,487,216,106,241,118,191,857,246,128,191,131,145,95,153,178,1641,1872,140,114,107,162,102,241,50,240,158,121,165,137,171,70,148,113,144,272,117,404,151,97,67,65,199,116,55,200,161,60,142,147,128,194,158,138,115,73,111,75,98,71,149,120,191,92,45,58,64,62,220,85,66,208,92,107,104,85,90,117,132,151,170,71,123,94,87,79,183,274,169,93,63,42,119,52,139,71,90,178,202,75,35,114,348,66,63,43,85,93,85,314,55,84,153,26,91,106,64,142,43,157,393,161,177,180,167,87,137,199,107,207,138,40,18,131,41,75,77,66,45,63,86,36,50,198,199,64,30,114,90,240,39,81,95,140,43,137,39,48,97,48,72,86,62,97,56,54,38,49,20,93,155,83,108,141,85,154,53,31,111,12,35,299,60,48,34,461,135,35,66,90,71,152,68,68,112,39,73,37,40,97,117,33,128,26,130,59,66,60,35,22,32,84,139,97,146,64,77,32,114,101,30,32,28,126,14,110,26,50,31,30,21,39,206,9,27,103,61,20,108,171,92,22,48,65,85,37,41,73,45,49,99,66,55,22,62,78,72,20,59,28,59,19,12,37,17,60,90,37,33,22,61,28,20,25,80,20,43,45,54,61,60,282,74,157,122,56,37,79,32,29,145,82,56,141,122,32,89,52,95,42,17,164,153,11,25,57,15,23,25,15,60,127,19,54,62,159,24,216,89,33,177,166,111,48,105,30,189,86,141,194,64,18,46,38,95,34,23,22,60,217,163,89,23,36,29,49,26,22,20,33,31,28,28,33,29,6,94,31,23,87,94,57,21,26,105,76,95,79,33,31,129,48,17,53,36,123,373,41,66,79,63,27,22,26,22,56,43,116,24,43,124,130,69,91,185,25,45,18,41,62,22,85,43,50,57,105,77,143,100,84,16,36,74,62,33,25,80,26,37,98,114,16,19,82,122,72,59,32,208,55,36,31,183,19,41,42,122,107,43,6,79,78,111,24,33,150,47,58,160,80,35,90,87,41,96,59,100,18,28,108,167,25,107,27,57,31,45,16,50,130,35,210,65,100,61,52,148,39,85,50,121,231,52,72,39,114,60,45,35,45,34,86,73,61,27,27,91,52,68,79,36,49,122,120,65,38,34,106,152,34,45,135,105,144,101,46,14,35,61,26,54,32,244,53,38,32,95,28,135,27,40,63,17,64,118,122,72,64,53,43,94,154,67,51,51,17,47,66,30,35,110,97,27,26,19,48,67,23,126,47,50,51,56,46,26,52,46,104,26,119,36,101,71,51,54,66,39,11,57,37,153,72,86,22,51,27,11,103,79,169,266,21,76,57,218,51,50,95,163,29,147,14,47,12,6,28,46,36,358,30,150,105,122,55,54,32,77,19,35,164,97,47,25,17,20,304,22,121,14,26,211,207,8,86,50,99,122,6,82,21,32,5,90,20,87,102,92,53,19,23,29,115,75,82,202,15,92,27,18,17,77,60,108,86,75,22,65,73,62,28,44,20,6,28,21,53,47,268,121,50,150,23,30,23,22,121,71,40,26,185,107,8,125,6,79,54,67,130,58,35,19,6,9,240,77,108,38,38,65,40,26,61,53,57,28,34,31,51,153,35,70,30,65,63,28,16,147,75,29,16,24,50,35,22,49,40,116,28,22,48,49,51,127,26,155,13,17,19,20,44,15,12,18,28,40,28,185,23,17,69,94,163,12,27,73,31,33,150,117,24,38,22,20,11,22,39,127,29,60,71,37,72,48,31,20,17,19,58,15,8,292,34,22,87,72,95,109,189,39,87,67,27,13,8,176,90,112,183,35,23,135,15,58,23,82,70,24,70,206,106,107,34,30,123,127,11,15,8,7,72,10,66,120,20,28,85,22,40,50,246,122,43,52,33,99,33,90,26,44,57,151,45,47,120,35,46,30,33,59,73,87,54,21,88,110,40,8,33,44,35,28,47,81,47,28,60,48,25,106,61,32,53,53,19,9,120,21,32,133,52,46,215,47,54,72,11,28,33,21,10,45,27,16,10,86,101,93,37,33,9,81,16,14,70,75,94,129,32,32,38,85,99,11,16,45,33,141,23,12,29,22,84,39,164,34,14,21,14,77,21,18,20,19,141,29,28,155,32,27,33,30,17,31,36,31,14,36,94,131,125,12,19,47,19,55,11,49,16,57,8,6,183,
15.65,88,200,218,573,2481,1941,13972,528,339,1157,275,1658951,2267,1637,2623,1919,524,530,423,4769,4688,3651,1393,3869,18358,800,561,368,4585,1613496,104186,1304,2280,26573,1921,606,13047,6548,4013,2797,4856,2110,525,3119,1723,1176,4094,3566100,263663,1954,1300,563,2876,4658,12616,3636,2319,27362,8403,118500,9314,4839,1303,83842,22246,21310753,2149023,18603,20957,5716,11601,4089,7691,13134,11551,1391,3539,2102,1235,624,359,699,295,325,433,20614,8179,564,291,86,276,181,180,147,188,220,90,180,287,275,104,167,108,199,127,125,177,109,55,77,51,127,90,201,302,94,82,91,142,137,93,111,101,102,59,116,156,190,66,42,116,113,60,65,173,96,186,49,94,90,94,37,77,79,104,155,55,51,59,77,81,98,56,21,144,69,74,117,144,174,89,68,51,83,127,42,92,236,110,88,62,58,44,72,83,35,53,58,42,166,55,60,88,42,463,65,32,76,161,34,43,88,58,145,150,40,63,99,110,131,40,114,185,126,207,83,57,256,156,97,252,112,73,89,74,170,221,37,174,92,136,59,71,32,57,76,176,105,48,189,263,27,78,268,251,93,275,41,95,24,7,6,21,98,133,46,7,18,137,109,75,75,29,95,106,52,9,95,53,100,75,37,74,76,183,26,36,51,37,12,54,25,16,68,85,50,109,52,95,21,55,112,22,68,28,117,36,206,20,57,29,32,51,73,136,113,61,135,50,60,154,180,33,58,75,7,71,17,45,87,113,58,110,14,8,10,11,238,33,95,26,76,261,114,161,76,38,26,40,12,106,17,13,156,162,14,66,33,185,15,198,32,189,150,70,50,36,148,15,77,32,137,173,57,88,22,23,25,194,7,100,77,10,61,102,80,213,28,94,78,71,180,75,17,28,66,25,51,138,18,8,37,51,133,92,50,27,45,18,107,50,27,99,36,147,38,26,31,85,55,22,55,87,18,96,13,61,96,47,53,57,137,17,228,7,83,89,192,9,149,222,255,101,39,41,59,183,100,118,23,15,89,18,40,14,50,45,20,19,29,126,163,129,76,229,62,24,60,33,30,126,16,19,25,26,142,51,44,115,40,121,52,21,25,16,13,39,16,59,177,148,36,107,142,26,88,214,54,255,130,64,21,9,14,41,10,29,6,60,9,18,67,43,19,53,13,39,133,37,39,159,20,73,149,35,53,51,266,48,18,303,255,150,16,21,151,64,72,14,62,64,121,39,32,38,191,229,41,78,55,22,85,162,53,100,64,10,60,29,98,59,72,36,81,148,107,20,108,158,63,134,64,271,26,200,23,48,185,38,16,144,179,103,16,43,31,60,165,236,165,28,21,45,11,98,43,101,37,13,71,8,101,48,78,124,81,74,23,111,38,31,86,31,59,27,18,47,162,83,17,44,5,41,89,45,10,31,30,18,38,185,117,67,69,94,179,47,36,59,130,19,236,36,12,145,171,124,40,31,26,32,112,48,52,12,24,14,17,6,32,74,23,23,80,23,63,76,187,34,55,38,62,109,140,63,22,20,56,33,241,40,10,77,52,80,129,14,14,125,17,41,71,93,16,25,44,46,110,157,20,108,7,30,149,38,21,22,12,225,163,29,97,45,100,73,56,18,6,14,177,43,9,52,26,26,245,38,51,53,16,21,42,36,13,32,36,152,106,23,9,58,84,9,14,43,48,223,120,24,21,76,82,23,21,121,18,13,26,27,81,177,72,107,10,35,41,6,33,10,30,15,35,108,98,22,22,32,195,96,20,12,11,26,19,21,21,34,43,18,59,28,4,14,11,25,7,139,12,67,23,20,25,28,112,62,139,8,9,28,46,55,28,21,41,60,27,37,124,130,81,130,7,83,12,14,9,131,40,276,96,52,124,32,4,173,130,11,99,32,26,21,21,4,14,48,85,131,31,119,15,98,43,5,73,121,8,27,117,24,24,6,51,204,231,17,7,80,25,15,94,4,106,52,87,60,45,20,64,7,5,19,82,116,44,76,96,15,25,16,49,145,55,18,143,87,20,208,15,16,7,28,44,88,27,30,119,25,45,28,4,84,10,55,72,24,75,58,26,205,58,17,9,20,24,18,138,25,22,5,105,39,37,6,4,104,21,147,27,13,32,31,68,36,28,117,26,61,17,9,125,19,61,24,43,129,11,216,17,18,142,17,12,21,9,55,104,35,136,178,85,46,58,9,88,101,23,5,18,18,35,25,34,166,4,23,8,64,353,52,17,72,77,4,5,18,47,28,11,13,44,10,3,13,12,15,8,51,29,79,242,9,70,27,12,16,6,47,11,112,16,60,92,10,30,59,21,4,138,216,17,16,40,5,119,47,12,136,12,33,4,30,5,4,7,69,184,84,46,33,41,43,13,7,24,4,18,94,14,225,15,111,4,169,13,3,84,41,21,11,116,173,55,224,8,81,13,5,26,9,18,11,58,16,12,23,69,20,13,18,
15.47,87,249,584,749,1786,1844,14687,777,274,2341,372,2046071,3071,1443,6780,3697,801,3597,703,4204,4334,3360,2068,2848,26060,1854,1409,1555,5743,1741085,113361,2551,2150,13788,1336,1658,11120,7346,2341,5098,6090,4219,425,3423,3064,1182,6083,3630296,251397,2231,2021,1606,10838,82154,114080,11475,6218,72901,66307,87035,3041,3408,24182,34590,21102,17610315,1637099,13049,28739,6753,8309,3227,5432,3675,6762,938,6014,1376,367,529,157,535,256,419,197,21873,10801,873,204,191,126,233,165,191,107,166,176,178,276,208,263,198,258,101,168,124,119,210,265,152,197,104,169,251,349,100,167,97,99,143,164,135,129,114,133,191,98,182,86,163,70,74,194,216,139,161,185,136,70,340,54,117,95,94,127,80,144,159,207,94,103,151,86,61,135,53,77,235,98,106,93,124,83,104,175,83,180,134,194,180,149,61,161,103,81,36,105,58,285,88,56,59,211,277,80,41,289,99,96,269,80,104,157,54,389,90,69,106,81,110,125,180,100,106,130,109,62,41,270,249,180,139,172,130,67,135,125,119,85,106,98,156,69,215,143,136,161,41,150,29,133,91,194,149,127,41,82,142,79,165,41,127,43,156,82,63,54,103,134,34,75,171,177,240,118,249,85,194,32,29,134,120,71,58,230,122,23,232,220,97,57,183,14,40,51,20,291,51,38,161,82,193,129,119,76,28,16,76,162,30,78,34,87,12,220,43,50,141,31,178,131,83,252,84,99,33,296,24,35,84,32,241,65,59,201,24,32,16,143,48,91,223,87,125,85,128,91,186,364,25,126,36,45,36,131,162,99,99,139,83,136,19,36,35,51,140,49,117,15,84,29,125,89,34,23,62,81,28,128,202,48,77,220,178,56,113,166,41,392,29,113,107,176,148,82,134,109,38,110,160,172,143,44,94,79,45,78,42,60,30,120,342,255,110,91,96,111,104,170,178,74,140,153,96,62,43,97,59,130,23,45,123,5,160,119,134,86,30,289,41,192,159,22,47,45,99,18,172,33,29,108,150,58,35,34,99,61,38,402,17,59,34,80,180,56,137,174,52,112,164,176,142,19,87,75,75,209,70,100,104,58,48,111,129,75,125,100,45,133,106,143,65,98,169,109,108,47,37,158,266,87,187,38,104,200,22,87,61,150,161,112,115,200,98,72,183,114,74,144,69,49,101,76,119,36,31,157,18,58,94,254,100,110,136,65,34,57,164,163,65,202,138,172,120,64,84,61,35,117,118,68,132,114,59,42,19,22,105,56,37,92,165,53,45,76,42,122,214,56,23,93,64,78,147,68,254,95,222,117,138,130,72,83,51,38,78,54,39,10,50,125,80,39,121,51,60,77,20,82,154,52,57,49,137,46,70,44,99,240,89,62,5,83,88,101,26,93,40,86,193,132,121,94,25,17,127,86,17,137,256,119,93,69,79,159,90,233,33,237,99,194,150,181,22,188,102,69,28,97,45,97,266,93,102,79,46,37,18,199,21,118,49,51,41,157,76,296,82,272,211,31,66,141,62,40,37,44,38,122,46,243,50,112,89,85,18,320,27,19,133,10,88,86,92,157,88,115,84,70,138,15,281,84,31,47,32,22,109,113,20,192,20,55,29,55,29,35,116,66,108,263,79,22,71,45,193,34,162,127,96,80,66,52,45,37,110,273,193,32,46,58,71,33,50,23,13,90,179,14,277,81,91,32,184,208,52,146,54,53,65,45,34,185,55,115,56,37,24,104,216,31,83,15,9,75,56,46,90,53,140,140,126,47,46,159,54,54,128,27,77,34,112,98,56,42,62,138,135,77,107,154,82,35,92,113,75,144,64,175,68,82,120,126,39,117,53,21,263,31,68,27,45,129,82,194,86,13,297,193,168,46,149,108,53,33,176,38,70,121,155,97,78,43,68,15,217,13,15,38,29,61,106,192,73,12,72,30,27,16,178,231,29,140,48,63,33,220,218,87,15,43,97,36,144,18,121,13,73,58,193,216,37,117,52,104,40,39,28,17,72,9,46,109,62,75,24,98,87,21,44,22,187,99,209,113,85,13,12,341,68,42,37,378,64,23,34,16,72,139,182,8,11,159,28,253,144,81,107,24,34,183,13,69,85,67,42,124,75,9,25,69,129,96,119,73,83,30,95,29,16,236,32,14,15,11,84,16,55,16,76,34,130,7,132,57,145,68,49,196,13,12,88,106,30,34,32,53,26,38,24,39,38,195,49,58,225,222,21,191,268,63,63,75,163,201,125,15,40,19,44,83,27,26,40,31,6,103,63,27,88,99,23,24,51,108,63,64,55,25,70,89,52,78,104,38,29,22,36,60,76,66,81,13,24,202,80,194,18,26,44,223,18,6,168,35,248,47,88,10,126,19,13,136,125,54,22,204,88,81,25,155,88,144,136,15,256,53,12,247,16,51,229,24,116,96,28,137,46,103,65,206,140,206,66,68,120,24,166,60,
15.3,86,37,176,836,2447,654,4866,853,364,565,187,685910,2328,1128,6394,7451,1276,8204,1155,3733,2679,2910,1305,1839,89863,6049,10123,4668,6655,473920,31687,2299,2558,6584,1234,1098,863,5618,3748,4032,2320,1384,503,8906,4967,2370,5151,913451,65736,1010,5324,5198,15754,180184,366665,30420,8707,55036,358510,36681,2105,1532,57942,35641,12226,3245997,279854,1823,16622,7910,2956,1189,3854,1351,7736,781,2433,464,187,101,92,216,160,314,181,1092,5597,918,279,191,160,70,57,140,183,78,92,89,264,78,91,66,99,68,43,72,89,92,91,112,114,86,147,75,189,131,71,105,84,138,77,110,83,93,123,61,55,58,70,135,40,74,140,104,91,96,102,137,50,82,75,77,81,125,57,40,82,90,117,55,50,61,53,28,63,82,64,55,73,42,78,65,97,56,94,119,52,142,117,98,40,47,70,56,50,44,20,33,140,27,82,82,61,34,91,146,40,39,16,50,122,49,79,69,173,45,34,61,106,148,62,27,57,246,90,33,18,15,29,22,98,21,45,25,35,45,73,24,29,17,25,46,22,24,84,186,47,40,23,61,123,83,12,140,135,205,24,35,70,25,22,7,26,86,31,84,10,66,16,24,24,19,122,44,90,38,20,70,24,25,39,21,50,7,38,16,17,11,18,7,7,78,146,20,9,20,15,7,11,39,81,20,9,17,18,46,56,31,30,5,33,18,22,30,12,15,12,28,65,10,6,14,11,53,130,15,30,71,94,11,139,42,35,12,4,16,76,51,46,70,22,18,136,107,7,17,9,36,12,15,120,15,31,23,29,13,20,23,23,44,75,21,195,12,16,48,114,31,44,72,7,49,5,4,61,6,25,31,37,7,43,42,51,35,7,83,19,15,7,19,68,95,43,24,10,12,27,71,8,6,39,35,18,88,18,6,20,54,11,38,34,20,15,17,132,31,27,22,22,8,42,19,132,32,27,4,25,18,21,12,112,4,6,16,9,20,51,27,53,12,10,27,35,24,12,133,14,7,60,28,22,5,7,128,14,13,92,62,7,36,54,168,11,19,7,26,11,15,28,35,27,44,11,96,250,40,50,68,4,5,22,23,36,212,35,37,7,185,15,12,30,141,5,29,9,29,57,13,47,28,148,10,42,186,12,16,53,43,24,40,54,59,81,84,16,40,8,33,55,35,44,14,24,36,72,11,44,38,48,47,66,50,258,116,19,40,37,38,19,18,73,57,69,45,75,28,13,6,18,48,50,49,13,95,11,10,72,29,127,84,79,67,16,64,54,37,217,21,78,84,30,48,159,23,82,16,37,25,43,195,14,111,16,30,74,109,109,23,28,4,33,36,58,33,34,111,17,38,12,14,4,58,69,259,53,4,60,17,89,40,136,27,6,53,24,56,20,13,23,27,15,23,34,54,25,41,45,13,101,10,38,14,54,23,35,28,57,26,20,13,51,42,16,10,6,30,153,18,45,12,47,24,31,65,41,25,42,82,142,7,49,34,53,51,25,35,34,84,13,15,18,19,21,23,24,21,70,14,11,35,35,20,5,9,18,8,32,21,9,43,9,4,16,35,3,12,30,28,10,17,51,89,39,57,22,39,46,42,32,6,15,15,18,5,5,45,36,15,92,6,27,19,18,40,89,49,12,5,33,26,7,73,11,22,5,91,9,14,4,27,24,29,14,22,10,41,10,15,10,70,40,135,27,25,30,82,28,8,23,4,12,7,79,58,87,49,18,35,13,69,14,3,24,47,4,31,161,20,11,159,17,17,7,11,11,36,13,10,8,4,11,42,26,5,42,13,8,17,18,18,78,5,24,29,11,24,121,37,41,12,97,13,31,8,10,43,19,80,5,22,19,75,21,10,7,4,23,18,34,61,6,12,41,15,85,45,17,263,5,52,5,25,104,14,16,33,60,13,16,6,7,148,29,18,23,10,22,29,8,40,31,4,5,6,7,6,14,85,30,21,4,10,13,8,9,15,56,96,4,6,29,21,88,256,4,4,5,12,20,16,29,9,142,14,7,27,9,8,98,26,9,12,12,127,73,65,43,25,18,31,4,52,5,7,12,12,84,16,51,58,16,45,11,18,52,46,15,4,5,12,6,38,40,5,16,16,54,4,5,20,4,7,15,35,72,3,22,28,16,8,79,25,55,127,29,4,39,50,12,13,44,14,133,4,50,25,47,21,81,3,22,16,9,200,55,12,7,34,35,5,7,30,61,38,59,13,22,23,20,21,7,85,207,21,20,4,29,23,5,84,21,4,12,5,31,9,5,104,31,11,6,38,26,31,23,45,61,7,33,48,32,13,8,20,7,7,4,12,5,22,19,4,12,4,8,7,20,4,11,8,31,66,12,16,17,76,28,13,47,13,12,7,11,44,14,11,12,15,28,20,22,27,9,18,23,15,7,6,13,11,3,7,3,3,8,32,13,41,3,24,26,162,81,25,34,39,30,17,36,
15.12,85,59,454,541,2350,1260,32928,1843,728,1040,218,226511,4995,1370,4559,18754,2300,7749,865,4489,7049,7879,1567,1493,622401,35640,42852,27672,10106,153161,12344,8891,2797,35786,1249,2127,578,6685,5909,4674,9087,1946,502,36138,9584,5981,7307,279086,24009,2851,99663,7541,19524,228083,1077289,75894,12880,61108,1519466,141678,2450,6747,56926,26983,8901,860338,77483,3211,6179,3962,1231,508,1220,1955,20207,2695,571,5548,252,179,155,276,126,120,193,131,1403,261,386,91,195,171,211,98,191,132,137,230,362,169,122,78,105,184,106,172,159,141,69,109,148,109,113,111,258,103,173,70,149,104,85,128,93,98,110,119,182,74,84,86,75,180,98,128,65,114,100,121,132,89,92,97,118,320,68,68,61,127,93,77,159,96,82,109,93,111,110,57,77,79,58,56,64,80,137,99,102,62,127,87,186,106,73,100,113,102,45,164,85,122,26,100,105,90,62,149,128,30,113,37,187,69,94,30,112,27,33,74,87,115,40,77,51,59,235,56,27,34,147,68,29,79,52,34,80,51,74,43,206,94,76,83,31,148,32,158,38,15,134,36,54,54,24,94,158,54,27,31,237,60,59,33,46,72,53,20,52,56,16,137,31,24,102,29,21,28,46,44,72,104,61,164,16,75,16,30,54,195,65,26,73,69,70,28,26,8,95,35,15,15,29,31,26,177,59,59,168,21,57,264,44,27,87,163,33,53,26,36,62,126,14,42,80,19,55,126,156,22,125,242,65,41,232,15,42,288,43,63,38,10,17,32,63,54,41,38,18,22,30,125,115,85,45,99,29,18,87,60,27,198,25,40,20,51,238,69,19,9,99,22,104,21,36,10,20,61,27,20,13,107,43,37,38,16,30,240,18,105,147,55,36,71,21,24,43,121,16,59,43,33,27,30,48,16,16,193,35,152,36,41,24,21,60,61,68,73,20,119,21,46,28,37,57,69,67,41,37,42,6,74,31,41,24,102,205,19,55,158,17,56,26,22,35,20,108,67,58,67,12,41,21,17,26,21,42,22,60,90,99,35,19,285,179,130,19,38,62,162,159,18,46,76,71,56,23,20,138,51,23,300,43,92,75,101,24,34,41,24,22,31,41,99,18,24,72,9,33,65,138,44,50,50,93,24,133,33,132,101,134,23,80,31,45,183,85,39,65,45,155,27,75,56,40,45,116,27,82,60,24,114,38,61,47,74,36,60,40,44,44,32,89,59,45,62,74,42,204,143,31,78,113,96,122,127,95,32,50,49,66,21,163,50,164,62,90,66,134,53,26,69,36,94,48,44,38,41,43,61,75,60,93,64,46,23,65,105,38,111,114,119,76,24,36,68,90,97,34,54,76,61,143,53,101,29,97,72,135,56,51,45,31,249,40,36,108,24,39,63,37,78,102,63,94,19,48,45,130,83,29,105,32,70,101,16,131,112,197,33,85,30,21,82,42,5,147,104,121,48,52,88,86,19,43,15,12,77,106,197,106,40,37,42,24,34,139,123,41,43,23,65,54,115,10,32,9,17,106,23,65,105,21,74,15,63,144,13,23,9,24,20,11,75,35,11,67,18,57,29,37,66,62,37,25,8,64,34,80,91,158,67,91,17,45,188,65,31,90,22,21,89,94,18,81,25,30,38,53,44,111,23,33,20,9,45,17,16,40,48,43,45,22,17,38,48,38,147,57,110,18,24,61,132,47,45,22,9,32,31,48,27,19,77,37,43,16,125,51,16,8,39,18,76,16,179,72,63,32,41,27,46,11,38,64,27,5,24,60,122,146,35,43,40,215,176,27,10,11,118,26,45,17,101,67,24,47,27,69,69,129,30,49,53,154,48,43,19,68,150,88,41,59,26,20,28,35,21,56,17,28,64,30,10,39,32,300,49,20,45,33,22,24,172,20,42,14,21,16,20,34,44,29,33,29,31,47,17,34,186,96,42,53,32,13,20,26,95,51,99,18,49,58,108,177,50,268,67,7,9,189,163,67,16,17,72,44,27,130,15,21,31,28,36,107,23,26,55,55,17,49,48,35,14,8,42,58,11,10,25,22,53,193,62,280,23,152,126,25,48,57,20,23,19,68,52,12,131,26,277,50,17,15,132,32,13,48,16,12,77,13,16,18,30,47,19,18,16,38,9,24,13,7,113,46,50,12,71,21,29,26,28,258,27,20,55,10,7,59,94,56,48,76,38,12,208,9,7,9,48,25,4,5,18,48,10,59,76,27,49,12,38,49,16,44,16,6,49,118,29,66,38,14,193,50,83,60,87,6,21,131,34,92,58,24,102,11,138,5,56,23,77,13,135,90,9,14,59,52,51,43,16,21,7,57,98,55,105,96,32,19,11,46,37,18,50,57,5,19,50,9,14,153,25,42,88,29,14,79,19,11,60,60,9,96,124,88,23,14,41,11,96,131,43,144,15,96,11,116,58,7,20,15,17,51,80,39,17,17,22,19,
14.94,84,67,226,952,2338,2422,44736,2664,560,937,235,19067,6441,1848,10237,19217,2449,3362,267,5416,6530,11826,1247,854,610734,37563,24868,33106,10454,9479,12816,9775,3682,37098,1886,2070,860,7195,4814,4909,10276,1876,714,29371,18356,12859,7019,29166,23152,6126,190520,4608,5591,47021,643229,50534,11020,61027,924749,97957,2631,8938,4874,2981,4220,34084,3632,2775,1415,402,283,225,301,2008,9260,4240,309,4582,108,79,101,329,94,81,143,189,151,99,62,134,111,78,116,108,152,153,79,96,145,131,77,94,121,58,127,103,128,94,67,102,98,108,176,89,101,100,87,55,64,66,79,101,103,70,50,99,101,95,50,101,106,186,57,95,70,165,61,72,108,140,54,56,55,90,85,128,66,56,106,169,89,82,78,43,87,40,104,53,60,43,58,83,61,200,97,58,33,62,41,270,113,5,25,12,44,33,48,44,117,68,74,9,56,16,58,29,25,52,151,64,52,47,45,103,56,26,48,44,145,37,57,21,32,57,7,26,37,24,56,25,25,12,158,44,62,17,87,103,31,178,23,19,16,93,66,42,23,22,79,60,68,14,23,51,9,31,116,19,45,52,22,13,10,17,28,30,5,46,16,148,30,33,4,39,45,118,7,11,6,13,9,85,24,11,34,92,5,15,68,12,12,31,15,10,36,12,32,7,29,97,23,26,98,65,19,26,25,27,46,46,33,25,49,18,57,40,12,8,12,19,78,26,11,7,118,6,18,10,77,33,17,17,9,23,30,18,41,44,63,6,37,188,10,41,32,8,5,33,14,100,10,7,38,14,37,9,104,7,56,16,20,41,7,99,62,81,14,29,8,5,4,113,118,45,113,40,31,171,13,25,24,56,14,50,25,23,34,12,25,5,11,5,5,12,36,10,19,47,56,5,14,66,18,75,50,35,12,5,6,6,7,5,22,54,11,11,7,7,85,24,35,23,14,69,5,13,9,5,34,19,34,13,10,4,12,71,24,30,19,80,17,50,44,17,42,9,12,21,23,20,27,4,5,7,17,11,84,17,13,34,62,7,12,12,177,13,204,80,36,11,61,11,17,29,5,26,52,9,22,17,11,22,37,24,27,27,25,216,40,61,4,4,41,19,20,71,59,81,66,19,24,54,131,19,9,8,91,85,11,48,7,35,27,6,25,4,34,45,47,20,23,140,59,16,42,197,34,30,23,24,21,13,59,48,198,51,31,30,138,19,150,40,12,26,79,28,75,41,43,50,22,20,86,44,111,17,37,127,50,39,29,44,74,31,177,53,11,23,45,59,41,36,32,63,12,55,29,92,57,58,80,10,77,28,11,37,44,22,18,50,18,17,33,56,67,271,13,86,47,45,30,85,10,10,12,40,171,11,44,34,15,83,10,33,23,86,26,59,54,20,10,28,19,40,7,15,113,14,113,64,26,26,21,17,97,25,11,38,87,7,24,73,45,35,18,95,4,41,28,39,29,25,176,21,14,47,14,18,16,6,61,36,28,7,169,52,31,12,12,8,94,19,6,7,50,10,30,5,46,52,42,21,26,36,22,14,10,11,24,78,39,67,17,25,34,11,6,98,156,3,30,78,56,77,83,52,14,13,7,67,103,4,8,12,42,7,33,19,4,135,13,27,25,38,14,3,5,5,75,6,24,10,19,13,20,5,43,48,13,8,8,36,26,28,4,11,14,37,34,20,14,21,5,71,4,13,18,20,35,19,8,69,14,27,10,56,15,17,9,4,96,6,23,5,22,77,6,9,12,17,30,23,3,36,20,3,14,23,5,38,5,172,44,18,165,8,5,22,18,101,5,14,8,21,23,4,16,81,28,7,9,15,74,5,5,153,11,39,38,45,7,13,21,24,8,19,19,60,28,12,8,25,17,7,63,22,8,73,34,4,19,21,16,106,3,25,16,41,35,51,24,5,25,10,5,16,6,256,5,13,87,4,24,216,9,43,227,13,4,34,16,33,6,17,22,84,18,13,4,21,8,30,43,23,35,19,229,8,33,10,12,14,64,64,25,3,7,48,31,46,23,16,12,11,17,7,13,12,89,55,7,29,7,12,163,15,6,11,59,9,63,11,29,41,15,59,10,22,6,4,21,14,11,96,31,21,66,73,12,15,8,4,40,4,4,10,13,5,68,237,23,25,10,4,4,27,7,7,4,18,2,5,31,42,24,11,6,3,5,11,32,7,127,6,133,14,4,51,72,3,4,5,42,27,12,5,26,14,6,37,15,9,5,4,6,51,8,3,13,12,83,24,5,20,7,19,35,4,7,169,5,11,17,17,210,16,8,21,42,80,22,7,8,8,9,4,18,69,74,129,8,10,17,5,18,24,67,18,36,20,102,28,11,3,15,5,7,257,4,4,11,21,19,148,6,6,4,12,19,21,28,15,4,11,7,57,22,27,49,8,3,23,10,23,37,13,9,6,21,54,125,10,43,22,49,30,7,17,3,
14.76,83,16,276,444,2116,2871,36840,1741,806,834,412,6592,5262,1405,21390,14302,1808,5254,780,4535,7677,9626,2688,905,278682,13172,3810,22093,8439,4010,6389,4500,2398,19716,2750,3377,428,7751,3419,5685,6925,2564,642,11786,97980,21368,4415,23608,90413,11127,161284,2830,2271,6580,172972,32561,21362,46493,236844,56923,9219,8977,2297,2253,1084,4044,538,1467,808,359,115,90,216,1694,1373,2455,219,2564,89,129,100,119,83,641,120,121,214,199,130,101,57,130,191,79,119,86,104,80,95,137,73,82,136,145,67,60,84,98,94,82,67,65,72,114,196,98,150,81,63,126,72,66,80,101,98,91,66,109,71,92,150,318,172,105,108,88,99,76,51,54,90,83,138,84,41,221,65,86,27,49,75,34,92,25,82,76,61,161,58,57,30,129,58,41,64,41,17,79,195,64,14,54,35,77,95,27,33,40,85,212,52,43,25,42,75,10,46,72,36,29,26,26,51,54,34,13,27,101,81,31,29,43,146,91,49,7,35,45,34,26,62,111,79,18,177,63,12,15,14,16,20,55,50,58,36,62,46,43,139,84,30,22,85,13,77,41,24,21,25,14,6,31,29,10,34,6,137,27,46,28,11,169,17,21,32,118,33,80,24,24,48,5,41,6,64,12,46,43,6,26,45,8,4,6,73,87,26,13,21,27,66,29,22,42,4,61,15,11,5,77,34,31,76,41,24,24,81,31,25,9,223,38,10,29,10,115,11,39,67,35,68,30,9,34,24,10,14,73,20,43,12,34,52,12,41,18,22,54,25,26,11,101,47,11,12,66,36,6,123,25,13,6,9,10,5,24,20,129,9,46,4,31,29,33,42,19,69,41,10,20,18,48,21,81,16,57,14,4,4,27,32,5,16,14,12,24,9,21,12,11,17,6,33,61,23,18,6,49,15,11,72,9,9,9,107,27,118,64,6,33,22,17,37,12,26,31,30,15,50,14,51,15,37,4,174,14,7,6,11,20,8,20,26,26,6,16,4,15,67,9,13,12,24,39,8,34,14,17,8,38,97,29,34,18,75,80,20,14,55,12,79,23,218,41,6,27,5,108,8,8,20,30,20,36,45,48,12,16,9,71,27,246,57,46,16,30,267,124,16,53,42,6,13,7,276,17,27,61,30,34,18,47,12,29,39,10,23,9,5,5,27,51,50,66,6,26,79,5,54,50,182,23,9,60,88,29,21,153,18,4,33,16,14,39,47,55,19,37,27,240,80,11,20,48,28,50,45,38,27,24,89,61,45,23,9,12,53,31,8,109,91,51,48,67,48,7,53,7,66,20,47,45,7,17,23,51,17,14,168,34,55,53,35,63,97,15,82,21,23,12,46,4,32,14,39,14,93,58,10,10,37,101,15,30,81,57,29,60,3,27,21,14,23,37,36,23,45,13,32,16,23,25,15,8,17,22,27,21,15,23,36,18,35,34,5,27,45,15,18,5,17,7,17,14,101,12,182,8,69,41,11,16,32,22,46,15,8,32,33,28,11,23,34,4,20,17,23,16,11,8,5,41,8,48,35,20,27,5,21,23,12,12,9,5,7,14,12,26,27,13,15,25,5,47,10,20,5,32,54,20,16,45,16,16,10,11,8,6,37,14,23,7,15,28,23,43,24,6,68,47,7,36,24,34,17,20,15,4,20,90,12,39,26,32,28,19,18,18,7,5,24,97,5,15,7,77,39,19,6,10,4,6,24,19,6,31,4,7,13,4,23,58,30,26,8,5,25,20,11,6,30,5,21,59,93,11,60,49,7,15,9,17,5,44,10,17,9,4,5,36,22,6,4,9,15,41,12,10,5,29,11,67,43,28,29,5,14,11,20,6,9,39,9,31,14,27,31,5,6,16,10,6,5,27,12,10,26,33,87,30,5,12,38,5,15,9,33,43,40,28,17,10,24,17,35,22,153,5,19,6,58,109,11,10,4,4,20,6,6,47,39,13,8,18,20,19,42,12,15,19,137,8,7,30,6,59,11,5,26,3,35,17,19,11,4,6,17,17,49,12,27,3,25,49,19,34,3,11,5,6,5,8,5,14,3,3,21,30,6,19,3,17,4,36,13,5,13,23,37,34,141,15,6,4,4,31,23,29,33,29,49,14,6,5,139,9,7,4,9,4,7,12,42,95,31,72,54,11,18,6,8,14,15,5,4,30,73,43,30,5,43,36,29,19,4,10,18,54,16,6,17,9,6,10,16,9,38,36,13,21,14,21,17,10,4,38,16,5,9,4,24,12,6,44,14,4,6,3,221,61,4,46,122,13,136,98,24,29,22,5,25,13,3,95,5,9,32,40,24,5,28,130,3,48,34,39,56,33,17,7,9,22,50,26,8,15,11,19,13,4,12,4,22,28,17,131,17,4,4,16,15,15,35,37,93,122,79,4,46,13,5,17,59,16,15,14,11,11,47,10,5,35,6,12,4,8,24,20,8,
14.58,82,36,438,1305,4015,8056,19375,4338,3863,898,230,5443,3477,1555,15509,19030,1289,152523,2798,4471,10574,7778,9226,840,55284,2253,2722,7394,10332,4721,2963,2070,2094,14447,5951,9930,830,9219,3843,4513,3548,8275,1624,52489,1313459,127295,5123,27532,800131,72415,57862,2610,3573,2867,24230,24139,18423,14469,19394,24520,24352,7974,1200,2102,595,632,416,162,364,87,159,127,134,386,419,829,501,616,132,121,137,197,201,501,107,115,173,117,154,130,179,131,193,108,258,78,141,160,95,121,120,127,84,86,95,132,139,118,98,97,136,100,90,98,341,143,153,67,203,79,148,158,295,110,89,79,81,126,93,95,191,205,117,75,144,284,98,143,76,82,138,79,149,54,142,94,121,163,115,309,228,57,80,80,117,72,80,99,51,86,110,88,44,96,90,57,48,60,86,82,57,197,229,87,71,27,61,41,33,74,135,60,82,121,70,94,73,51,77,132,41,70,67,137,108,46,128,209,43,78,40,122,182,68,12,21,41,47,73,186,38,40,43,37,46,50,138,38,56,61,178,92,85,11,53,31,38,43,39,76,231,69,18,58,16,38,61,56,27,18,81,67,60,41,58,158,15,79,30,39,34,166,37,21,62,36,83,61,23,154,6,169,31,70,68,167,42,350,48,55,32,63,16,126,24,17,187,20,181,54,78,149,26,56,262,111,55,55,41,83,49,51,41,24,184,24,20,37,19,21,176,51,32,35,48,43,19,31,95,17,6,42,24,16,54,18,10,42,30,37,27,139,259,212,94,17,34,173,29,55,20,183,22,82,14,41,152,81,41,69,21,71,31,70,40,29,60,37,40,39,108,21,24,82,27,62,27,92,10,34,196,48,23,24,141,13,75,49,88,39,12,68,44,43,37,40,36,95,148,28,35,24,19,150,15,33,29,70,32,94,73,46,61,44,31,19,25,11,41,61,28,83,17,58,20,46,153,160,41,22,59,107,46,34,50,65,28,26,30,32,74,44,217,58,37,15,156,50,36,75,50,37,19,13,55,84,34,19,81,65,22,232,50,62,198,16,51,87,12,17,17,55,33,257,16,172,19,33,29,75,39,72,34,163,61,23,89,55,94,14,28,25,229,42,36,18,28,62,7,46,56,63,44,43,47,52,50,70,18,57,52,43,113,90,81,59,54,52,22,28,141,27,56,117,47,63,28,77,76,25,125,48,44,30,105,29,22,68,93,74,36,43,49,43,27,50,36,51,55,25,85,52,56,208,158,87,79,12,31,38,51,65,55,29,47,46,43,37,32,97,15,36,27,73,86,60,73,57,69,42,50,194,73,29,41,38,43,39,26,39,53,307,44,44,42,37,42,22,19,64,22,42,68,17,26,40,67,48,64,27,36,75,99,39,203,51,26,17,81,47,11,35,39,43,90,24,33,21,60,176,58,35,40,52,22,98,90,44,63,27,51,33,35,55,33,24,64,68,17,23,35,73,42,77,4,92,29,40,72,30,8,30,56,38,44,78,9,19,38,33,33,37,62,23,24,28,34,24,27,44,68,42,160,36,21,22,15,21,33,36,38,4,54,47,19,6,27,12,15,90,23,29,88,14,55,10,12,12,34,29,62,17,14,94,32,10,116,11,15,125,46,21,25,144,49,25,40,61,41,25,36,39,57,17,27,245,74,182,5,20,21,66,8,32,45,30,12,58,31,26,18,37,24,116,45,56,25,116,42,24,41,56,42,54,22,104,33,11,40,8,42,80,31,24,66,21,37,19,25,68,14,70,28,39,13,14,31,11,138,64,21,45,24,10,10,17,13,14,23,28,35,35,77,51,13,10,17,110,23,36,5,57,21,52,43,51,7,51,41,41,12,60,22,41,28,8,16,22,41,29,18,43,11,52,6,9,32,71,5,5,5,122,43,24,11,11,79,18,4,33,13,23,21,52,53,29,19,13,37,26,27,16,20,6,15,14,42,121,39,44,20,15,10,73,10,8,11,53,24,28,21,8,18,52,8,36,21,12,13,14,29,13,35,25,6,88,11,67,4,63,20,28,7,46,13,23,33,11,117,9,20,107,59,5,21,7,34,54,31,11,73,15,66,61,22,40,38,18,23,20,13,12,10,25,67,29,28,16,17,137,5,51,24,55,19,82,19,34,15,48,27,30,47,21,67,4,55,123,99,6,28,79,21,58,19,59,28,37,16,15,19,15,19,33,19,22,23,25,6,31,11,21,30,14,42,17,18,50,41,69,32,35,13,112,21,12,11,41,23,24,127,8,44,43,10,8,21,54,11,50,22,205,10,51,44,30,29,28,17,39,23,61,70,15,4,126,34,26,8,9,29,44,23,21,28,176,16,24,13,102,13,17,43,19,13,62,35,16,100,61,44,35,24,76,21,31,46,26,49,24,6,32,85,38,33,24,14,28,23,16,15,13,18,135,68,27,22,24,7,7,31,6,17,27,23,48,11,34,15,
14.41,81,32,179,3106,2317,6462,12111,3404,1600,994,163,5494,3480,2063,3910,35175,1236,337000,3218,7969,20264,9987,4286,722,47711,3453,4493,193,8948,4408,4454,1956,2072,9353,2593,17648,2921,9628,7571,5038,1315,10103,2232,139659,1596378,143846,11847,49521,1483713,95394,17814,2873,9250,4258,12164,3148,5539,6273,386,8400,12273,1789,263,472,232,204,209,124,218,66,56,120,72,116,406,150,445,125,144,108,99,117,137,130,103,133,130,100,70,321,126,112,177,74,91,235,213,153,98,141,108,108,86,91,121,147,89,95,122,101,92,87,217,108,125,65,84,70,116,117,87,124,89,227,46,71,165,69,77,47,81,75,62,84,82,263,73,70,37,95,102,47,50,57,66,56,105,63,76,119,39,62,74,54,20,38,64,37,74,42,59,38,121,38,138,78,45,44,123,46,69,32,33,66,80,88,83,19,45,67,76,19,18,52,35,49,35,132,74,24,38,88,41,41,44,43,35,91,36,37,44,55,25,42,52,42,46,163,96,46,21,35,17,21,18,69,57,203,34,17,36,38,41,37,132,9,64,39,20,34,85,133,75,205,116,50,63,32,37,7,31,36,45,12,7,67,16,34,179,19,17,154,9,19,80,29,64,71,19,14,27,55,14,85,367,23,36,11,37,20,57,4,65,58,86,54,34,10,29,17,5,74,93,14,62,19,34,83,9,83,22,97,19,43,30,25,10,223,47,38,132,8,34,14,49,44,124,42,22,40,25,45,102,25,7,87,148,24,4,19,5,19,29,60,5,22,38,200,50,12,26,15,12,22,10,25,42,5,29,179,19,31,28,18,83,25,21,41,69,121,11,11,90,10,9,12,63,72,43,28,28,16,16,18,118,15,59,4,63,21,71,32,8,31,153,9,38,20,29,95,10,116,9,11,4,142,24,9,48,12,245,36,19,14,37,39,20,16,5,9,4,6,18,9,43,21,29,5,29,59,65,28,51,5,33,18,57,84,49,53,15,18,15,25,36,16,28,26,32,223,15,65,84,70,7,15,16,34,7,61,40,6,4,93,23,39,53,53,13,31,75,19,76,16,33,25,54,49,56,24,15,48,75,14,27,25,45,25,28,158,151,8,19,84,60,54,46,69,21,218,18,34,23,89,5,38,37,27,41,22,201,32,54,20,77,79,81,37,75,24,14,36,40,60,16,40,31,57,100,29,56,82,123,38,36,130,26,13,35,18,30,127,57,72,63,52,29,27,39,125,53,57,42,25,20,28,62,15,12,27,53,56,23,77,49,38,61,61,8,23,83,49,80,137,70,96,51,34,167,32,38,25,22,24,64,21,54,56,40,38,50,8,29,11,16,13,17,71,34,16,16,23,29,66,25,36,60,18,17,43,25,46,49,31,17,7,28,62,62,99,12,33,280,205,13,14,43,65,18,57,19,44,82,46,231,14,15,16,56,34,120,68,20,46,55,27,49,11,38,17,5,4,12,64,36,8,7,167,29,76,30,60,22,42,16,267,10,17,9,4,123,43,121,14,25,68,44,64,75,56,75,46,6,40,89,3,12,37,45,63,85,39,11,7,20,15,95,44,148,22,34,34,9,9,26,63,6,20,3,31,4,31,5,8,19,6,12,26,7,14,42,10,13,5,30,21,3,99,25,21,50,65,9,8,83,95,15,56,16,5,12,7,18,11,42,130,24,3,58,40,14,14,10,23,37,29,19,11,106,5,6,74,29,44,58,5,26,42,63,12,84,23,21,24,10,16,8,30,80,13,20,19,7,16,5,20,3,6,19,16,21,4,6,29,10,4,5,31,23,10,8,132,17,66,14,3,22,52,104,81,44,2,17,11,4,8,111,10,4,18,4,55,4,14,5,10,129,143,3,4,15,8,42,19,5,10,80,22,6,13,6,17,20,6,32,78,55,6,12,5,24,82,4,96,22,23,6,4,87,8,13,9,4,4,9,9,5,12,12,4,11,13,4,32,11,68,6,13,22,9,34,5,4,4,3,4,4,4,14,16,12,4,27,48,57,5,2,4,4,8,29,28,32,22,20,24,6,4,13,19,16,10,19,18,16,10,10,4,4,13,17,11,16,4,14,179,6,35,12,5,5,9,24,91,12,33,4,9,13,12,12,11,9,22,3,5,22,5,33,16,9,16,3,57,106,6,9,208,4,32,4,9,83,24,9,84,41,4,87,8,6,30,21,32,13,29,13,27,21,31,276,22,23,29,13,19,58,16,165,12,16,9,23,3,4,13,7,50,14,149,93,87,152,34,66,14,11,9,19,48,13,54,52,45,8,16,8,88,27,18,12,4,5,72,5,12,5,19,5,10,45,20,6,4,16,53,172,6,31,22,57,12,79,6,50,7,20,28,4,7,14,44,23,20,11,6,31,32,33,24,59,22,5,28,7,4,9,23,4,25,12,7,30,5,14,33,14,39,11,14,33,13,33,48,4,38,48,45,20,
14.23,80,41,644,4283,7303,2979,23460,11839,4200,2034,342,23418,14251,1755,2019,43173,1915,301216,3040,8817,25190,11023,3505,1235,87704,4749,4098,275,10531,15514,7648,2717,4260,9729,2043,51471,5687,13331,8900,17685,4025,61108,1855,182832,769677,121546,34429,256826,1232486,77922,25953,3673,35541,4456,3777,1719,1990,1156,308,5979,2581,284,125,178,193,228,170,109,319,102,110,103,129,150,177,100,187,120,168,74,186,152,145,288,239,146,183,131,171,113,117,86,99,141,91,256,99,155,137,168,119,123,120,205,94,149,124,128,113,143,138,73,104,91,67,130,121,95,126,82,150,120,99,269,96,77,73,98,126,115,166,59,112,134,116,83,269,84,77,91,115,109,75,133,145,105,91,134,46,144,89,135,77,37,95,109,214,70,87,64,90,38,64,47,69,104,45,89,64,187,114,126,129,73,117,185,151,93,39,66,104,130,81,93,155,98,83,57,58,36,80,38,27,90,86,71,46,105,43,45,109,19,100,72,88,93,113,24,19,202,63,39,29,54,75,118,133,92,188,154,43,113,79,138,38,72,126,70,76,22,21,37,78,30,32,55,105,29,11,69,68,39,45,126,64,128,42,59,32,88,50,27,69,64,84,160,19,34,34,52,37,15,34,28,13,180,194,28,43,109,23,28,28,74,45,37,47,17,256,136,132,94,67,21,17,42,36,23,23,31,34,52,53,51,25,36,37,27,14,53,22,45,46,73,25,51,22,154,14,16,104,288,53,98,30,16,37,38,181,28,112,55,68,13,26,80,35,13,26,43,21,52,35,11,74,31,31,37,32,27,33,22,96,76,16,15,30,46,13,211,114,24,49,101,301,49,14,39,28,66,190,97,50,22,50,66,89,68,19,48,38,23,32,18,37,136,171,29,17,16,17,298,12,81,20,34,30,18,87,24,38,62,44,66,47,190,158,37,22,8,51,31,55,32,24,34,28,79,26,111,307,20,78,90,29,19,16,18,31,130,14,73,26,122,5,59,43,31,88,62,113,28,47,42,64,22,28,43,12,46,61,55,23,27,30,32,46,62,18,210,37,137,34,113,27,53,45,35,112,71,60,69,39,61,68,221,204,76,86,30,80,95,40,87,29,18,29,137,31,131,25,202,20,76,66,35,104,149,98,43,44,81,109,64,86,69,31,90,25,94,107,38,45,87,58,108,116,106,75,54,43,67,70,126,176,64,43,87,118,89,32,43,76,58,216,197,26,23,55,101,75,27,89,35,44,22,66,72,112,94,178,99,52,52,301,45,47,57,85,87,138,47,42,47,43,37,72,33,24,51,28,44,103,68,44,47,246,101,18,69,132,112,154,22,144,158,104,35,114,30,41,51,18,39,10,206,26,45,124,180,51,19,62,30,40,33,150,161,80,37,42,30,192,122,45,161,42,92,65,45,35,109,36,136,40,93,83,39,54,114,63,51,62,17,35,68,112,39,45,54,12,7,297,23,52,33,118,97,28,16,23,102,37,23,19,14,91,23,68,168,37,10,19,40,78,96,51,69,46,8,37,195,101,24,53,103,19,41,47,94,42,71,38,68,34,35,15,74,27,22,9,73,46,186,42,79,12,36,60,52,43,25,57,63,45,267,19,102,183,14,97,19,12,20,46,32,59,14,133,16,66,100,88,33,71,30,12,17,29,20,43,10,30,28,69,48,101,32,30,60,27,102,39,82,88,25,65,64,44,21,42,133,39,22,59,35,64,18,24,44,119,8,43,34,27,29,24,47,67,49,132,13,8,45,34,39,78,26,64,119,27,30,21,20,47,11,65,240,104,7,19,13,11,43,106,185,23,7,71,30,106,19,105,40,8,19,18,58,113,133,13,23,106,60,21,19,60,23,22,20,40,68,90,19,25,21,8,74,21,41,113,11,26,28,4,55,112,38,52,30,65,200,8,26,153,28,12,145,13,39,28,14,13,153,16,84,59,167,98,75,15,58,33,31,12,30,4,9,24,40,88,11,21,18,109,10,15,11,236,17,13,14,89,78,49,129,31,17,51,56,16,27,81,6,97,121,73,106,39,11,13,37,43,12,50,111,20,33,8,13,25,107,26,79,44,47,119,110,90,130,57,19,46,11,19,73,27,14,16,53,69,59,42,14,22,23,41,17,53,34,13,95,27,7,13,18,28,62,38,28,8,18,76,15,70,58,81,16,30,65,133,14,14,53,111,261,44,58,19,44,36,23,155,87,10,36,9,18,11,30,44,4,50,34,101,42,152,51,235,19,21,7,73,30,126,18,54,73,43,7,18,86,8,84,48,30,67,79,62,91,11,57,33,58,24,76,41,41,22,11,26,31,43,6,20,40,151,46,33,63,264,34,98,26,16,19,12,25,138,26,45,28,12,10,266,3,6,50,29,81,29,74,96,82,31,26,11,8,18,180,65,57,56,29,9,15,6,88,51,22,35,26,37,19,82,46,91,31,89,
14.05,79,76,787,2065,6879,3430,12069,8174,6269,600,117,105812,23952,1835,2900,5844,247,9685,357,10117,12424,8330,1952,656,30142,2402,3118,408,11513,77010,6245,3663,5854,10379,849,69627,4334,8474,4303,23479,8620,59576,1322,16428,10153,24579,49279,961471,692103,60187,8271,3543,53705,2384,1277,743,764,189,119,3141,166,93,161,83,52,220,71,227,60,114,88,123,73,126,160,89,84,64,145,82,123,76,98,125,131,84,204,68,87,146,69,142,174,120,87,93,105,111,86,117,107,78,112,101,114,118,69,138,154,101,88,74,112,75,80,68,133,64,124,113,106,55,124,129,120,113,65,109,104,125,66,110,72,94,120,42,83,48,67,229,44,122,58,107,99,29,38,52,67,71,49,61,66,25,105,60,24,94,106,52,37,48,37,34,52,65,21,84,199,128,125,42,55,75,53,30,23,40,49,84,125,36,144,48,47,36,46,72,49,70,63,56,48,17,26,8,45,50,59,28,12,9,42,27,82,44,22,34,19,31,15,62,16,52,410,69,27,59,25,22,18,35,35,6,29,71,46,35,21,18,39,73,39,9,8,27,23,7,12,22,21,18,16,28,43,17,11,18,23,8,56,94,22,8,46,11,24,46,107,7,9,16,86,14,10,51,38,29,18,19,12,149,25,82,12,76,19,31,28,24,7,11,7,54,25,64,115,22,71,31,24,24,5,14,139,27,10,12,44,103,28,4,26,24,13,12,13,53,144,11,12,31,23,16,19,10,5,22,19,10,11,19,6,34,10,18,15,132,11,5,18,78,16,41,42,121,13,37,33,11,18,37,69,6,121,7,11,51,64,4,144,66,8,3,18,38,23,74,7,25,6,66,52,31,26,6,28,9,22,117,35,56,40,41,25,15,20,8,24,17,15,6,6,17,20,27,42,8,22,15,9,159,44,5,12,45,24,14,12,90,17,23,20,14,83,8,14,30,19,12,32,158,33,71,13,86,9,111,34,43,14,10,15,18,85,23,48,16,33,98,10,43,45,32,47,64,15,12,44,31,13,36,38,46,15,20,13,43,18,30,15,53,20,38,89,37,85,34,142,4,26,99,59,13,5,37,13,10,6,33,33,7,154,26,9,67,41,33,43,57,53,19,4,45,39,16,80,43,8,42,37,7,35,29,33,128,270,32,57,58,115,84,27,23,18,55,205,30,103,28,44,46,44,68,46,33,24,29,36,96,66,29,38,7,53,26,47,30,19,82,27,197,35,15,33,39,52,24,56,42,18,66,37,24,49,24,29,31,23,31,18,23,60,40,16,51,10,57,43,7,93,4,58,55,27,22,32,111,28,17,12,108,30,39,21,86,115,30,42,45,25,50,42,22,44,18,64,21,42,47,17,46,18,65,34,29,86,21,142,16,19,32,7,65,10,14,11,28,11,33,28,28,12,5,20,18,109,12,12,9,75,38,11,9,30,22,37,22,8,52,28,70,11,42,48,6,52,30,9,26,8,6,7,33,19,53,36,18,39,80,5,24,8,18,52,50,5,55,45,25,30,10,16,28,9,4,4,10,52,11,16,68,16,225,21,17,27,7,10,57,17,26,30,5,5,19,7,70,34,25,45,21,34,28,28,15,14,12,17,56,15,27,17,20,2,8,16,9,5,9,16,20,6,58,14,47,8,40,25,4,56,11,4,17,4,19,13,10,11,4,6,25,46,3,3,22,25,45,136,116,19,19,25,8,88,52,16,9,43,28,13,26,4,27,42,15,16,15,7,10,22,23,26,14,59,87,19,19,26,11,21,27,17,5,13,56,7,21,62,34,5,27,10,11,55,4,91,47,71,79,4,11,13,39,16,7,25,5,18,78,30,24,7,10,12,141,31,7,10,5,6,30,27,50,44,46,29,235,108,10,21,10,11,150,41,4,92,15,81,6,4,7,31,16,18,4,57,72,32,4,18,9,73,30,21,14,34,2,57,3,7,7,10,9,17,44,32,25,15,5,13,10,4,19,39,4,10,21,9,22,47,35,8,19,17,12,57,35,67,5,24,5,24,54,8,21,21,11,74,10,10,20,26,47,3,3,11,36,11,33,5,26,20,23,16,17,4,25,39,28,39,15,40,33,18,15,10,46,34,76,5,5,34,5,39,6,5,19,37,12,4,18,91,11,252,11,11,15,5,5,16,32,6,55,5,17,19,4,20,70,30,34,4,16,5,46,5,9,15,7,26,35,20,60,63,154,99,45,13,15,4,20,140,5,85,15,24,6,19,5,7,27,39,8,17,6,10,32,9,7,23,6,4,51,17,185,18,12,102,12,30,5,21,50,78,7,22,8,43,5,33,71,38,20,14,36,22,38,12,20,14,5,8,7,3,5,5,22,22,17,7,5,11,33,6,7,19,6,18,6,116,20,15,3,41,7,26,10,6,21,8,31,37,31,38,17,5,31,28,19,5,40,31,12,15,161,64,41,20,
13.87,78,25,573,2007,5690,3094,9984,1715,9072,766,341,533025,17667,2627,2760,6202,690,12454,329,8425,9852,7213,2223,523,4499,1411,14286,1929,19805,219648,15225,2950,9970,39726,3057,233387,3646,9641,10443,38202,10200,27410,2231,14359,16165,6198,48501,1853654,253176,18365,2923,1518,46523,1017,1508,190,304,175,84,1685,190,118,74,86,262,179,96,96,127,160,158,99,184,121,233,164,110,126,168,149,201,127,145,98,137,94,120,156,142,105,207,157,209,109,148,154,114,100,121,94,84,117,141,140,121,92,145,227,107,96,114,162,117,189,108,101,96,144,106,98,92,129,81,99,106,135,96,177,94,273,77,72,63,125,178,67,76,169,99,97,115,168,105,104,68,81,193,70,84,153,78,90,110,178,293,135,83,90,106,151,101,78,62,125,144,74,68,61,85,38,61,52,79,73,44,107,67,98,153,176,47,184,209,51,47,45,93,86,70,67,56,51,147,52,145,44,77,93,81,82,38,199,74,51,56,66,26,23,41,75,106,101,54,112,34,57,62,82,45,88,40,37,39,56,69,59,16,49,78,94,23,38,46,71,45,30,26,88,88,101,45,65,37,208,61,24,21,47,67,70,45,54,58,27,14,115,15,33,55,43,43,52,15,71,20,23,32,23,47,52,46,29,194,24,130,101,17,20,105,97,130,19,33,32,127,94,77,209,36,11,11,76,80,38,41,38,99,30,24,60,33,72,100,131,62,48,20,39,96,40,48,11,64,79,210,20,14,81,38,16,61,27,30,138,31,38,20,61,35,15,27,59,53,16,59,64,106,108,18,19,44,20,16,27,34,71,137,113,15,4,52,24,23,18,133,13,25,39,17,48,15,16,9,50,18,88,43,26,17,50,22,76,18,18,15,18,19,10,29,6,88,47,23,35,61,36,99,43,116,31,37,30,19,30,32,44,48,6,28,30,36,40,15,28,53,16,63,27,36,220,101,50,30,223,22,102,41,6,50,15,19,140,110,65,45,14,51,118,44,24,14,40,21,42,20,53,191,55,54,40,59,44,40,94,56,49,119,117,28,14,74,61,21,87,73,105,43,62,12,44,50,55,104,30,56,85,75,55,96,62,32,47,200,62,103,27,48,56,65,51,75,63,49,91,34,55,72,39,78,83,105,43,72,50,113,54,78,85,174,49,21,95,69,68,23,61,63,38,107,39,64,43,57,51,56,161,14,94,61,65,80,63,45,67,61,68,68,75,96,80,250,54,25,61,52,25,50,42,164,110,55,131,67,51,54,69,42,37,56,64,21,64,42,44,299,47,64,104,28,19,44,24,42,45,41,33,18,48,47,27,36,93,31,35,41,40,24,50,56,22,43,48,73,24,58,66,27,39,37,37,80,39,22,30,13,83,57,23,15,58,43,144,42,10,50,34,72,32,46,37,59,33,44,9,54,54,21,22,81,35,41,41,29,110,17,60,19,39,13,76,63,26,66,40,63,51,22,20,19,64,10,32,123,131,60,23,50,29,70,62,37,29,95,35,125,75,54,57,79,40,21,42,62,25,28,17,29,57,20,23,28,81,27,98,16,39,49,54,10,76,18,39,32,52,32,40,39,26,21,110,30,46,33,18,69,43,21,42,28,17,60,36,11,57,24,6,15,49,34,37,35,41,20,27,209,27,59,14,129,20,19,43,50,45,19,26,36,61,44,29,44,29,21,23,75,224,85,24,28,123,46,31,37,22,49,8,117,19,18,38,27,40,13,12,38,56,26,27,55,49,11,10,21,53,38,26,83,168,146,69,22,203,27,18,27,9,31,37,7,47,70,28,50,36,54,35,42,19,8,8,9,54,30,53,15,24,17,62,66,9,15,52,41,20,15,43,54,11,7,61,13,56,7,86,6,153,42,44,16,15,31,14,98,38,42,29,12,44,16,16,7,12,115,108,12,43,90,22,6,44,36,9,30,35,69,14,13,28,78,38,28,43,8,7,14,85,51,22,42,60,144,13,55,28,27,68,40,12,25,132,34,46,6,5,32,203,5,95,39,15,7,30,70,127,11,20,22,4,44,15,27,36,11,18,25,34,50,12,91,27,20,16,51,30,7,119,129,5,42,9,66,66,92,12,16,28,12,10,11,24,38,30,26,32,60,6,66,56,32,23,114,37,6,28,87,38,32,25,19,35,9,115,41,116,64,25,28,20,97,14,12,38,15,14,17,31,47,61,104,17,86,22,41,19,20,92,30,19,23,19,56,70,26,45,43,49,16,11,163,60,29,168,39,16,35,18,7,27,14,75,18,9,31,30,72,18,116,19,10,10,37,19,75,29,40,2,40,35,51,31,16,25,18,6,16,14,26,108,50,34,35,16,27,18,41,15,89,21,26,24,78,18,33,16,21,20,36,20,78,62,18,18,37,19,34,21,18,10,42,91,94,44,5,146,10,92,16,35,18,41,7,43,35,104,5,64,5,46,167,
13.69,77,89,741,869,2113,2197,26570,344,8781,734,164,320158,4898,870,402,12189,668,26689,310,5316,7597,3170,824,133,2328,3635,15686,4189,12440,100690,9291,1563,7686,69237,5451,269207,3846,14656,15493,20860,5192,10706,1347,37016,9072,548,3416,501994,32286,213,522,259,2537,65,214,239,357,85,62,135,99,220,94,79,258,99,62,97,96,115,166,67,135,99,168,87,140,116,190,122,96,310,185,75,101,96,97,106,151,79,78,92,92,86,73,79,108,112,59,76,113,79,114,101,81,54,80,82,101,133,116,100,96,79,48,84,75,102,117,62,125,70,63,84,72,53,86,73,118,86,54,73,84,79,43,136,57,112,62,28,53,38,92,62,26,183,70,94,143,75,51,91,52,107,52,90,65,37,105,90,66,71,41,54,34,81,61,144,24,95,22,41,45,146,28,85,115,34,69,23,52,27,12,48,123,85,75,50,20,125,28,49,13,78,82,18,25,52,31,26,45,63,39,16,28,62,13,178,30,31,50,40,31,23,13,27,19,41,11,35,27,21,12,13,21,62,28,16,13,90,22,17,25,35,4,16,70,20,28,12,15,48,26,64,14,41,10,35,9,9,15,24,9,53,19,5,33,27,51,33,16,34,22,6,18,23,21,29,7,4,33,12,7,53,13,10,36,79,47,17,15,14,30,64,15,14,16,24,66,35,26,16,29,8,15,21,15,12,14,5,76,11,12,39,40,49,52,25,44,16,18,8,37,14,25,14,8,12,29,22,23,61,6,12,68,15,8,22,11,12,60,82,5,192,11,62,11,28,94,84,32,64,30,33,43,58,6,42,50,27,13,29,19,8,21,46,8,20,14,28,35,21,16,5,21,4,21,22,63,20,32,38,36,20,25,21,38,59,24,18,12,35,11,35,22,22,33,13,7,5,24,4,70,7,73,106,22,6,44,29,4,85,47,29,35,8,31,19,20,8,29,10,14,29,62,37,16,17,26,14,22,49,22,26,24,27,19,65,54,8,10,131,20,260,12,18,32,20,6,125,31,9,53,31,49,42,9,14,11,43,17,33,22,99,14,38,24,47,24,41,49,30,38,126,21,162,59,68,44,86,42,20,104,59,63,40,33,48,11,11,35,32,57,64,49,33,56,121,20,182,41,39,95,33,83,102,54,56,260,25,58,40,138,24,51,29,38,40,30,117,72,21,43,8,60,104,125,11,70,51,44,51,92,6,41,18,64,37,48,70,51,20,26,42,33,71,74,34,37,62,26,40,17,43,16,48,46,15,21,35,17,6,34,30,45,13,54,35,42,34,81,56,12,3,53,57,21,41,24,40,58,51,37,40,32,6,8,18,18,61,50,20,56,23,20,94,8,20,49,8,51,47,54,26,93,133,60,23,24,13,21,89,40,35,36,9,16,15,23,19,24,49,36,68,48,60,77,61,9,25,41,13,84,82,48,36,111,41,23,51,33,6,5,52,52,22,9,37,19,25,6,33,71,10,38,8,6,27,7,7,22,17,12,29,18,148,16,24,29,11,29,73,8,19,9,8,5,19,17,27,5,20,4,35,18,57,8,12,21,45,8,17,16,5,5,51,10,64,27,12,42,57,4,22,3,7,18,16,23,26,13,15,6,11,11,6,5,7,94,31,7,42,23,49,21,41,47,14,24,49,20,6,19,4,19,19,7,56,30,37,48,21,10,17,4,141,17,169,67,74,27,65,36,16,40,43,77,6,28,4,24,13,56,8,16,19,15,26,96,5,20,22,49,12,7,4,6,9,24,16,36,4,14,61,100,17,18,39,39,63,16,18,27,4,4,23,13,17,8,16,107,7,8,11,12,169,43,15,4,51,12,33,29,22,9,15,4,36,41,11,44,43,7,13,6,52,5,11,35,75,29,7,3,10,18,13,20,44,29,18,4,79,3,33,31,20,7,6,10,12,33,5,9,4,95,7,96,37,11,22,31,6,3,4,32,15,20,4,4,21,14,8,13,2,9,69,112,6,25,7,15,5,27,8,32,16,65,158,70,26,15,5,12,36,43,42,61,10,67,4,6,16,24,11,4,59,7,35,18,15,21,44,28,17,98,5,7,57,31,5,26,11,11,24,7,17,5,14,13,19,43,30,41,9,24,13,10,3,8,5,5,4,22,21,51,5,4,18,179,30,34,13,62,58,14,4,21,18,24,17,9,27,5,17,19,7,10,67,12,15,49,8,164,7,40,11,29,25,17,88,10,73,32,42,8,6,28,10,33,30,14,6,16,5,70,36,6,39,42,13,9,10,18,11,5,6,99,5,23,4,18,3,11,4,25,25,119,28,23,5,18,24,13,106,23,10,4,4,11,31,4,8,51,24,88,16,9,40,4,99,17,14,35,5,5,3,20,5,3,26,7,8,13,21,6,7,38,91,4,11,6,14,4,4,44,79,14,62,33,31,40,88,39,19,7,24,9,11,17,
13.52,76,151,631,1573,3874,1849,22721,1236,2709,637,61,57482,4704,1464,1064,13757,1199,18505,97,12512,8975,1526,1446,539,16501,13035,12537,8124,8874,14554,18156,4214,19037,79597,4482,108939,2883,29549,17979,20669,2728,7462,1889,65670,8360,261,371,43362,2440,103,153,87,89,212,101,53,98,59,88,193,163,119,113,110,177,187,183,145,146,155,142,171,113,122,122,157,185,152,188,308,188,138,170,108,108,100,117,333,91,197,136,129,188,71,96,155,136,96,282,99,113,136,125,148,103,105,151,174,156,99,109,124,111,156,104,85,102,137,141,113,137,94,96,98,88,105,85,193,126,76,101,119,92,89,180,118,130,134,86,83,59,104,142,228,97,112,129,124,131,128,100,55,116,65,77,188,69,69,107,81,48,53,89,99,88,72,93,122,81,67,44,206,58,77,85,68,53,31,59,112,112,94,46,52,43,109,41,73,25,48,54,52,104,50,35,47,37,62,104,53,64,116,35,77,27,19,137,79,52,57,93,23,22,76,162,75,35,44,75,44,43,69,35,4,43,27,28,34,19,48,85,28,42,28,27,45,43,57,52,47,24,21,25,50,29,92,26,34,69,26,29,54,36,45,11,12,13,80,63,31,40,72,57,29,110,204,50,8,19,61,122,20,20,26,35,26,31,58,31,45,46,33,23,15,37,39,117,90,25,22,16,51,5,30,22,14,29,20,57,19,28,41,44,28,6,55,22,36,12,15,66,28,8,59,9,19,39,34,10,52,54,44,33,41,35,16,27,19,47,36,24,104,12,40,6,43,19,22,6,36,19,266,109,76,69,20,35,22,52,36,27,55,81,142,74,12,33,52,23,24,35,20,23,37,73,81,16,187,36,56,23,27,7,59,14,24,53,10,46,82,52,14,19,39,37,23,48,14,200,37,64,25,49,63,22,75,66,38,15,46,23,56,45,12,18,64,24,53,69,57,50,82,9,55,61,62,98,32,35,74,66,70,67,56,112,23,47,34,29,109,33,39,131,91,186,45,98,66,35,76,118,71,111,40,47,95,32,25,38,51,78,24,26,90,39,47,35,52,77,36,95,22,60,86,39,30,46,35,25,64,172,41,35,163,130,75,87,64,144,58,58,59,60,61,71,55,48,34,31,96,86,57,83,60,85,38,35,98,81,41,15,54,58,26,112,148,87,39,53,70,34,52,70,30,71,78,27,67,129,126,59,68,77,47,90,104,46,107,105,39,67,23,55,119,40,43,26,90,66,56,58,71,43,105,62,48,41,79,44,23,69,123,29,69,52,18,30,33,114,77,17,61,90,55,59,54,74,67,19,24,61,142,30,55,76,122,127,32,40,61,32,50,110,20,52,46,42,102,86,30,55,64,102,98,41,47,83,46,45,181,48,67,36,78,42,145,29,86,33,17,35,49,36,40,89,70,20,70,33,19,25,31,34,90,35,127,38,74,36,25,15,130,63,30,26,67,22,23,21,28,143,21,12,24,26,40,27,26,23,38,16,25,9,37,38,215,43,18,32,59,49,147,17,47,6,63,32,19,132,225,18,29,24,48,120,37,12,33,42,13,36,32,7,66,71,51,16,25,49,39,34,20,14,42,17,15,32,9,23,32,45,193,49,14,18,40,73,17,23,34,19,26,43,31,80,19,16,24,41,29,60,97,62,25,16,17,61,55,17,62,121,25,14,9,26,45,17,46,8,24,20,77,61,81,27,33,57,10,17,48,49,44,30,23,30,24,47,17,14,82,17,44,29,41,49,84,28,12,47,32,9,36,87,37,61,7,17,24,42,26,24,24,9,32,16,48,21,30,25,24,81,13,5,27,39,23,14,95,18,59,23,48,78,52,58,23,121,26,78,6,70,12,31,6,28,39,17,4,19,47,15,8,87,28,21,93,31,36,52,11,9,28,31,55,139,9,12,23,35,16,10,13,33,17,32,36,110,29,17,11,25,14,8,16,6,26,61,12,16,28,24,10,19,46,30,32,10,13,7,63,8,22,4,36,22,20,7,131,11,25,9,7,19,19,50,5,5,15,20,37,61,13,15,22,30,42,15,63,21,60,86,47,105,6,42,7,34,70,60,65,26,35,26,6,13,84,11,43,43,19,15,9,123,104,26,83,16,7,25,14,25,21,44,23,5,15,40,12,15,45,28,19,19,32,29,16,15,43,34,23,6,22,42,29,18,67,17,30,32,16,38,20,28,10,45,24,21,41,47,30,134,10,57,40,14,35,19,30,61,73,34,8,60,22,18,41,39,64,30,24,44,17,52,56,66,11,8,21,5,29,20,24,5,81,30,37,25,20,47,66,55,4,27,28,9,21,39,22,40,8,54,10,45,6,103,29,28,39,16,22,57,21,15,12,14,8,78,13,9,106,19,17,13,43,39,47,30,43,38,53,30,56,19,142,69,47,26,19,49,55,86,43,22,34,34,27,18,46,21,
13.34,75,31,1825,1246,3301,1063,8974,418,65,248,123,1316,6085,381,938,4158,603,122,61,27989,10279,789,952,814,41945,11163,4161,3501,2456,3425,22287,4672,19806,11670,541,9990,1312,44744,8772,23070,2439,894,730,23325,2918,226,29,94,79,73,110,106,68,133,87,166,98,181,67,150,64,56,84,72,188,81,106,139,127,137,138,100,103,108,174,120,137,157,105,105,116,116,115,78,97,114,78,172,75,275,122,116,108,109,106,109,90,74,82,165,100,108,82,96,116,112,56,106,115,72,117,86,72,90,74,100,174,101,80,58,69,88,133,119,38,129,131,80,73,49,63,69,57,33,77,60,120,76,60,49,150,111,48,106,51,58,81,77,58,144,74,83,53,53,106,66,83,36,85,93,53,76,104,34,57,40,39,61,46,89,50,95,18,21,17,71,55,21,36,23,46,14,57,39,64,78,58,15,25,17,17,51,43,26,154,16,44,26,10,14,45,21,20,75,41,14,13,9,20,23,10,67,38,62,21,7,13,36,24,10,64,33,95,4,14,38,16,39,13,30,41,94,15,6,28,28,77,69,21,39,44,25,19,60,5,47,16,17,14,23,29,50,7,8,14,47,41,16,35,88,86,9,27,10,22,29,33,16,11,45,16,46,17,86,8,14,46,13,9,18,12,19,100,156,14,53,13,43,8,24,9,8,15,16,5,12,22,13,111,8,31,44,52,14,87,6,9,43,8,35,5,25,13,54,33,48,61,23,8,5,15,4,25,85,20,29,17,55,5,52,4,17,14,5,28,12,37,49,39,44,10,20,247,9,8,8,62,26,15,43,53,11,4,26,10,4,13,38,19,11,11,5,7,24,23,24,26,6,5,40,14,54,36,11,30,38,51,40,23,18,16,12,22,29,24,49,15,58,16,22,11,16,25,13,7,5,28,28,101,56,37,12,13,42,35,22,18,36,24,29,66,13,21,4,27,13,9,15,12,37,60,26,10,14,16,26,17,4,18,37,40,23,43,63,23,27,17,9,61,43,26,36,22,60,50,50,9,55,28,36,29,73,47,29,49,46,50,69,54,19,19,30,19,44,47,18,49,9,75,151,40,44,14,29,54,27,18,31,62,61,48,42,110,68,56,36,23,50,71,31,40,23,64,5,11,217,92,39,26,31,77,62,18,112,16,48,52,50,58,50,29,35,33,51,24,12,61,122,37,37,18,29,6,38,48,26,61,87,10,43,53,66,36,22,88,51,36,43,20,73,38,97,71,26,15,33,14,48,15,23,32,32,14,34,36,42,48,51,5,20,37,43,13,77,93,101,57,6,70,33,17,19,43,37,59,32,56,52,43,50,22,31,80,19,37,14,33,32,85,73,56,25,22,34,28,68,54,17,62,75,51,18,4,17,62,25,19,7,8,5,118,25,7,79,16,36,39,21,15,4,84,36,10,37,15,4,53,27,24,36,41,5,37,39,5,43,34,7,11,16,33,10,28,21,6,95,4,7,27,12,38,5,7,44,8,14,17,9,21,4,44,21,36,9,5,25,47,25,43,12,14,276,34,10,6,15,25,9,9,30,10,15,22,11,100,92,8,26,11,13,12,7,12,21,39,8,22,12,13,4,10,33,26,22,7,8,22,5,18,84,3,7,40,25,73,10,68,29,7,12,49,23,11,8,8,58,28,68,14,15,81,39,35,17,43,27,8,10,22,4,4,8,10,36,39,10,7,8,4,15,6,20,4,22,6,51,4,52,19,12,20,3,9,30,8,4,6,10,11,6,4,31,15,9,26,38,27,4,13,4,3,11,11,61,57,5,32,18,11,13,14,7,7,11,39,69,4,42,28,15,89,22,3,20,46,22,8,58,37,38,4,4,5,37,14,10,5,27,24,13,24,4,38,12,38,19,12,6,4,4,7,23,16,16,10,8,23,23,126,5,57,18,2,11,22,34,34,6,20,5,9,10,15,5,24,10,10,23,12,20,9,24,17,28,47,35,3,64,28,4,73,5,13,19,33,24,6,26,13,4,9,6,16,9,22,12,65,20,19,38,18,4,62,10,32,4,43,37,14,8,33,18,14,8,44,25,9,85,15,4,27,56,41,3,10,24,56,15,43,7,7,6,5,15,4,28,8,29,33,6,102,17,30,27,23,6,11,11,17,23,11,19,4,29,20,15,183,4,17,201,46,11,27,28,6,67,50,22,18,15,7,64,10,4,4,40,16,4,3,2,15,7,22,54,11,24,5,52,16,5,32,7,24,4,6,9,5,5,10,5,13,9,69,21,11,12,5,20,14,7,10,27,7,9,27,22,14,11,28,53,10,14,4,17,19,3,24,36,22,36,148,4,5,40,25,120,8,4,15,8,40,10,47,34,27,4,4,4,65,14,8,45,29,22,27,19,6,16,8,5,6,4,6,10,8,43,11,25,11,37,26,4,7,4,10,39,42,28,4,
13.16,74,258,4341,1406,2846,897,31767,1463,158,225,96,1689,5250,821,336,338,243,145,208,39463,10703,1983,1634,1710,268341,18777,1262,921,7081,6145,17604,6060,15035,5178,225,15615,2762,39018,1554,12952,763,287,350,3699,550,140,96,62,239,147,76,209,151,76,151,98,132,257,131,125,130,197,149,178,140,261,141,144,212,140,139,133,143,105,264,123,137,186,74,109,162,101,92,153,146,212,127,172,81,81,189,129,129,133,106,107,180,98,90,116,131,159,115,142,97,77,145,175,85,154,96,117,67,162,104,113,101,126,108,69,89,66,127,109,71,97,105,89,202,83,77,73,196,74,64,121,170,87,84,114,66,120,82,113,105,110,89,55,108,56,136,75,58,54,89,66,48,108,87,83,92,61,82,80,197,79,52,99,42,58,55,47,41,70,88,77,50,84,56,125,70,91,70,58,88,38,23,76,65,137,18,70,60,139,40,44,28,40,90,33,129,39,26,75,26,19,46,56,61,20,59,83,37,64,83,102,32,36,23,36,35,46,24,61,17,30,14,47,64,132,22,12,22,38,47,26,33,14,82,88,35,208,49,31,185,41,24,24,49,20,71,50,24,38,33,30,7,75,68,20,15,17,111,66,37,47,13,29,43,24,26,62,47,20,19,65,54,31,45,41,44,49,43,23,36,19,33,34,14,28,38,8,128,43,16,10,37,93,10,15,29,51,31,17,7,73,26,58,37,39,48,36,91,31,45,45,34,22,41,38,8,32,183,18,7,53,12,18,41,46,18,23,42,25,59,151,14,75,32,5,35,26,23,98,74,25,17,71,12,11,29,39,20,21,9,32,41,24,14,49,23,36,9,27,36,21,258,44,21,31,48,43,50,187,78,27,27,30,41,14,63,11,115,157,83,58,28,23,42,54,44,15,24,16,23,18,23,7,33,16,49,28,47,85,34,65,47,84,29,54,28,41,35,19,72,12,31,60,15,25,16,73,99,59,16,25,34,32,33,22,49,26,84,35,26,47,56,40,89,55,51,50,101,118,31,31,50,77,45,37,46,45,51,86,22,60,36,71,42,23,35,70,66,78,137,25,35,40,32,95,52,51,56,46,61,38,83,69,77,156,46,53,43,52,83,61,112,61,46,72,99,57,60,68,105,43,89,92,81,63,49,57,52,121,55,77,68,77,149,11,71,90,65,94,83,179,69,110,79,49,35,72,75,57,94,103,58,34,55,20,119,85,31,30,33,87,79,67,36,66,12,117,53,81,65,40,169,49,24,41,89,91,108,43,88,17,59,75,36,49,36,32,37,33,37,98,100,58,90,45,57,51,61,94,39,41,38,72,89,38,30,35,42,33,84,55,50,30,39,29,36,30,21,54,51,25,29,23,68,56,24,14,55,34,47,78,26,54,76,29,82,57,6,32,30,25,8,24,61,71,46,37,35,12,15,65,26,32,26,19,34,74,27,87,69,36,11,18,16,55,31,49,20,53,44,46,71,26,33,55,10,38,36,57,23,7,26,24,54,39,30,24,20,81,7,22,71,36,14,118,8,58,60,49,30,12,44,265,13,29,53,34,18,37,44,47,13,20,25,23,21,55,27,37,41,35,18,28,32,15,12,26,7,31,15,20,21,40,18,7,76,10,11,18,24,50,54,15,19,31,146,22,55,45,30,14,110,22,23,26,27,34,49,80,24,49,66,80,72,23,67,37,28,5,32,39,73,16,95,23,26,28,21,98,25,28,38,21,45,43,46,93,9,29,23,17,15,16,20,57,35,21,47,5,61,8,33,14,11,40,12,14,7,99,33,38,12,34,25,71,13,5,4,49,36,32,24,8,7,112,47,32,73,23,63,47,10,22,55,35,15,114,88,30,22,12,118,41,53,21,78,45,24,36,56,6,13,6,25,14,31,20,32,44,16,38,41,74,22,55,61,34,32,25,4,12,14,31,35,13,7,17,23,29,16,25,52,10,48,22,14,40,26,74,55,11,30,90,30,50,29,23,13,35,33,15,53,43,52,11,7,19,12,20,44,19,44,19,47,13,39,67,17,16,93,5,112,18,26,35,17,7,15,14,32,12,16,18,77,34,62,35,43,62,25,55,66,22,23,50,25,26,26,27,32,6,13,35,29,18,33,9,31,10,35,36,71,27,9,82,29,10,11,9,40,92,31,28,13,13,39,85,50,15,100,15,43,32,37,55,38,22,22,20,52,44,19,32,14,27,10,16,10,38,52,9,21,31,12,15,13,4,53,34,12,86,65,10,18,31,28,4,18,43,34,22,97,34,66,61,36,71,33,29,46,9,19,26,6,13,55,6,8,26,14,8,11,24,26,30,13,25,31,30,25,30,45,17,23,53,65,99,45,42,32,32,43,17,7,43,66,15,23,38,7,25,28,32,7,19,6,58,8,32,38,4,125,20,15,40,83,34,51,21,17,12,38,12,28,
12.98,73,154,2255,1539,939,1378,43639,1535,190,157,96,1299,1838,278,168,252,30,195,490,22005,2730,1497,3604,1514,324131,20232,1123,212,15449,6147,11784,5459,3603,4093,89,4576,1493,3040,339,87,85,244,184,152,204,36,48,110,145,73,75,100,43,90,102,108,77,121,80,184,115,99,106,108,106,89,116,71,428,146,113,156,168,96,100,141,117,91,113,115,93,108,126,101,99,76,139,123,124,204,81,95,88,119,94,96,66,67,75,94,100,114,66,114,141,206,73,92,147,87,70,73,103,68,70,63,109,97,92,69,121,169,89,84,47,105,47,84,105,67,64,64,101,114,75,109,192,68,80,81,61,48,170,105,104,53,71,107,28,61,163,53,54,57,40,89,42,72,123,140,93,32,30,40,45,95,24,31,28,45,32,29,38,114,36,23,35,50,110,28,73,50,67,13,53,85,25,34,53,50,31,62,100,27,93,38,21,23,50,5,9,12,25,71,20,63,12,113,58,42,31,54,14,24,36,46,113,6,19,5,11,38,61,10,29,4,20,18,34,7,30,89,12,4,23,55,16,22,36,21,19,17,19,22,17,19,4,9,8,34,10,13,5,77,17,42,8,21,13,19,17,57,4,22,9,61,5,55,17,11,37,16,17,43,15,6,6,37,25,21,11,25,23,34,11,37,21,24,46,10,12,24,14,10,29,16,11,9,47,32,50,14,17,47,17,5,18,24,24,26,19,29,11,15,27,5,22,27,41,13,11,9,27,27,11,41,12,8,19,61,15,27,37,54,19,49,20,46,8,17,23,4,14,11,18,25,4,25,30,16,4,25,31,4,22,10,77,7,16,22,19,9,60,13,43,5,33,6,19,25,23,21,10,5,5,22,6,12,34,48,8,59,40,14,45,22,30,39,13,27,12,14,7,189,15,38,10,15,54,11,9,33,25,52,40,28,52,34,49,27,49,38,12,3,35,4,43,29,55,67,99,9,26,44,45,3,9,6,35,16,24,102,33,113,27,14,36,80,46,55,21,21,10,68,32,20,24,23,40,27,10,42,7,50,30,96,31,88,11,43,27,39,60,65,71,33,47,38,15,17,53,48,65,51,23,36,33,93,91,88,9,37,35,22,181,74,72,57,56,46,49,30,88,36,74,48,20,48,35,76,76,52,49,76,46,119,23,55,73,30,59,26,39,30,39,101,55,49,155,63,30,14,49,27,57,22,12,150,38,26,61,96,88,31,22,30,15,40,30,13,5,41,62,15,38,19,59,44,77,44,61,18,23,17,46,21,62,33,19,26,18,68,29,15,41,48,24,12,22,20,5,61,28,11,19,54,38,51,52,21,27,15,40,15,12,42,40,38,40,21,26,17,4,13,67,5,46,14,14,5,20,19,34,21,56,8,18,12,31,13,9,26,12,40,5,21,14,49,3,4,64,108,11,9,28,69,42,32,20,26,36,102,10,45,13,29,48,60,13,15,16,4,43,50,13,7,19,5,26,8,17,35,98,7,94,5,9,86,26,73,5,17,26,10,30,19,18,19,10,4,14,43,7,8,41,5,81,33,28,40,4,4,9,11,41,51,27,17,16,6,5,17,11,16,7,15,22,23,15,13,35,7,22,20,6,71,44,13,7,15,67,9,4,6,22,9,28,24,5,27,8,21,18,36,8,12,57,13,4,6,5,19,16,4,86,12,52,10,71,24,39,4,5,16,13,28,20,8,11,72,9,16,22,17,11,6,4,25,5,15,35,19,4,9,10,25,4,8,15,10,5,47,15,2,19,14,35,26,14,7,8,13,24,6,18,32,9,26,4,16,39,10,38,22,15,4,8,17,18,9,14,6,21,4,4,25,46,38,17,8,5,23,16,56,31,18,8,10,12,27,3,30,7,48,22,176,12,20,25,32,6,26,35,67,11,14,18,12,5,30,31,18,13,11,39,29,21,23,30,3,68,36,10,8,5,11,25,6,3,20,59,29,11,10,4,4,4,5,42,13,66,14,8,19,32,44,79,17,83,6,15,3,4,30,25,8,67,33,24,8,48,16,121,40,4,48,10,3,13,69,8,4,37,16,3,19,35,4,14,20,14,13,9,5,10,5,13,18,5,16,17,11,44,106,12,70,29,16,33,4,6,12,42,14,11,10,10,5,35,40,6,13,14,36,47,4,4,6,18,24,6,20,39,12,3,8,61,3,32,37,34,60,27,4,21,4,12,61,15,9,8,34,11,8,4,16,13,7,42,45,12,30,50,2,10,24,27,34,10,65,36,24,23,7,4,4,20,13,14,11,5,4,15,20,46,5,36,14,4,10,52,88,4,4,65,53,40,21,41,11,24,5,11,19,38,25,64,8,6,37,33,9,59,4,21,9,25,7,7,16,25,53,36,4,3,25,52,19,4,18,22,9,14,4,23,44,57,4,44,11,5,14,8,4,23,4,5,13,13,
12.81,72,214,2144,1010,677,815,33450,1559,38,173,442,7329,869,437,181,483,99,143,73,5937,3053,5203,4147,932,161965,7560,655,209,68662,2758,5215,1599,1502,3825,236,3060,305,159,196,46,81,292,232,187,122,103,118,123,267,292,137,102,108,106,109,140,137,254,131,121,168,239,91,129,140,275,123,210,228,197,192,171,326,131,188,128,182,171,123,174,142,185,120,132,116,145,206,89,68,193,125,101,127,92,142,174,141,129,100,110,93,99,111,119,121,192,80,118,153,94,155,112,163,110,90,126,116,84,77,126,200,72,95,149,141,80,88,130,74,84,93,148,58,123,81,78,91,86,90,62,78,103,75,95,53,86,104,90,154,40,47,100,50,91,71,71,108,116,424,151,105,69,89,114,87,88,99,51,87,61,27,82,33,37,77,47,81,87,70,51,94,76,75,24,43,97,64,93,50,87,60,25,24,142,32,57,88,49,41,63,56,30,73,84,91,43,18,95,104,69,19,49,13,26,178,68,50,72,45,27,30,25,50,59,54,38,11,40,40,29,24,82,125,84,45,197,86,66,32,56,30,39,11,39,28,45,19,32,24,16,36,74,34,113,71,78,17,30,46,42,48,37,24,9,48,45,19,51,31,38,73,60,238,32,22,28,28,39,20,45,7,79,20,86,32,41,42,50,56,75,21,44,28,18,66,41,27,56,24,17,20,31,22,41,36,28,15,37,14,32,7,47,13,81,99,74,53,43,24,16,31,63,19,27,41,29,23,52,23,48,41,17,68,76,55,35,46,20,20,44,30,71,20,8,24,55,46,35,19,11,29,26,31,30,56,30,10,40,85,41,41,17,11,59,53,44,25,6,60,74,23,31,47,23,54,38,75,24,35,160,40,40,15,33,5,73,33,45,67,43,17,78,75,46,25,30,24,93,21,93,19,28,34,52,25,23,74,29,28,70,30,46,53,87,66,25,77,127,8,48,59,44,207,28,18,56,52,79,27,21,14,57,68,38,25,73,93,90,54,37,49,61,77,64,89,31,63,36,30,90,65,21,108,47,73,40,109,75,124,67,71,115,69,72,74,52,81,73,39,58,69,44,69,7,35,72,54,79,64,70,53,63,106,70,93,55,35,60,93,35,74,81,53,53,59,43,126,66,48,275,69,61,65,25,40,24,68,60,29,70,70,56,73,59,63,26,80,37,53,48,35,39,111,56,60,39,25,36,51,32,25,34,29,50,63,84,45,18,119,127,41,83,31,16,66,28,49,65,59,60,12,60,47,45,72,114,271,21,40,33,40,38,55,14,26,32,45,56,32,99,62,92,68,141,79,37,34,68,89,107,100,85,36,16,72,88,39,31,51,35,25,51,30,89,27,98,41,88,56,57,26,36,40,23,35,44,57,17,18,52,57,43,95,31,11,40,26,22,41,39,67,22,15,62,41,66,142,49,11,39,31,32,28,29,31,31,18,40,7,23,46,58,20,28,43,13,137,55,62,49,47,19,91,68,15,18,30,13,25,23,8,17,38,17,30,39,36,15,69,32,57,83,6,19,21,21,23,21,43,61,31,10,51,23,15,13,66,83,62,62,7,42,45,36,15,45,61,26,41,22,24,10,25,15,36,30,43,72,15,45,61,30,59,30,7,70,41,4,13,20,48,22,46,28,35,25,141,50,45,25,14,19,45,55,12,26,44,29,26,19,47,23,161,13,57,27,6,11,25,115,8,45,32,26,16,18,31,24,10,28,41,13,6,23,14,14,29,77,29,68,13,33,52,36,33,61,37,10,17,24,8,32,36,76,23,17,23,58,11,32,18,6,7,27,36,76,26,14,18,18,27,29,5,22,58,16,47,22,32,18,70,51,7,8,13,19,16,13,58,32,55,16,11,37,23,69,13,6,27,16,10,8,15,61,35,28,32,26,60,21,101,37,23,21,19,7,6,31,4,11,13,16,18,29,26,47,58,11,12,39,19,38,18,12,9,35,61,87,24,35,5,26,11,9,34,37,28,29,73,10,13,8,87,11,112,35,17,58,14,44,68,56,34,48,52,42,37,94,58,47,52,53,84,30,20,67,9,45,56,12,3,32,17,46,44,17,12,73,12,17,134,52,59,42,11,14,38,20,16,102,33,12,56,15,11,9,60,16,13,59,58,17,19,8,6,7,25,6,21,66,11,16,28,28,8,24,40,38,70,21,32,61,7,8,19,88,53,8,25,23,82,23,20,32,86,7,32,29,13,6,11,27,38,5,7,64,9,11,11,29,20,32,29,22,60,17,33,21,67,13,53,20,29,45,54,23,28,19,17,41,41,9,68,26,65,36,18,151,30,36,36,44,7,22,56,30,45,55,18,13,23,28,13,35,18,14,19,11,12,26,10,131,21,16,23,19,25,98,62,17,18,5,29,55,106,10,26,5,30,49,8,16,9,132,18,8,8,4,14,
12.63,71,65,436,1012,454,447,758,168,77,1055,68,13957,557,208,36,93,69,199,34,3028,6479,6430,802,134,1381,168,2129,150,102257,510,2259,442,57,368,69,430,14,107,140,155,32,79,177,160,62,46,71,124,95,95,137,71,71,80,120,116,129,127,114,287,97,103,122,144,183,158,128,108,97,75,100,174,202,109,116,141,142,79,70,48,118,126,130,139,155,94,147,193,156,97,189,139,72,149,85,124,133,140,96,91,67,86,79,68,85,73,92,73,156,75,97,79,52,70,81,58,91,94,78,98,74,66,84,69,65,72,132,169,44,107,79,103,142,59,57,81,91,66,54,76,105,57,64,85,115,58,38,67,82,136,106,144,39,40,47,43,71,113,36,88,34,32,77,34,45,91,44,23,17,24,41,60,84,90,68,53,56,37,17,44,89,26,50,13,40,201,42,4,34,12,62,17,81,43,14,52,19,10,22,14,26,87,4,39,55,98,21,7,10,19,25,69,97,85,9,26,12,11,47,8,25,56,4,41,10,63,27,7,45,11,20,77,8,13,4,10,17,35,15,20,5,10,28,18,22,38,32,29,23,12,37,7,25,12,21,42,10,4,36,97,38,34,24,7,24,19,10,24,12,50,27,183,38,39,8,18,49,24,58,9,56,19,12,24,15,74,79,4,62,69,14,22,49,5,13,25,12,8,36,10,38,31,23,12,22,13,36,46,52,9,30,50,4,7,28,23,5,8,19,10,8,11,16,14,9,37,11,17,6,16,18,15,27,11,23,44,31,11,22,36,30,71,26,13,12,4,11,39,13,16,48,16,9,91,37,15,7,20,28,4,24,26,21,23,62,14,25,20,57,14,23,8,48,17,37,7,25,41,8,19,9,18,12,11,55,29,14,50,40,20,25,62,53,34,29,36,24,57,25,80,41,44,92,26,7,19,48,23,32,6,36,71,5,24,12,32,41,27,76,37,32,47,26,17,57,98,42,12,39,15,49,5,46,57,63,23,20,16,82,97,63,35,8,54,26,37,51,38,23,80,32,37,5,27,57,54,34,56,58,36,50,32,21,102,138,8,19,27,22,69,87,58,45,68,48,19,47,80,36,32,103,15,73,40,13,34,78,85,18,94,35,39,43,53,73,61,121,72,34,75,50,53,37,109,33,23,66,128,19,54,22,22,47,49,23,58,31,10,48,98,12,25,141,28,32,57,48,36,92,43,23,59,31,24,27,36,23,36,31,26,19,84,53,40,18,31,27,27,43,28,31,7,21,26,39,10,67,36,38,65,43,75,17,24,9,17,50,4,33,27,38,10,27,19,165,18,70,17,98,45,34,19,12,20,23,9,60,13,14,4,39,50,41,12,113,20,37,18,31,16,9,7,75,101,13,26,7,24,4,8,54,25,19,13,31,15,21,49,12,42,27,28,40,8,23,19,6,4,6,24,26,19,3,23,5,37,33,10,12,9,8,22,25,58,4,29,10,13,4,38,61,26,25,25,33,22,32,31,26,7,4,30,13,12,19,31,21,83,5,20,6,8,23,4,86,16,21,4,13,81,14,18,4,153,45,9,24,18,26,17,17,12,9,8,4,70,26,24,15,15,23,6,4,28,46,4,4,11,31,4,4,5,21,8,5,4,5,13,11,11,19,26,5,56,5,19,20,16,11,10,44,32,4,61,7,5,32,16,31,6,17,5,8,7,16,22,15,8,15,37,13,14,11,44,3,22,7,43,4,38,8,5,7,8,11,16,8,23,49,35,9,7,19,20,4,20,23,36,20,20,34,13,27,4,31,17,13,31,6,3,5,7,20,19,16,19,37,27,52,4,19,67,36,5,13,41,21,43,86,16,23,14,7,19,13,14,32,33,24,31,19,3,3,8,5,18,19,19,9,6,104,71,23,13,16,5,7,7,33,41,7,5,14,50,7,8,20,5,43,3,11,42,42,13,17,4,24,4,64,4,6,5,5,10,28,17,42,6,4,18,12,14,37,10,97,5,10,26,12,83,8,5,15,9,13,78,4,33,19,22,9,19,27,37,11,10,10,12,13,4,6,7,15,27,22,16,40,26,18,37,38,24,72,4,23,4,15,11,18,15,8,20,28,356,18,16,39,45,12,65,23,10,25,4,27,3,18,43,4,47,13,4,31,26,5,33,33,18,69,33,42,4,4,16,57,13,3,13,27,18,24,4,67,33,14,3,15,10,4,4,17,9,9,9,9,5,34,6,20,48,4,3,4,18,6,23,4,38,37,6,66,17,11,3,4,26,4,29,4,20,53,39,45,16,4,27,17,5,4,24,47,46,14,5,15,6,28,10,141,30,16,27,16,19,233,32,11,32,8,10,19,53,11,24,10,7,20,18,19,22,3,15,5,33,3,96,3,27,17,26,20,9,33,24,3,35,5,8,16,30,14,4,17,5,7,61,11,11,3,
12.45,70,122,1499,420,656,101,140,84,150,978,537,12639,290,154,110,123,69,235,84,6818,5905,3105,857,236,365,224,2826,209,75727,414,561,181,197,85,251,71,78,337,296,143,197,118,129,312,82,72,192,265,432,91,190,205,108,120,118,184,102,105,152,194,124,144,171,157,117,265,134,135,127,137,171,165,180,148,150,186,158,178,128,215,150,89,120,263,143,121,105,184,100,139,120,143,110,99,105,133,144,111,119,209,128,91,127,69,110,112,115,99,129,103,92,82,141,98,152,112,87,82,85,79,121,97,71,158,144,68,112,104,159,134,101,115,106,77,98,100,59,110,131,67,85,99,109,36,77,76,102,54,50,101,54,108,114,108,52,61,116,77,81,105,78,58,77,53,133,51,58,76,173,41,97,197,69,27,98,79,63,33,40,92,127,76,26,26,63,76,24,41,49,51,15,51,95,42,26,35,59,37,68,15,28,56,84,31,88,39,28,31,76,24,89,80,34,24,26,24,46,29,25,106,46,27,34,80,52,35,74,43,323,25,94,38,10,20,33,16,14,26,41,36,50,31,42,26,13,29,78,32,37,20,22,56,55,47,44,31,37,117,47,38,36,37,9,43,23,55,9,34,29,51,47,12,32,48,65,52,46,98,29,16,12,40,40,34,26,33,55,9,43,44,126,25,17,27,48,46,14,47,26,127,50,22,18,39,6,30,33,21,46,25,60,37,13,27,49,104,65,108,13,54,23,12,85,13,15,13,33,11,29,12,28,37,36,23,28,39,23,19,17,45,27,80,12,17,30,30,26,41,64,42,32,27,48,23,23,60,28,36,23,78,41,38,47,51,30,24,60,23,32,36,112,86,26,21,57,21,56,76,71,38,53,48,95,56,35,54,63,43,51,20,18,40,12,54,37,52,67,75,45,71,104,19,43,64,29,22,42,54,25,85,45,43,30,33,58,11,71,29,45,151,52,31,91,126,53,62,58,32,30,146,82,37,47,41,56,73,47,78,72,108,86,46,80,66,54,55,60,81,39,57,56,107,60,83,51,37,105,106,69,36,67,46,86,62,65,75,122,40,85,50,49,71,43,103,62,44,98,68,39,57,35,155,82,56,69,65,44,47,96,49,44,83,110,28,37,60,67,125,74,53,30,70,76,60,23,284,77,49,102,62,44,56,56,35,70,123,45,25,107,88,61,42,66,35,34,97,88,55,47,62,68,24,30,49,45,51,45,115,51,32,79,36,41,19,55,30,77,79,24,71,11,73,35,50,104,26,42,50,62,75,57,40,33,32,68,59,76,30,175,28,32,50,40,50,24,32,23,53,53,26,74,47,47,43,30,16,12,62,57,85,31,51,42,88,58,38,68,42,50,37,137,32,29,57,42,36,43,27,45,54,59,91,12,56,10,75,41,38,20,32,38,19,68,8,56,15,53,70,59,83,39,35,37,36,15,20,22,39,19,11,24,40,26,24,4,21,37,30,21,37,22,52,39,98,21,68,49,81,83,32,34,26,45,3,23,38,35,100,73,25,24,37,38,34,63,24,31,14,33,25,24,84,44,32,7,44,13,30,34,69,130,31,8,26,40,15,20,39,11,31,23,46,68,24,14,28,67,78,39,44,15,31,46,39,20,40,48,19,61,34,40,22,90,11,11,8,7,32,67,5,14,17,53,27,8,14,74,40,8,36,29,36,5,56,6,16,17,9,13,38,23,16,88,9,34,9,21,14,9,23,12,27,32,26,12,42,31,56,33,15,90,65,23,87,19,44,7,115,58,13,44,27,40,23,77,8,28,18,53,67,40,33,18,18,18,14,14,18,4,20,19,23,45,71,80,12,17,11,15,37,12,71,18,15,48,16,33,5,45,28,17,11,33,17,18,28,50,23,9,25,15,23,19,31,33,34,63,41,35,29,17,35,9,29,10,68,46,80,5,5,25,43,15,39,36,21,35,43,6,43,38,18,58,86,31,6,18,34,54,15,48,11,58,50,21,28,24,29,42,6,17,11,45,12,21,36,114,7,7,11,16,49,12,25,86,18,32,20,35,13,32,7,11,41,19,32,38,12,33,51,4,52,34,54,39,39,23,49,56,28,53,26,27,10,29,6,11,39,31,8,16,8,38,57,37,7,65,59,9,12,8,37,59,75,68,5,33,50,11,69,9,14,59,17,25,15,5,73,47,14,24,62,19,44,69,24,7,25,12,16,9,57,72,12,23,17,23,24,31,19,24,23,36,22,12,22,13,34,66,35,47,25,20,74,101,46,26,26,26,19,35,17,21,54,38,18,24,35,12,29,15,11,77,32,20,14,24,13,26,20,12,44,16,37,29,13,8,7,22,26,11,19,37,29,22,4,17,16,6,9,29,25,52,30,37,44,30,66,8,31,19,13,59,22,32,19,46,69,46,19,12,24,4,27,68,7,9,32,23,
12.27,69,4,571,145,127,34,91,61,45,219,79,1066,65,19,93,227,62,51,38,4186,2150,310,669,51,150,311,536,38,1271,126,81,250,58,155,78,7,34,37,210,205,88,84,58,100,53,72,48,318,197,128,185,145,67,276,115,135,98,137,83,182,144,119,85,192,148,86,98,110,193,147,99,94,96,106,138,104,87,128,77,115,112,107,81,121,77,140,78,133,76,92,116,145,108,98,64,95,132,144,96,99,96,195,62,127,218,107,63,83,76,125,98,97,132,68,62,162,80,85,107,67,78,64,61,80,49,105,103,97,144,85,79,57,165,98,67,91,51,92,124,61,65,45,55,42,158,36,120,41,33,72,19,87,37,29,104,68,49,61,38,90,34,18,59,58,19,118,27,63,27,18,18,20,96,19,71,89,52,59,63,23,75,17,27,81,34,45,45,48,26,46,29,31,64,36,53,13,19,60,20,62,38,43,65,19,126,73,20,37,12,12,31,22,27,5,28,11,21,10,35,66,58,116,22,39,57,30,19,24,42,33,4,9,44,11,27,19,40,12,29,12,53,12,14,15,6,47,6,42,36,9,44,17,14,10,6,8,18,77,32,83,6,54,14,28,12,5,15,42,14,4,11,5,5,28,23,14,25,10,20,36,32,15,4,30,38,35,60,7,24,23,12,33,28,82,21,20,62,14,51,19,28,34,10,101,12,6,16,23,11,27,46,19,42,34,38,29,36,6,26,42,10,41,8,12,26,17,11,4,34,10,32,11,183,33,6,66,14,43,11,34,136,10,5,12,41,13,12,62,16,69,13,41,4,10,42,7,45,11,29,84,4,18,89,4,58,19,37,44,6,16,57,19,68,27,10,61,7,16,31,22,9,59,20,20,39,13,10,21,4,17,31,68,37,5,6,4,30,54,11,9,49,31,27,39,31,44,127,61,48,73,13,61,47,41,39,27,42,40,37,45,55,42,18,16,48,34,8,34,58,61,29,25,47,26,46,34,43,16,80,51,29,56,18,59,27,43,29,23,96,81,38,23,62,15,87,54,57,26,44,36,51,13,49,42,57,109,87,58,57,30,35,44,50,13,86,41,39,25,70,49,35,23,41,33,10,32,84,82,32,23,38,69,92,44,25,23,32,99,37,76,89,96,28,28,62,61,94,39,18,13,31,41,28,48,54,17,16,44,32,49,15,57,16,13,10,29,37,14,15,48,54,50,55,17,80,48,30,7,101,48,15,56,5,27,62,5,36,41,4,26,25,40,21,9,47,86,15,44,13,35,61,12,27,17,36,14,17,25,41,47,42,62,48,29,4,40,57,2,33,21,29,24,34,54,40,13,8,19,21,92,7,24,19,19,39,15,52,20,19,9,28,43,8,11,4,4,65,41,30,33,7,46,45,51,46,5,17,8,62,5,13,94,13,12,5,16,3,7,105,27,10,13,18,14,14,13,11,33,32,33,65,46,11,16,16,4,15,34,36,13,5,38,12,9,10,28,79,15,31,19,17,22,16,4,40,10,88,40,12,9,53,88,19,4,9,39,9,29,6,5,11,13,20,25,46,14,11,13,49,14,26,27,42,15,100,31,38,28,58,17,5,22,48,15,15,38,23,9,47,36,10,8,19,4,19,18,9,39,18,34,18,14,10,7,14,6,30,37,25,7,38,7,3,11,6,22,8,30,4,46,7,12,7,69,3,21,17,7,15,29,12,12,5,27,12,61,13,43,11,25,19,13,15,10,7,7,52,53,34,12,41,29,31,15,33,6,4,69,11,3,10,4,23,21,3,10,6,5,20,31,17,14,4,8,61,23,12,6,10,11,13,14,9,16,8,5,12,32,38,57,44,33,12,6,5,47,7,15,40,35,21,10,51,5,17,4,14,39,42,12,19,5,15,7,8,3,3,9,5,50,99,17,15,21,4,40,11,5,25,9,6,33,6,2,16,33,15,15,9,7,16,47,20,4,17,11,29,10,48,8,4,21,8,55,11,13,78,53,17,17,10,16,8,7,38,4,7,24,27,5,19,52,6,26,82,4,5,5,14,55,18,3,4,15,31,28,14,19,9,14,15,4,37,26,17,3,19,9,31,4,18,3,66,5,6,51,10,20,4,13,13,47,5,47,31,26,41,47,9,39,18,4,43,26,32,5,19,9,21,3,7,91,9,13,16,85,13,21,26,15,11,25,7,6,16,20,8,5,10,16,4,5,33,39,3,9,41,3,40,40,5,4,42,56,81,24,16,5,15,20,20,7,50,42,73,19,3,15,21,9,73,62,16,56,11,22,33,9,4,8,3,44,16,31,18,14,4,27,7,24,8,69,41,21,26,7,22,14,6,39,8,5,17,15,38,53,78,4,25,4,9,3,22,60,11,26,17,24,15,4,6,3,8,10,22,15,27,5,5,24,4,20,5,7,3,58,10,14,10,
12.09,68,84,726,132,165,88,225,428,221,49,55,219,258,229,74,389,148,51,51,1646,447,557,659,126,279,251,81,140,328,122,131,264,390,102,69,64,69,180,88,323,117,123,141,288,118,226,85,150,452,95,256,109,98,141,135,195,122,174,158,179,167,149,146,323,146,236,105,140,134,120,89,132,161,127,142,148,119,171,149,293,108,133,165,83,182,104,137,106,130,130,119,77,104,166,100,96,175,171,189,131,83,122,149,109,151,177,184,201,73,102,165,144,93,69,103,125,193,108,124,115,98,109,104,161,94,102,112,114,93,134,108,102,120,95,85,74,51,58,76,118,56,126,113,97,74,111,54,195,117,122,92,83,57,40,97,99,80,29,107,54,95,40,40,48,64,60,47,71,51,45,64,68,98,47,64,158,42,58,37,88,25,61,122,56,14,61,61,63,44,50,50,60,62,72,66,94,44,51,21,39,44,146,28,10,51,72,21,55,51,13,29,61,36,36,34,46,45,31,43,51,99,23,52,40,39,67,84,8,23,65,34,71,13,50,22,48,36,45,62,48,67,20,46,59,40,16,32,24,23,41,43,65,22,22,41,15,32,49,36,66,39,35,32,22,17,66,36,30,42,60,33,39,47,50,15,41,26,46,29,30,45,19,12,75,12,26,20,11,41,87,13,54,58,30,72,47,26,51,92,68,22,13,38,82,18,20,24,21,19,25,28,65,25,58,33,31,29,27,27,22,52,36,74,44,77,35,43,24,26,7,35,61,56,22,37,23,77,61,27,39,51,25,60,34,56,41,37,64,48,35,130,56,22,30,49,31,54,25,33,44,23,33,37,67,55,72,36,26,60,119,24,54,23,46,31,27,55,38,27,61,38,65,38,28,19,30,20,31,69,112,40,86,92,29,51,39,106,48,54,31,39,51,48,52,68,41,96,51,42,72,48,61,44,47,92,77,56,72,65,56,69,24,38,109,52,57,38,101,49,52,81,57,35,97,34,29,60,35,78,40,70,72,98,79,109,41,69,69,79,63,70,94,50,121,36,38,70,65,67,37,90,71,42,34,104,64,50,34,45,116,60,148,73,83,53,113,87,46,103,46,52,30,56,97,50,55,76,53,101,44,48,104,61,99,100,45,94,96,72,63,51,32,51,48,50,74,37,101,104,72,19,42,92,36,34,48,55,82,31,67,94,47,47,40,68,51,77,68,43,36,111,35,54,71,67,41,126,48,44,71,68,38,49,43,60,66,44,43,12,47,87,32,140,51,32,57,45,71,27,29,56,43,72,12,45,42,39,34,55,86,119,85,42,46,40,94,48,34,55,58,91,15,14,9,105,26,28,87,24,40,29,38,22,65,37,104,45,118,77,11,36,65,45,15,49,16,12,13,20,59,50,63,32,12,58,6,30,49,42,48,33,60,9,55,45,69,24,28,69,14,13,39,19,90,13,98,86,20,92,8,14,53,26,50,21,8,11,35,54,28,20,46,23,43,104,34,15,49,7,32,33,44,19,24,13,9,15,28,22,23,13,56,50,32,32,80,41,65,52,74,18,32,69,21,47,30,13,75,15,29,24,50,32,54,27,30,18,14,53,24,50,41,23,106,26,28,14,30,13,37,22,20,11,195,20,55,18,20,17,22,33,25,16,16,35,63,22,21,40,8,43,31,28,17,55,13,40,7,50,32,12,57,50,49,32,10,24,27,15,65,37,32,34,44,18,22,22,45,27,8,26,46,22,29,21,16,27,62,26,15,22,14,10,29,20,20,19,8,18,35,26,27,7,10,30,10,42,17,26,27,36,10,12,5,11,9,32,44,77,21,31,35,51,8,11,13,11,28,31,62,55,47,24,22,52,43,53,31,48,11,21,22,71,87,15,18,45,22,54,36,32,24,23,35,41,31,12,10,26,33,37,19,46,78,75,37,35,15,14,45,18,42,53,7,10,6,33,37,28,72,31,79,17,26,28,25,11,27,84,17,36,7,21,16,18,21,17,17,11,41,36,25,9,48,17,21,89,19,11,15,36,12,14,53,15,45,25,17,17,92,65,37,64,40,33,19,47,18,23,7,54,6,20,25,51,30,55,23,35,46,11,63,19,51,4,12,160,23,39,10,41,49,174,26,29,43,133,11,10,23,38,14,21,33,11,20,83,15,17,60,28,25,21,19,36,100,32,30,23,25,16,58,18,15,19,83,20,38,53,32,103,15,78,26,16,9,8,64,23,4,92,29,23,24,7,37,13,65,33,11,21,20,9,39,14,21,8,51,21,40,85,37,30,13,9,49,23,53,58,14,36,59,22,18,22,10,21,32,5,8,47,67,42,5,85,26,21,14,10,23,15,78,8,14,27,12,76,31,13,27,30,10,8,49,7,23,49,12,12,62,40,21,26,51,24,31,48,5,57,133,12,13,18,10,24,26,7,11,18,
11.92,67,270,25,169,54,17,31,332,116,69,83,58,35,32,53,80,120,39,34,218,37,273,120,21,22,174,136,16,21,17,153,29,63,129,56,55,69,118,304,128,44,147,318,39,97,128,116,137,145,167,172,109,102,119,159,219,207,146,132,141,242,59,133,103,107,114,111,121,135,95,134,98,134,85,172,131,87,94,145,102,119,123,107,122,99,125,260,116,94,145,103,152,100,102,102,81,108,129,78,124,148,134,117,90,73,212,106,124,90,57,141,97,77,129,52,87,62,99,103,58,57,77,76,125,85,77,65,72,78,49,54,96,82,66,90,52,49,107,65,117,99,93,46,59,60,38,82,59,60,61,68,169,53,56,80,91,26,19,50,114,63,34,31,37,39,8,118,25,46,10,71,43,77,64,32,13,37,19,35,90,70,28,16,75,11,33,17,8,30,105,54,29,74,11,6,20,50,38,51,74,114,48,19,8,58,18,32,76,59,11,20,15,11,84,33,21,45,39,16,8,19,8,12,75,51,13,7,119,26,29,15,22,63,42,91,12,21,30,6,34,12,20,86,48,90,41,51,15,21,4,82,17,22,77,6,12,14,13,18,15,10,25,39,28,35,8,55,43,42,14,5,26,20,18,48,12,29,58,19,7,23,229,9,12,11,16,20,21,29,4,5,34,58,25,36,22,6,11,5,8,6,10,27,7,11,15,12,15,35,10,8,8,11,19,6,15,12,17,6,12,28,13,15,16,35,38,69,15,31,64,14,13,10,7,35,7,17,64,29,6,9,59,19,27,32,40,8,57,55,12,142,27,52,17,19,26,30,31,16,38,4,6,42,13,51,57,10,30,75,20,20,42,14,19,22,41,29,8,35,22,5,82,22,87,12,20,13,35,26,52,79,37,63,41,64,50,29,63,4,50,98,60,25,36,51,44,50,30,68,41,24,27,44,50,40,43,24,41,65,47,40,15,49,109,79,43,15,36,70,26,36,19,27,59,36,82,70,52,102,51,25,69,37,81,19,23,55,33,32,34,54,43,22,13,126,74,32,53,62,27,36,31,43,42,43,39,63,20,55,34,67,99,36,27,9,66,45,64,94,62,12,28,41,45,122,58,58,34,25,56,29,51,28,9,74,7,20,172,62,46,49,36,42,59,86,25,53,39,90,56,26,49,96,46,85,24,46,38,11,106,46,99,60,30,61,15,84,62,57,29,9,28,18,93,33,76,67,26,64,15,92,15,17,27,44,40,20,5,61,15,12,94,39,62,87,28,42,27,18,16,14,4,27,58,36,6,32,18,45,14,38,10,48,18,26,10,6,9,9,22,5,18,46,46,43,23,33,53,9,38,3,4,37,8,3,16,31,23,69,34,4,5,42,64,55,11,19,4,13,5,47,14,36,13,38,14,3,9,21,12,14,3,9,42,56,15,15,8,28,33,11,24,20,48,7,65,12,12,41,9,13,25,30,24,26,14,51,11,85,8,18,12,3,67,83,18,49,10,7,7,118,22,67,24,43,53,16,18,4,20,47,9,6,96,11,43,40,10,31,19,9,22,18,25,18,92,17,19,6,29,17,8,58,42,8,35,50,35,11,11,12,60,52,2,44,18,33,32,43,28,29,5,10,27,11,3,46,34,11,19,5,12,10,10,10,4,4,65,25,13,10,4,42,48,4,28,20,25,13,8,16,3,15,5,10,3,3,4,39,26,4,34,32,29,6,5,63,13,28,23,13,52,7,14,40,12,9,7,38,13,7,5,44,66,38,57,14,41,20,4,49,52,30,16,14,31,7,20,7,13,20,20,39,15,47,5,19,3,37,53,9,4,28,11,3,18,4,9,18,32,58,54,15,4,27,31,9,16,11,7,4,23,6,11,10,13,77,50,14,26,13,22,25,5,12,44,41,11,3,5,11,5,26,44,8,7,8,16,7,4,27,4,30,7,7,15,29,3,6,12,4,20,40,11,5,19,11,9,11,6,11,12,12,18,5,35,14,4,11,7,41,4,3,60,8,8,7,26,7,43,47,12,12,30,49,69,48,60,92,32,10,22,38,9,4,16,13,6,30,26,15,14,6,37,14,8,16,51,32,37,17,4,7,117,6,7,26,57,43,8,27,4,43,9,8,31,24,4,13,9,7,7,64,34,9,15,22,9,27,21,21,7,4,32,22,29,71,16,10,11,33,25,4,11,19,10,25,29,4,5,58,12,31,22,36,25,60,21,10,5,35,26,28,25,11,6,16,28,6,6,42,24,21,39,3,16,13,5,10,7,5,18,7,8,3,6,5,6,18,3,33,2,11,7,25,28,6,23,11,16,17,34,8,6,14,5,4,23,8,12,5,11,5,8,44,46,6,18,6,9,35,26,14,26,45,4,10,27,81,17,10,4,6,12,12,6,4,5,24,13,7,8,51,13,49,3,6,5,62,
11.74,66,179,57,125,275,127,58,72,52,61,39,71,285,201,38,55,51,58,83,506,54,99,347,71,264,78,40,184,167,45,250,95,184,108,157,76,97,97,230,239,126,107,192,104,248,127,144,139,221,199,147,159,137,187,119,230,135,242,199,226,157,126,126,134,126,139,116,100,178,142,123,140,113,155,121,159,158,132,151,122,173,147,138,96,107,155,99,124,143,114,160,128,180,111,115,190,184,99,97,127,123,82,89,102,145,138,143,192,194,106,137,91,148,152,100,101,84,96,106,75,92,103,146,116,109,84,65,169,109,98,69,101,63,55,91,68,108,95,83,40,47,53,68,84,136,61,69,81,124,112,70,150,122,59,41,76,87,101,49,117,22,82,49,79,34,56,44,90,46,155,38,48,29,34,57,75,56,24,70,78,63,63,80,24,55,83,32,103,24,46,67,21,92,61,164,31,46,56,53,57,68,52,76,45,77,102,70,45,15,67,93,48,24,94,26,22,16,74,87,48,43,46,15,55,19,54,81,24,57,37,51,30,16,15,68,35,13,36,40,155,57,32,48,40,33,41,37,21,67,21,51,59,35,70,22,65,66,62,24,18,80,33,15,21,26,19,46,22,50,131,43,27,17,50,7,36,13,17,45,17,15,26,70,27,9,15,13,25,14,16,34,23,24,21,14,32,15,21,6,75,30,23,22,77,59,19,55,31,60,106,15,52,75,60,31,21,79,11,49,18,52,43,19,41,23,17,42,63,29,7,49,36,15,15,28,39,45,53,36,15,19,16,70,17,35,35,36,46,59,49,126,23,47,29,96,28,86,58,82,94,37,60,22,75,18,66,15,43,80,53,22,38,22,35,89,96,35,117,58,55,36,55,48,122,53,48,42,53,84,87,96,43,31,57,47,82,63,85,42,91,50,38,119,87,43,70,47,93,44,64,61,97,79,51,29,65,29,50,50,59,127,49,75,80,53,46,109,61,51,106,91,81,57,73,53,61,77,37,110,50,79,37,57,30,67,88,77,52,88,112,49,65,62,47,82,125,89,39,84,111,69,94,58,63,63,48,36,41,89,28,77,103,74,51,56,63,82,53,74,53,40,55,309,51,92,92,105,40,25,62,48,37,31,44,49,136,68,42,55,79,30,72,76,39,40,95,52,36,95,78,23,61,76,45,16,121,74,42,92,29,152,34,45,95,61,84,40,63,39,16,89,35,78,101,63,22,37,53,43,108,25,43,77,44,33,61,51,50,206,60,72,51,69,77,18,37,60,36,33,61,36,24,34,41,45,20,40,44,134,15,36,54,30,17,56,46,16,48,18,35,43,91,25,74,31,50,53,65,76,109,35,12,35,18,47,39,27,21,12,55,38,72,18,36,32,65,61,39,21,18,10,37,9,18,75,22,42,37,29,19,32,31,27,22,97,55,33,20,43,37,66,41,13,24,27,27,7,37,24,17,42,151,21,13,36,29,32,45,22,29,34,28,33,69,73,39,52,15,36,38,34,48,52,21,54,41,40,34,49,60,5,13,34,25,44,37,20,22,32,23,11,31,28,12,40,29,48,57,8,41,82,46,5,58,26,24,16,32,47,13,25,8,15,30,46,43,23,63,33,14,21,34,54,6,26,44,23,26,51,15,38,16,51,32,28,23,31,14,6,34,36,5,13,69,27,9,16,26,76,50,4,23,24,50,21,32,42,14,13,37,28,18,47,17,20,32,16,6,9,17,19,7,7,19,28,13,9,40,56,13,24,47,42,12,10,14,17,105,17,35,106,12,9,29,5,20,24,26,45,37,29,14,12,25,55,66,5,21,18,97,21,13,29,13,29,32,20,48,42,89,22,22,30,6,23,26,12,24,34,16,13,11,12,37,33,44,41,19,8,27,83,21,16,103,62,20,18,99,3,27,27,70,7,29,29,25,19,30,18,77,31,51,19,53,20,32,88,12,17,43,30,21,16,24,102,7,46,12,23,16,25,32,60,29,28,48,87,14,9,26,18,17,16,57,37,49,18,38,45,23,30,22,8,34,25,33,42,42,41,46,67,91,37,28,22,78,39,34,29,18,29,19,31,28,22,24,18,37,14,9,18,10,20,20,35,38,21,13,66,20,52,46,42,23,21,82,40,51,28,20,58,16,69,26,17,11,55,42,26,15,9,13,13,24,14,20,13,29,16,24,7,43,34,15,79,34,30,14,39,21,41,30,16,10,39,20,57,22,66,21,51,53,42,57,14,16,29,22,27,22,29,46,17,6,89,31,22,55,5,47,4,18,34,8,53,22,18,8,10,32,26,50,26,13,40,4,35,57,21,13,26,20,119,29,43,15,55,36,5,23,64,37,16,43,48,29,9,24,40,25,18,34,89,23,68,12,8,10,59,48,21,32,23,43,25,25,16,28,8,6,44,47,26,9,51,22,20,23,6,
11.56,65,17,50,36,34,41,47,193,41,17,69,23,234,41,54,122,41,87,37,214,45,16,178,46,140,132,11,182,137,50,119,76,41,172,54,253,132,302,154,171,61,305,167,185,78,183,86,105,115,98,123,75,97,102,112,136,128,119,169,143,127,120,111,130,101,101,201,128,86,89,146,106,113,139,134,89,100,185,89,71,192,161,68,124,90,126,104,141,96,67,76,120,72,112,187,82,113,125,83,89,157,142,100,100,105,74,81,108,48,110,76,116,81,80,104,84,91,138,174,96,75,72,65,88,71,121,88,71,135,55,58,20,53,60,53,28,92,87,58,45,34,103,53,36,71,36,51,65,64,116,42,64,101,23,51,46,15,23,49,53,42,91,20,87,54,24,41,30,33,27,34,17,15,41,50,15,53,27,54,71,4,40,56,69,50,28,33,56,47,29,26,42,25,39,163,28,40,79,49,16,40,7,35,14,46,18,10,10,36,34,11,15,23,46,25,47,38,18,7,62,6,22,15,5,11,23,17,28,13,50,40,9,55,120,11,13,30,45,58,7,8,26,69,36,29,61,12,21,17,41,78,21,27,97,14,31,16,33,68,87,34,28,59,29,25,9,60,8,23,52,20,27,61,36,10,13,19,36,13,13,12,4,16,51,17,9,39,38,36,22,6,26,49,38,70,9,114,14,12,24,18,65,15,5,31,32,26,20,33,4,15,13,15,24,13,5,6,24,50,22,19,25,14,7,24,17,15,87,33,9,6,7,32,5,9,16,7,5,13,85,12,41,10,19,18,30,23,44,52,39,13,12,40,16,36,29,15,64,29,10,27,9,11,15,21,51,35,46,48,14,14,113,22,30,39,4,10,32,18,26,4,45,10,44,47,40,72,30,43,39,38,52,64,7,42,70,34,68,40,27,24,32,41,20,59,48,73,32,86,27,75,19,63,43,45,34,31,111,62,78,55,31,46,48,15,51,65,70,45,57,111,32,19,31,82,34,75,34,67,51,49,100,42,18,55,68,116,32,32,33,29,64,43,36,27,29,44,43,58,51,35,77,36,19,73,19,53,20,52,35,33,79,61,69,64,24,50,50,21,30,48,80,36,44,31,65,42,31,20,77,49,19,52,17,52,25,42,18,59,39,44,23,21,52,19,35,18,81,32,13,18,58,10,42,61,14,29,34,44,39,12,27,52,60,46,34,28,35,27,50,19,28,16,19,102,26,47,24,56,18,26,51,30,14,25,33,10,75,26,12,27,67,49,91,48,39,60,13,155,50,26,11,47,23,71,35,9,9,56,18,10,28,22,44,45,12,29,25,54,8,12,32,34,46,4,25,12,6,8,30,10,4,15,66,30,5,46,13,28,4,29,27,27,10,8,3,89,15,20,15,14,20,14,41,22,50,21,3,7,23,39,20,5,9,10,43,16,15,18,21,14,4,53,24,26,4,17,27,3,5,13,6,26,4,7,3,13,73,82,5,25,20,5,27,39,47,41,41,4,16,5,27,34,6,14,17,4,14,5,9,45,48,21,43,31,4,9,26,6,44,15,9,9,15,3,33,5,47,39,7,7,26,18,20,20,21,55,26,11,30,4,64,15,18,8,19,15,9,60,24,7,8,4,13,18,17,4,37,23,5,13,24,36,11,14,6,68,33,42,31,6,33,29,6,6,18,11,8,14,29,12,61,7,4,4,23,12,18,9,44,49,12,40,6,17,18,21,28,24,10,4,115,4,4,7,5,20,8,27,18,20,10,13,17,5,14,29,33,7,37,6,10,5,3,33,26,32,69,31,35,72,39,19,10,21,12,49,18,40,16,36,35,69,30,32,17,21,6,43,34,32,20,55,27,11,8,67,3,11,38,11,17,5,3,9,52,26,3,10,21,21,8,36,4,4,18,18,22,15,41,10,11,12,17,60,76,9,5,35,13,18,23,32,7,14,7,32,43,10,7,39,63,76,35,17,24,62,13,12,17,6,4,34,26,4,58,8,20,22,5,6,5,9,8,6,16,3,18,51,3,31,5,41,19,42,13,17,7,13,3,9,3,10,21,29,6,25,11,25,14,49,7,27,4,5,46,35,17,14,5,24,4,6,5,39,25,6,30,10,33,15,15,7,25,14,22,36,27,113,43,57,20,7,56,16,3,45,5,15,37,13,9,17,22,10,108,20,44,21,10,90,9,4,24,16,14,15,59,83,15,32,4,3,4,7,56,42,19,7,30,4,38,5,18,5,25,32,72,5,14,18,5,25,24,6,16,5,13,5,5,5,5,12,54,15,35,10,6,21,9,14,19,13,21,14,16,3,4,8,9,13,5,20,4,3,45,12,8,5,38,48,10,13,5,4,34,36,4,12,16,91,72,5,9,8,7,3,4,17,5,13,12,9,29,4,6,52,4,4,5,11,52,55,28,3,4,4,7,25,
11.38,64,61,118,45,181,100,184,202,96,95,66,138,102,121,45,74,62,78,60,161,63,155,39,34,96,77,97,105,96,67,172,55,103,131,171,97,89,132,205,129,113,100,290,160,128,133,135,184,123,124,162,159,146,161,172,166,183,119,216,182,157,156,144,158,139,273,150,120,119,164,147,90,155,182,142,143,145,198,112,106,219,121,138,143,173,116,152,190,184,182,134,146,118,136,157,153,129,115,135,112,180,100,126,160,111,129,110,125,108,153,119,181,75,124,152,155,160,134,144,70,51,116,115,119,144,133,73,114,91,49,138,50,86,64,106,95,97,71,62,88,57,90,116,107,76,50,79,93,72,58,48,84,108,47,102,106,63,66,64,43,62,59,85,41,55,66,65,101,37,95,22,51,34,64,35,60,34,76,96,95,56,27,40,51,59,30,33,77,57,37,92,92,45,48,58,80,29,83,35,63,41,47,20,32,24,48,21,69,36,76,28,56,34,58,33,109,24,17,17,63,47,95,51,33,20,12,97,61,53,50,50,80,23,18,62,29,39,56,30,47,15,50,9,23,110,35,25,76,77,29,96,59,31,43,96,58,21,42,14,21,52,9,15,100,41,25,47,25,46,10,48,51,26,119,57,37,26,87,18,63,35,16,27,21,6,10,18,23,20,70,28,21,25,35,36,90,62,36,49,11,71,16,15,41,13,36,13,63,17,58,18,10,49,31,35,21,24,21,22,35,15,41,24,41,160,21,62,21,34,29,29,41,17,31,39,10,52,16,45,43,86,39,51,17,30,105,25,24,32,37,32,59,36,48,45,83,107,54,57,85,49,31,36,66,86,37,38,38,22,18,27,60,47,83,22,32,87,84,54,81,112,78,38,66,45,160,55,144,49,114,66,45,34,35,55,77,151,88,86,122,103,49,109,54,53,37,64,65,57,107,84,34,73,66,87,74,73,63,60,93,87,89,108,84,66,23,82,54,84,43,87,37,39,73,131,85,59,80,87,77,84,128,81,99,83,29,70,44,83,104,42,63,130,91,85,90,63,131,73,99,69,37,68,121,49,87,62,26,94,61,144,122,87,48,106,78,51,106,53,82,58,54,94,76,135,94,65,56,55,79,44,31,60,39,46,43,59,63,46,37,70,64,71,42,91,90,14,60,62,57,39,61,39,90,66,64,38,82,37,118,51,54,38,35,61,55,49,30,97,72,81,36,57,60,61,114,65,29,57,42,39,61,66,27,38,33,56,81,75,80,45,28,60,31,106,70,27,68,9,54,19,19,53,30,56,18,55,51,61,28,55,104,49,58,65,62,30,51,9,44,32,55,26,52,23,22,38,37,22,57,93,49,41,44,14,80,51,90,67,65,44,37,22,18,54,55,45,67,75,32,21,77,56,19,145,10,17,20,27,28,12,8,17,17,28,56,17,11,52,10,10,42,17,5,26,45,37,156,28,56,42,25,34,40,72,25,20,84,64,34,19,42,38,37,46,24,35,46,14,27,69,53,42,63,7,10,48,17,27,31,25,50,46,21,27,28,39,27,15,27,20,26,24,81,18,13,24,21,10,88,46,28,5,20,23,55,16,31,28,67,48,7,145,17,52,12,29,8,41,18,20,13,31,20,39,7,28,16,44,33,49,50,17,36,15,9,10,10,12,21,19,7,18,16,22,42,35,12,85,8,69,30,49,54,36,58,20,54,31,18,7,14,14,30,5,28,39,52,49,14,11,19,10,24,10,25,57,65,14,38,18,56,5,77,53,40,4,46,23,38,34,22,54,49,43,7,35,62,25,25,59,46,29,57,58,11,32,25,40,17,17,66,70,9,26,59,15,37,44,12,26,29,4,34,36,27,86,18,70,92,46,52,15,36,18,66,75,18,38,20,10,32,118,89,17,47,83,32,8,66,19,25,42,20,9,37,53,21,18,8,86,22,11,51,29,44,35,7,32,45,6,24,80,15,74,58,105,29,15,57,23,40,33,55,107,13,22,56,66,4,136,18,22,12,76,30,11,24,224,34,33,14,5,60,23,28,43,44,52,24,22,7,43,51,100,29,28,30,48,19,61,8,67,18,14,26,13,26,69,36,16,10,36,39,33,21,10,55,10,42,11,38,24,33,31,29,13,39,39,47,22,63,30,79,50,31,26,72,26,57,44,35,16,23,5,11,65,40,59,26,46,94,18,45,46,41,14,13,14,38,30,29,15,7,186,97,41,43,49,41,29,15,17,46,12,5,24,50,3,16,27,35,31,14,16,22,14,29,74,11,23,15,10,26,44,7,15,50,17,42,32,29,9,33,51,7,7,40,15,54,5,30,48,8,8,17,151,16,54,29,20,22,17,14,13,16,5,6,42,29,117,42,42,7,9,11,28,16,12,20,34,13,23,13,8,62,45,25,61,12,171,64,13,78,82,40,4,9,15,
11.2,63,32,34,88,85,74,46,31,38,55,139,73,12,89,98,111,37,27,20,257,22,186,31,191,58,24,18,42,107,52,261,72,15,109,57,86,87,73,127,127,77,120,95,65,128,112,278,223,133,171,201,130,99,123,137,150,115,154,124,200,161,96,118,106,141,91,208,106,150,122,160,79,142,159,97,96,115,116,51,143,78,121,127,183,137,135,99,110,160,67,158,101,79,153,99,96,99,109,113,113,68,87,121,112,78,93,218,146,124,119,124,64,71,118,81,113,81,82,93,102,123,59,82,83,103,73,46,117,62,79,90,66,113,37,21,46,56,78,36,142,98,90,48,73,48,48,52,50,26,31,41,89,28,62,28,45,33,37,29,32,34,36,70,50,42,65,47,56,16,105,43,29,53,27,15,26,27,37,46,24,30,25,30,73,7,37,51,36,35,12,17,11,41,23,62,143,25,57,9,13,10,31,8,69,10,8,34,35,19,13,13,14,8,20,36,31,4,5,43,10,14,30,28,22,11,7,140,34,10,26,33,6,38,16,16,15,21,30,103,45,34,5,40,14,61,5,9,60,38,12,18,66,39,22,16,15,20,25,16,20,26,89,15,22,14,55,64,26,11,21,44,24,38,17,11,22,24,31,49,95,20,12,15,26,7,18,58,22,63,5,30,15,37,20,15,21,8,36,6,29,65,26,79,267,43,11,17,17,8,25,54,43,4,5,38,9,20,32,39,14,12,10,6,82,25,49,11,19,4,14,18,19,4,27,52,57,36,7,33,38,55,99,54,10,15,7,8,28,23,10,31,31,22,6,46,45,29,8,9,49,29,30,25,15,15,128,33,12,68,58,52,22,73,58,35,69,68,160,40,36,53,36,13,27,40,16,20,28,34,15,47,34,32,52,48,9,34,35,29,49,19,17,59,107,48,71,20,80,30,75,42,65,95,72,64,61,67,58,57,61,45,76,58,83,42,65,81,79,58,24,56,33,67,89,62,19,34,86,67,53,39,93,29,46,106,36,67,8,80,68,45,32,35,101,42,84,33,113,33,42,84,66,89,48,82,86,52,108,53,94,53,76,77,70,63,20,70,94,79,54,35,50,29,44,35,59,46,8,56,48,30,34,54,74,34,19,52,96,91,35,58,51,55,26,35,25,23,34,95,29,43,103,99,49,26,31,70,44,50,4,185,60,37,14,67,9,78,22,21,30,31,68,15,36,33,130,35,11,24,35,16,27,25,31,26,52,68,24,29,38,62,65,32,6,14,44,22,53,45,6,8,17,10,38,12,23,47,90,40,14,13,32,13,94,58,26,7,4,9,89,20,11,25,24,50,64,3,27,13,10,53,40,35,23,9,42,9,14,4,11,3,6,5,24,44,13,10,27,36,11,6,50,37,3,19,72,11,56,26,12,246,25,16,32,13,82,5,3,9,60,41,42,13,28,9,31,16,20,16,27,8,3,4,19,97,5,7,5,9,6,66,29,48,30,57,53,10,18,11,20,16,14,19,37,14,16,7,59,17,51,30,10,19,25,31,6,7,14,3,34,23,40,18,22,3,42,27,6,10,55,7,21,15,43,45,11,8,49,4,26,3,52,17,52,54,25,7,11,2,15,6,29,28,4,11,18,18,7,18,3,10,15,4,5,30,6,4,13,7,23,5,5,15,5,24,4,6,14,3,5,16,15,52,8,3,57,35,18,9,3,6,4,13,8,2,6,17,42,17,87,54,5,4,5,5,43,13,24,8,13,14,8,13,27,48,3,4,50,43,2,7,28,13,8,32,4,17,28,4,4,10,10,12,60,12,14,10,22,11,10,8,16,65,22,5,27,27,10,35,35,24,14,16,8,9,5,22,7,20,12,12,24,41,23,13,19,28,64,8,24,4,59,12,68,4,31,34,18,24,46,34,21,7,9,36,30,33,12,22,36,32,42,17,6,39,3,7,14,24,19,3,10,22,53,7,5,8,10,6,10,4,13,14,27,5,15,20,14,5,16,34,46,16,4,12,64,42,38,21,7,12,3,11,14,21,26,20,40,5,5,28,8,28,10,37,4,23,24,155,32,6,37,15,21,43,12,16,20,3,21,76,22,9,16,54,37,13,3,19,45,82,23,37,30,31,26,40,71,20,5,7,12,29,9,4,69,43,4,3,31,51,4,11,19,37,5,11,127,36,18,17,20,13,22,7,43,32,25,13,13,29,3,10,5,4,12,28,8,4,2,11,8,9,44,23,14,37,4,78,20,5,62,12,35,18,12,3,39,13,5,19,15,60,28,4,9,13,23,18,9,4,16,26,39,5,5,3,52,9,56,73,3,34,5,9,16,11,31,9,7,3,11,3,4,12,7,4,11,4,89,11,5,5,12,30,7,5,6,56,4,17,4,10,6,6,36,28,21,16,7,5,102,4,9,4,151,19,3,5,
11.03,62,31,63,190,40,54,118,64,76,75,76,89,57,62,34,71,49,71,70,418,55,305,178,92,45,65,102,67,55,87,211,77,144,141,165,93,175,148,117,105,113,170,182,161,129,163,241,133,190,138,190,168,165,157,120,187,194,141,203,130,146,132,160,124,255,127,96,143,159,136,114,144,164,115,95,166,162,131,95,131,116,91,98,165,129,163,132,107,103,174,146,154,134,120,129,92,129,170,102,120,129,113,122,160,135,120,122,158,145,97,157,80,73,72,126,103,154,124,112,79,85,132,161,95,156,128,158,93,122,76,88,97,73,77,112,64,64,128,54,92,65,55,149,119,122,67,132,41,119,99,113,107,63,85,42,82,46,61,56,69,85,59,43,71,71,50,93,78,51,58,50,298,62,63,31,28,40,60,46,109,72,57,53,56,69,19,39,48,74,31,61,45,52,58,121,31,73,40,59,67,54,51,50,21,72,49,29,21,42,39,116,76,15,21,30,49,19,45,65,49,52,81,19,21,34,40,42,22,39,85,11,61,44,43,83,16,46,50,43,21,44,24,37,29,32,24,45,82,59,27,44,28,49,23,33,20,57,19,30,58,20,69,32,16,22,76,27,23,49,9,23,59,50,27,28,48,23,22,32,44,50,82,28,71,39,38,36,51,58,31,14,29,18,28,20,14,151,41,46,33,69,96,80,34,36,26,33,77,59,44,40,8,26,41,13,58,82,48,21,28,23,55,18,14,103,79,94,27,46,28,45,20,24,48,56,6,22,26,27,25,19,9,116,14,97,68,70,30,98,16,58,26,36,53,44,43,24,64,39,46,36,74,51,43,79,66,73,44,74,53,121,84,44,97,30,72,70,29,69,104,106,129,72,28,20,63,80,31,47,63,31,21,71,52,104,65,65,73,52,72,45,159,81,74,50,49,57,87,50,62,77,100,72,52,73,36,71,136,61,89,59,74,65,56,105,51,71,75,96,69,95,56,87,39,103,86,83,123,106,98,59,79,81,136,92,105,93,70,113,37,238,124,60,104,64,52,48,80,75,58,87,46,45,61,67,53,96,71,72,97,42,47,72,57,38,77,61,88,60,80,92,97,93,54,141,103,62,51,32,102,117,79,31,61,54,61,140,141,65,67,57,60,51,21,37,25,86,24,45,35,23,59,66,47,87,42,47,51,37,34,293,67,96,35,36,68,45,49,28,53,69,51,39,53,70,36,74,32,48,52,130,81,72,60,96,40,49,63,77,61,24,67,27,42,29,60,37,35,35,43,64,71,29,23,31,34,59,67,11,21,5,18,46,90,35,7,19,52,36,27,41,31,96,46,96,35,35,35,53,15,25,22,49,44,41,62,6,42,28,26,55,29,35,26,94,36,15,17,45,27,36,32,21,80,43,11,33,32,74,15,7,47,17,21,13,22,81,124,38,14,12,94,62,35,24,21,28,27,8,44,101,92,39,25,17,44,54,43,44,73,63,67,49,49,39,67,61,24,13,35,58,59,28,33,58,30,14,55,46,16,14,20,55,51,9,44,18,46,41,61,20,22,29,49,29,52,35,68,15,17,7,33,17,7,25,11,10,8,19,74,43,10,50,22,79,38,76,22,19,68,25,24,55,11,37,12,9,47,55,14,75,37,27,19,70,38,24,19,21,29,23,20,56,9,13,132,104,18,38,21,83,64,41,4,81,14,40,5,50,7,41,24,54,70,46,32,75,45,18,29,13,9,17,15,26,7,12,16,32,19,40,5,25,27,22,32,33,7,9,11,25,64,88,59,28,13,39,14,46,25,10,26,33,22,15,63,30,16,78,8,28,19,42,37,23,24,10,11,18,57,14,165,73,126,22,5,70,37,44,43,14,35,50,24,9,4,52,46,16,10,23,15,27,38,51,22,49,19,32,29,60,18,25,30,29,29,38,65,59,30,29,10,47,20,45,17,36,47,11,20,28,31,44,13,52,33,27,28,7,42,105,15,4,17,18,7,31,8,39,31,17,17,76,49,31,30,17,38,23,30,101,46,25,18,14,21,11,29,31,29,5,23,76,19,51,14,29,85,28,36,134,56,28,79,56,5,59,35,69,32,64,50,81,39,13,35,65,15,26,22,16,11,53,23,19,73,16,10,32,13,39,45,20,95,17,28,49,67,67,28,8,10,14,29,25,12,44,4,16,27,28,45,27,8,39,37,26,53,7,23,29,67,16,11,32,42,112,28,52,23,24,12,7,4,26,12,8,14,14,20,35,9,20,6,33,31,18,17,43,48,21,9,14,30,22,21,7,12,22,12,44,64,13,24,14,11,15,9,14,4,72,64,27,15,41,22,12,27,9,6,24,48,45,11,63,30,11,16,23,10,6,24,14,5,25,28,20,27,24,7,35,10,39,26,15,5,41,14,17,14,24,7,10,12,27,38,22,29,98,
10.85,61,21,23,24,33,23,51,145,76,48,104,24,47,50,20,29,33,65,51,61,72,16,133,55,47,34,33,81,127,52,163,310,69,75,118,68,65,117,66,118,88,91,111,117,103,151,156,138,171,99,187,154,144,128,125,148,188,117,108,101,151,95,109,173,149,141,89,118,143,126,130,94,190,157,107,60,89,186,172,134,161,98,102,90,78,109,115,132,169,138,105,92,90,132,153,99,87,101,196,98,99,121,117,101,101,127,74,124,107,116,90,68,40,93,102,85,107,98,96,57,76,86,84,81,97,62,99,91,55,90,56,43,65,25,77,58,63,42,144,47,58,95,54,30,67,32,14,31,54,74,40,33,48,174,93,68,67,19,43,29,60,47,31,61,73,43,43,22,18,11,29,26,40,20,48,12,78,179,81,26,32,18,9,26,44,18,23,21,19,36,76,6,49,16,25,25,25,21,24,30,10,27,11,52,39,42,22,141,18,11,33,13,56,41,7,11,22,9,7,26,136,16,23,29,6,20,33,31,5,35,24,62,16,18,10,23,36,13,15,14,8,16,12,27,29,6,14,4,8,11,20,64,21,47,19,62,48,10,15,79,28,23,41,25,24,13,53,26,33,14,29,25,9,22,46,15,24,31,5,26,4,6,41,5,75,6,37,13,42,10,11,41,4,8,8,75,19,20,21,34,19,35,96,8,7,90,15,13,6,25,15,13,79,68,84,13,36,15,28,7,47,4,71,15,13,4,4,70,12,4,8,20,38,11,13,52,48,27,23,52,13,20,15,13,29,17,10,22,25,56,30,49,7,40,15,36,48,36,35,22,82,20,93,23,32,45,55,24,72,83,33,36,11,22,41,37,20,26,53,46,29,107,31,16,48,19,40,72,51,61,68,47,25,21,34,26,55,55,63,81,59,18,39,44,57,48,43,51,100,65,58,76,84,60,41,78,25,65,28,79,66,78,30,45,47,79,38,38,47,88,49,52,100,28,112,77,76,71,47,42,47,80,135,94,53,54,31,62,64,51,64,39,49,26,25,61,48,38,56,50,34,98,121,32,51,53,46,53,57,54,96,32,68,54,23,61,15,34,64,24,101,38,122,38,58,35,62,14,58,33,56,73,22,28,41,40,70,31,131,21,63,92,61,43,27,68,92,46,27,21,29,36,49,31,21,19,51,54,116,26,38,54,65,55,45,12,21,30,66,81,68,51,16,111,20,47,75,8,51,26,31,27,15,22,6,14,64,3,35,30,13,42,16,158,26,44,40,63,13,35,13,69,3,7,141,36,50,38,40,74,160,22,75,22,9,39,14,50,26,72,7,27,50,36,12,52,91,18,25,15,31,4,10,8,12,15,5,24,18,86,7,30,50,49,40,9,22,64,26,52,7,49,32,7,48,61,100,12,9,6,8,72,55,9,30,3,5,32,13,19,11,33,54,20,4,12,13,4,7,31,26,53,17,8,32,17,27,28,39,13,36,13,9,72,19,4,31,34,43,6,21,20,11,16,35,60,25,6,6,58,9,6,7,20,11,39,26,27,32,3,6,52,72,20,4,36,9,6,18,31,32,55,10,31,12,12,9,9,7,37,16,24,4,60,7,15,11,30,17,26,23,6,13,47,92,27,37,24,19,13,4,4,41,4,16,4,7,29,4,43,4,51,19,17,5,10,15,14,16,8,5,37,30,8,9,32,26,44,28,24,42,7,15,7,30,22,6,12,24,3,31,6,36,28,6,5,50,25,15,66,34,28,17,18,126,10,39,117,19,51,21,15,2,34,38,81,19,11,7,15,8,8,51,39,28,5,49,17,17,10,19,22,10,27,70,18,49,45,4,4,54,26,14,13,41,12,29,25,45,11,8,32,8,16,18,4,27,6,13,10,18,10,9,40,20,41,14,7,3,5,30,42,67,25,11,20,10,2,37,40,5,36,6,6,58,7,7,35,22,40,6,26,13,26,5,33,26,31,13,4,26,26,9,7,4,22,12,5,67,4,22,10,23,5,18,12,48,9,35,6,5,19,39,34,5,9,6,5,9,14,4,27,12,21,33,7,24,46,12,7,26,12,15,39,5,15,46,31,13,9,75,44,4,8,5,25,6,34,20,79,97,14,17,53,5,18,18,19,16,19,9,14,16,9,25,6,4,3,35,5,8,32,31,9,12,11,13,32,5,7,4,5,19,55,29,11,40,46,107,5,21,16,19,9,15,45,18,6,5,9,22,5,8,7,4,33,15,21,7,33,4,68,39,5,4,25,11,13,77,11,38,39,20,7,34,3,16,13,44,19,27,5,3,8,20,11,3,4,3,22,31,6,16,3,5,15,11,9,103,17,8,58,25,10,3,4,9,60,11,13,19,9,22,10,4,34,61,51,10,35,6,7,5,3,57,17,29,14,3,11,52,3,5,4,4,22,6,4,7,
10.67,60,32,57,70,13,14,33,80,49,36,43,43,62,21,25,41,51,29,41,60,22,25,16,78,109,31,29,38,77,71,60,60,53,50,127,111,77,87,197,112,120,115,152,196,217,254,102,166,99,185,117,143,116,131,182,140,122,153,143,135,126,150,95,224,120,123,122,150,178,128,142,136,162,122,100,150,107,87,108,72,116,93,101,137,154,105,163,172,101,115,163,111,99,129,120,133,122,90,89,82,104,155,152,63,96,119,92,80,62,92,84,105,93,107,89,136,102,79,85,66,49,48,98,45,73,84,163,70,77,133,65,60,49,85,52,60,97,101,66,61,91,100,11,34,67,71,29,117,74,42,75,86,52,55,54,75,33,30,17,60,21,33,18,54,35,61,53,5,19,72,60,36,51,73,17,68,52,24,14,52,21,16,25,11,12,56,33,10,14,53,79,23,26,11,5,32,28,12,21,84,10,10,31,17,72,53,111,11,90,14,126,6,44,27,6,26,36,15,31,7,15,98,23,26,42,8,46,15,62,19,8,25,15,76,82,12,8,36,21,15,47,12,40,29,76,24,45,11,31,25,43,37,32,79,56,5,19,12,19,26,24,17,18,27,28,6,26,16,7,8,14,23,28,9,22,26,44,14,8,17,28,10,29,26,4,20,29,14,12,84,22,24,7,21,10,41,5,40,36,10,13,26,23,54,4,30,17,7,5,8,99,15,42,19,53,37,11,35,20,8,57,4,18,42,5,40,75,54,17,13,15,19,41,22,4,27,7,5,89,26,27,89,50,46,22,33,41,32,79,34,27,10,92,49,8,44,108,36,41,17,17,26,67,57,24,64,36,19,59,66,24,39,22,44,100,23,41,29,130,29,64,47,47,30,74,45,150,62,99,86,40,89,118,65,76,27,66,91,63,20,41,58,60,58,27,89,11,30,43,82,32,85,97,47,42,44,74,47,42,78,80,84,32,22,21,37,60,48,108,53,55,49,42,60,32,62,39,118,104,73,49,72,36,62,44,90,37,29,48,48,45,53,33,35,39,121,25,272,47,44,49,46,118,104,34,17,40,56,52,28,118,29,88,57,69,13,115,37,87,35,58,76,56,49,61,19,74,74,51,22,104,45,73,92,34,85,6,3,42,54,86,64,11,71,43,31,32,37,44,43,56,13,115,53,22,54,92,56,12,43,23,16,32,32,46,38,17,42,15,17,58,58,44,18,47,7,31,56,19,14,7,22,12,47,46,59,30,23,41,19,21,32,9,59,40,13,9,61,5,43,11,38,14,25,27,174,49,47,6,7,29,30,46,3,25,11,12,11,35,13,6,81,24,38,7,4,14,31,25,49,4,28,19,49,25,5,4,8,3,12,17,47,10,41,15,30,4,59,13,7,46,34,25,19,31,35,25,32,8,21,28,20,5,51,25,12,17,17,46,34,26,36,23,51,13,15,20,44,53,43,16,24,59,22,6,28,5,13,8,46,62,22,12,41,52,16,29,13,11,3,7,29,9,11,5,47,28,11,27,10,23,4,4,3,46,22,25,5,17,25,16,38,13,53,47,88,28,12,15,8,14,16,6,16,22,10,8,31,20,21,11,42,4,9,27,6,7,11,54,49,11,14,46,26,8,8,23,44,18,10,59,9,57,18,15,30,23,4,34,65,45,7,10,26,37,28,7,6,13,4,18,71,25,108,4,6,24,28,48,11,32,26,26,28,61,14,5,7,8,12,10,12,6,35,22,10,4,43,12,40,43,5,10,17,12,27,11,5,51,4,7,3,17,5,8,15,12,21,49,25,6,30,17,12,22,13,4,14,23,6,16,33,11,42,26,45,14,22,10,23,23,27,39,43,10,5,20,4,33,15,53,16,24,19,44,3,31,51,25,45,15,14,50,23,62,11,34,14,38,11,27,56,38,7,5,11,9,4,11,19,7,11,45,31,42,4,9,52,9,45,4,8,5,20,19,6,12,8,20,21,53,9,73,21,4,14,30,8,5,47,14,52,71,6,21,14,53,3,38,6,37,8,6,4,60,28,22,7,116,6,79,4,41,7,51,7,4,67,44,22,4,62,15,29,13,18,4,4,13,14,24,23,23,3,6,15,13,17,44,44,21,5,9,38,39,9,26,13,20,16,30,6,26,25,9,35,15,8,23,31,26,19,10,34,73,12,69,23,9,3,38,33,18,13,11,4,54,56,6,33,28,14,68,38,38,21,9,5,29,8,25,6,4,12,9,6,54,16,3,10,11,6,9,47,46,30,4,32,4,6,3,20,3,5,16,4,5,8,6,10,44,11,7,10,17,68,30,19,11,12,13,62,4,32,11,19,13,12,8,6,20,14,15,29,13,11,22,12,62,13,28,12,5,19,5,30,6,64,25,5,18,12,15,7,12,13,14,24,5,62,41,3,6,77,10,33,33,8,11,
10.49,59,27,78,59,40,23,54,31,39,92,122,73,32,83,117,57,62,104,81,213,24,46,162,45,57,35,45,48,66,172,305,99,218,104,114,129,160,141,280,139,123,141,130,195,134,172,181,163,165,152,166,129,172,155,195,152,133,168,210,153,158,172,171,133,137,224,165,119,137,152,166,152,133,162,162,140,109,112,140,131,128,120,144,117,115,131,215,149,171,195,92,141,171,133,172,126,104,114,123,206,144,96,151,151,104,149,122,115,141,128,117,123,134,136,83,149,254,70,102,120,95,128,175,108,136,185,81,93,105,71,96,132,110,32,60,82,48,85,86,98,141,72,119,217,63,40,118,66,53,102,72,50,101,135,93,51,56,89,79,69,67,34,29,67,35,45,70,34,48,32,32,30,66,75,66,47,36,40,55,36,56,83,81,99,87,9,91,55,41,132,148,63,19,29,127,39,78,87,76,36,50,56,99,95,39,57,25,38,28,39,51,38,17,46,30,32,17,38,22,59,35,23,29,19,44,22,45,49,29,13,14,24,24,54,22,27,49,20,46,18,76,52,62,31,46,27,31,51,14,62,27,54,25,38,49,28,31,57,52,78,45,56,27,30,29,30,54,15,64,25,40,11,73,16,26,13,33,53,102,18,68,44,79,17,30,94,111,10,26,17,25,38,22,48,15,50,68,39,41,22,14,32,29,33,19,31,35,39,65,59,11,23,17,30,11,17,16,71,63,27,16,30,55,44,56,48,46,20,33,28,32,127,110,79,43,87,24,69,34,46,85,35,35,66,64,38,28,72,73,56,25,64,32,9,37,16,88,61,155,58,98,99,41,52,71,55,71,156,29,53,70,58,68,52,22,61,98,45,67,65,32,31,86,69,45,53,131,70,59,107,55,192,100,67,111,95,47,68,83,138,74,65,125,53,69,97,100,48,164,71,108,52,54,89,100,54,78,59,64,74,61,75,78,97,90,101,40,101,114,83,71,90,126,78,134,62,65,82,93,69,43,116,113,134,69,39,93,65,76,116,61,64,97,118,72,95,100,64,71,51,45,75,60,81,72,114,91,77,72,60,95,79,41,87,104,83,79,43,103,46,140,65,74,144,109,68,62,94,30,81,57,72,68,41,65,108,36,44,96,74,73,130,119,57,63,47,60,88,49,22,68,80,85,59,41,38,29,81,57,38,51,19,52,57,60,48,35,37,64,63,30,84,81,29,61,32,32,58,58,66,24,17,56,41,116,18,92,46,10,56,12,62,62,30,37,33,13,31,120,73,31,36,73,66,50,29,37,39,18,65,15,93,46,31,35,61,38,38,38,52,142,116,24,45,33,114,79,22,16,105,16,56,22,30,33,44,25,33,270,39,16,91,101,50,28,8,38,23,46,85,27,29,8,78,44,67,16,24,18,22,21,22,37,9,77,46,70,22,105,87,104,38,57,46,62,34,44,24,37,44,39,29,89,22,22,5,64,107,64,36,54,65,55,17,13,38,92,95,50,44,34,76,23,45,11,35,31,43,16,58,28,26,47,10,28,71,18,33,24,14,13,5,32,44,6,38,28,58,65,6,7,15,48,37,21,17,131,9,9,15,45,22,74,50,45,21,84,6,5,39,30,9,47,19,18,36,22,62,78,27,24,16,39,57,47,18,37,70,8,11,10,31,8,46,78,19,69,29,29,28,12,11,6,15,17,65,11,5,32,13,59,18,28,25,15,12,32,40,34,6,9,11,61,19,12,58,17,105,12,30,26,66,26,34,30,49,24,33,35,46,33,8,78,50,39,44,21,20,13,20,4,28,30,21,16,63,29,44,63,29,57,8,60,32,105,26,31,20,14,11,21,28,42,42,65,40,149,24,28,68,12,23,35,12,25,43,13,27,33,8,29,20,22,139,54,49,34,10,64,28,31,37,93,43,32,63,8,11,5,77,40,22,41,44,47,35,19,138,27,5,16,22,6,21,60,77,39,10,47,13,18,41,15,19,14,42,43,64,59,19,13,22,25,16,26,60,12,4,8,39,18,50,16,22,37,7,8,96,33,34,19,35,24,9,34,38,44,19,8,20,59,34,57,17,33,48,25,12,22,24,17,7,4,37,92,48,21,49,18,16,11,52,26,4,19,56,25,97,41,27,49,53,18,21,36,32,12,48,145,40,47,16,24,67,31,34,44,18,10,59,5,64,15,13,4,15,18,5,75,39,52,61,42,29,70,12,22,24,36,30,6,83,14,26,19,4,16,42,25,28,43,17,17,25,28,51,7,34,10,36,16,24,20,11,24,13,90,31,15,14,11,27,30,37,194,22,42,17,12,65,14,29,15,20,92,26,28,17,16,17,22,34,34,27,18,5,17,20,12,5,25,28,25,17,12,20,23,16,5,56,10,8,42,35,45,5,5,5,31,84,28,56,16,42,53,17,13,16,20,
10.32,58,25,16,27,29,50,116,120,98,17,85,41,25,28,21,30,40,63,52,37,27,57,47,51,27,64,60,103,52,76,73,60,139,124,106,104,91,97,127,127,111,169,124,323,118,184,170,129,111,182,117,169,221,170,125,106,108,138,168,103,138,167,131,126,83,138,135,85,147,127,111,114,205,221,118,106,175,90,103,162,130,140,100,73,98,96,130,169,147,108,121,93,179,69,120,108,112,107,110,123,100,80,203,105,94,63,96,80,70,106,121,114,87,130,104,142,95,64,169,77,162,79,89,60,66,100,59,99,53,63,46,99,56,93,36,55,72,114,80,47,81,76,68,62,60,37,92,80,78,60,22,65,36,21,70,44,24,77,30,21,50,114,23,77,38,73,85,12,44,16,61,32,113,79,57,18,31,28,7,18,46,35,10,28,19,47,9,15,23,83,22,55,68,30,16,53,45,24,15,32,127,11,58,43,106,56,21,7,46,28,45,15,40,20,30,20,26,30,27,78,12,54,12,25,8,30,25,7,17,27,14,49,47,28,10,18,16,26,12,26,15,23,11,42,27,47,14,16,65,4,32,34,49,35,17,53,16,11,10,21,3,9,17,12,34,52,14,11,29,9,12,45,14,19,55,24,11,16,13,8,10,43,38,28,11,4,32,41,12,45,48,10,4,12,8,32,55,8,13,33,10,23,8,23,11,11,28,32,5,26,8,49,25,23,26,9,13,22,32,15,8,63,9,9,17,40,46,48,70,40,83,49,23,51,59,13,118,72,33,27,28,56,48,46,37,15,57,17,31,26,64,67,68,65,43,49,40,44,51,25,54,31,32,55,24,83,25,9,72,27,33,106,32,38,59,39,56,51,48,13,70,148,65,74,33,23,46,92,78,8,28,32,84,22,71,56,84,60,91,76,64,68,75,39,81,78,36,46,59,62,52,79,45,31,42,83,57,107,59,60,97,67,59,26,65,65,146,99,44,67,91,98,53,85,113,114,57,55,33,110,56,126,24,14,57,57,123,104,22,90,86,121,35,42,72,27,55,34,60,62,91,83,35,272,89,44,54,19,71,36,67,77,38,80,69,88,35,128,41,68,23,67,69,83,37,38,45,41,63,55,20,37,64,66,27,58,87,68,10,31,62,22,37,59,36,19,76,94,37,39,27,99,27,29,24,73,73,69,58,81,31,31,15,62,14,23,22,14,18,12,13,47,58,36,28,57,36,43,34,30,108,28,6,24,20,89,41,5,36,18,42,8,19,14,58,26,4,11,18,30,37,30,25,47,30,27,7,54,4,50,10,23,18,23,2,18,19,8,27,11,22,21,22,45,38,21,4,67,29,47,15,27,8,4,18,25,9,6,27,23,21,14,20,52,59,9,57,20,4,22,6,10,24,93,7,38,19,15,11,9,46,24,16,66,46,3,13,43,45,13,10,15,13,14,29,12,7,10,15,52,57,45,72,30,43,19,50,7,33,14,27,12,3,15,25,17,5,6,34,26,31,8,27,11,11,15,11,5,44,20,37,8,13,22,5,20,4,4,19,72,17,8,4,7,46,13,8,15,3,22,33,7,43,11,4,20,6,13,22,6,26,8,12,5,5,21,12,25,42,33,4,12,7,5,29,31,5,35,35,32,21,5,7,7,8,15,71,7,34,4,20,15,4,4,8,8,28,34,17,31,23,8,11,16,25,126,39,15,13,34,19,9,35,85,17,57,9,16,7,11,24,14,19,25,17,4,11,19,89,8,41,12,8,16,26,3,6,44,34,3,60,30,32,13,30,33,48,58,19,79,35,15,5,13,19,66,25,62,24,47,12,4,18,4,28,64,63,5,23,25,32,23,122,25,3,12,28,8,14,5,10,9,35,7,95,19,4,28,21,4,7,10,16,19,7,12,32,16,32,27,30,24,33,12,3,22,59,26,21,33,6,5,24,4,16,20,15,22,7,24,26,4,6,9,37,7,29,31,24,38,3,4,4,10,18,18,143,30,15,24,38,5,10,12,65,12,14,33,8,21,11,45,69,24,4,27,15,32,59,26,13,5,14,8,36,49,3,13,24,24,39,65,14,33,28,10,5,11,38,31,9,26,30,13,17,5,17,14,37,8,26,14,3,61,16,76,27,82,34,21,33,10,18,8,21,50,18,8,18,20,9,10,4,53,8,9,24,18,4,12,5,4,12,78,5,4,7,62,137,41,10,10,184,25,4,5,27,56,11,10,14,7,6,5,7,34,7,35,12,4,3,26,66,23,6,4,28,11,22,22,20,18,3,3,18,7,3,27,8,35,3,15,21,30,20,15,9,13,7,40,42,66,10,11,35,4,20,20,5,8,40,52,8,13,4,5,5,8,10,4,20,6,3,30,13,3,11,4,24,57,3,4,11,5,4,6,22,15,32,13,23,52,68,4,27,4,4,4,14,
10.14,57,28,278,65,195,64,60,33,59,110,44,47,303,30,58,30,52,33,136,45,109,41,89,56,56,106,68,69,135,125,134,85,184,156,116,133,230,127,164,93,137,129,277,170,122,140,165,144,151,157,219,158,194,202,176,136,159,148,209,124,143,106,153,192,136,181,141,231,103,171,190,128,89,141,166,140,134,146,171,183,189,145,179,268,94,150,158,185,201,102,97,125,128,137,145,145,153,146,200,125,126,93,209,119,148,106,161,104,152,136,134,96,121,95,127,148,92,73,162,117,114,92,95,137,89,159,122,89,109,70,133,120,97,90,133,75,87,114,75,90,187,107,63,44,58,70,79,107,104,75,105,93,55,54,62,70,41,88,73,36,81,24,59,106,64,85,91,71,79,38,32,77,35,21,48,51,65,34,55,61,113,14,59,21,59,50,118,50,32,77,112,19,50,77,77,18,55,38,57,95,70,12,64,48,31,37,36,39,28,25,20,45,27,22,24,53,20,23,31,24,70,38,47,43,206,97,15,71,105,24,15,46,81,33,56,67,53,6,26,36,61,43,47,35,48,32,16,8,19,32,67,12,26,60,78,18,49,22,39,41,8,41,23,65,57,59,48,17,40,78,42,46,50,108,7,51,15,48,89,17,43,29,19,26,56,57,27,69,31,27,71,25,72,46,16,53,53,72,11,34,53,107,25,59,21,33,35,26,14,43,19,80,30,21,87,50,24,57,57,36,49,67,25,71,76,47,72,51,46,43,59,17,59,156,48,30,72,65,51,54,51,49,79,76,48,91,80,41,56,88,61,74,79,72,51,103,52,63,92,73,76,61,54,49,67,46,63,87,74,43,22,110,77,48,70,70,38,93,48,90,88,38,78,76,54,33,64,45,176,103,53,51,58,129,85,76,87,91,119,56,67,93,141,196,71,105,71,77,150,83,95,90,78,105,129,112,131,118,44,101,110,188,138,106,63,126,119,122,63,96,78,96,77,69,58,103,64,67,82,79,173,122,143,72,116,79,61,41,101,115,111,107,125,65,80,92,52,99,76,57,73,58,70,101,115,115,92,68,65,64,56,83,103,40,40,129,74,82,55,70,83,55,71,40,62,75,41,64,109,181,48,55,58,60,87,66,62,130,91,41,38,56,103,37,52,57,75,46,96,96,111,115,91,21,82,43,37,36,49,65,77,50,56,50,30,33,24,46,79,27,74,19,41,60,129,66,33,67,73,45,38,92,29,29,54,70,54,50,17,58,52,54,106,59,71,14,68,60,26,44,121,28,28,23,43,40,36,41,29,19,77,77,49,9,40,12,73,50,29,90,25,41,13,14,70,19,98,65,20,63,13,14,94,45,29,58,99,26,4,43,9,27,79,12,58,47,61,22,23,11,36,30,14,27,28,62,23,54,16,24,16,17,19,47,152,55,117,73,76,23,9,15,10,17,40,18,24,8,15,8,22,88,39,42,10,114,16,58,43,55,15,19,38,88,17,88,18,8,142,48,18,52,24,14,23,63,17,32,69,25,37,90,8,37,65,24,24,31,23,25,15,25,81,27,22,21,23,14,33,16,27,14,27,61,13,90,39,15,46,64,63,61,12,21,8,22,13,27,64,17,22,17,4,9,50,34,47,13,34,30,71,13,15,34,32,6,4,58,13,43,90,78,28,26,14,29,11,38,5,35,21,16,31,67,16,23,51,35,40,26,24,35,9,95,12,42,11,63,28,30,50,12,56,12,22,28,17,44,20,23,42,26,76,16,33,31,38,34,16,10,81,66,9,8,10,54,54,20,29,37,17,48,10,30,78,29,70,17,14,26,36,17,84,38,63,28,18,15,33,24,112,11,12,37,10,14,14,25,15,50,34,14,36,74,42,56,41,12,70,102,36,26,43,57,26,13,43,32,44,29,17,43,27,28,19,86,46,8,11,34,48,36,24,27,27,47,14,17,14,19,29,52,36,15,49,21,26,8,64,140,29,28,36,12,10,35,28,27,27,53,4,18,19,68,29,41,84,6,37,16,41,83,29,40,81,36,22,21,22,45,26,7,40,59,12,38,7,37,56,32,20,63,22,37,20,19,12,32,38,29,29,19,69,31,35,55,16,48,14,77,28,21,12,35,11,47,21,30,24,34,40,86,26,25,11,119,54,9,6,72,23,20,51,15,11,42,75,8,5,21,31,46,53,17,77,56,23,64,24,19,9,23,74,10,49,13,16,14,9,18,13,12,48,30,19,20,61,53,14,11,86,31,33,65,8,43,25,14,32,16,24,21,12,17,55,37,15,21,12,9,13,23,15,60,6,28,5,19,27,4,6,33,6,37,18,10,16,9,41,6,14,20,20,8,56,28,12,16,63,10,18,32,108,23,16,24,33,52,69,27,10,25,43,44,11,11,25,73,11,17,27,22,37,30,181,4,15,17,26,
9.96,56,29,41,124,84,71,48,32,49,102,28,171,28,35,43,44,33,19,50,62,142,266,65,112,120,23,91,53,129,163,87,99,110,102,94,116,123,195,150,185,95,140,189,113,125,178,162,123,114,170,106,99,157,192,181,146,167,113,142,115,105,221,161,118,156,125,122,137,98,99,140,268,75,135,126,182,114,141,130,78,159,101,109,122,114,149,166,142,162,95,123,155,101,103,130,104,75,83,80,98,130,143,116,86,140,175,130,97,99,84,111,124,163,49,72,79,63,56,78,77,51,58,92,82,169,69,39,60,73,55,49,84,87,94,51,95,42,69,152,67,122,36,22,116,80,29,16,95,24,56,74,58,63,42,43,32,66,111,55,49,55,42,32,27,29,53,20,18,35,91,20,66,25,11,27,102,67,66,42,18,18,30,19,47,12,22,14,51,20,64,12,59,11,36,57,100,19,9,17,73,19,39,6,35,35,6,65,6,15,64,22,20,29,34,6,60,7,38,26,10,21,32,18,14,58,32,10,42,14,10,32,15,20,40,15,17,29,12,28,5,51,30,12,24,18,36,10,17,6,19,14,16,9,17,12,34,31,19,7,99,4,25,25,43,22,33,10,34,10,4,48,30,20,27,26,44,7,30,10,42,48,9,13,20,18,12,24,35,65,4,61,26,31,24,5,15,53,21,8,22,47,51,72,27,51,20,17,10,13,29,6,8,27,13,17,31,61,5,11,54,24,65,44,18,20,39,36,38,99,16,44,42,5,30,68,21,31,77,18,30,19,32,67,54,17,111,29,14,34,49,76,12,36,27,54,10,31,41,37,81,37,67,34,81,41,49,23,99,220,41,91,17,87,40,69,79,164,64,90,65,65,82,40,23,74,90,49,42,53,63,56,63,45,47,84,68,126,125,91,96,88,76,50,74,38,29,97,113,72,35,96,75,83,95,75,64,68,48,43,96,62,75,42,59,54,41,62,47,32,55,14,98,145,64,102,40,70,60,61,68,30,48,42,42,49,86,82,37,50,83,105,23,86,29,32,74,77,73,31,42,49,47,42,50,49,62,56,45,28,57,47,54,69,85,80,23,47,80,36,39,42,54,92,66,39,20,48,49,20,70,22,79,63,24,27,49,76,60,52,12,67,60,60,33,75,48,38,35,25,71,37,23,46,78,48,19,22,41,13,19,37,37,28,27,30,50,15,15,30,9,7,15,37,9,37,70,16,145,8,4,43,22,49,49,112,49,27,8,20,11,38,18,78,47,21,55,8,12,11,11,42,5,6,41,40,46,21,3,23,7,38,8,14,37,20,27,40,9,38,26,11,50,20,20,56,8,35,65,16,6,14,4,6,23,16,26,14,55,11,13,12,5,15,42,5,25,5,10,40,7,12,36,3,42,34,4,17,23,13,21,19,62,29,34,87,17,25,53,15,20,5,35,12,17,71,21,7,49,19,21,14,31,69,74,37,4,13,4,17,13,24,24,10,23,6,18,49,23,27,5,10,13,26,10,13,11,9,18,11,12,17,51,4,28,7,4,6,11,115,13,4,34,8,4,4,20,38,4,9,5,26,55,49,16,23,9,33,44,15,77,169,9,13,8,66,7,6,9,36,68,6,5,20,14,6,56,27,75,14,10,12,15,54,10,14,56,27,20,11,22,4,4,26,9,6,36,54,7,15,21,55,7,8,6,25,62,66,6,4,8,6,4,13,4,4,37,95,3,8,96,27,18,30,11,7,19,50,23,15,37,18,8,17,21,13,41,26,27,7,12,18,58,19,3,40,12,57,5,15,5,23,17,4,23,18,28,18,48,90,8,68,40,25,31,6,35,31,4,15,43,62,16,13,23,18,22,5,12,46,4,11,7,17,14,16,13,4,25,26,8,15,33,34,4,37,4,7,6,5,16,46,14,51,21,31,15,6,84,41,4,12,12,48,10,19,8,24,14,8,3,3,16,9,14,5,10,42,16,23,5,13,13,16,17,42,5,11,34,22,13,17,39,5,5,6,6,10,26,4,7,38,10,16,4,23,8,20,36,49,26,8,128,30,36,26,31,13,23,55,3,11,5,44,9,6,13,4,26,26,19,6,13,4,11,34,22,7,26,75,11,12,37,18,4,30,7,4,10,5,18,75,5,46,13,29,4,46,22,16,80,66,5,14,10,24,11,30,4,5,4,4,17,72,22,18,4,18,9,12,36,12,12,21,18,8,12,13,5,15,10,6,5,10,9,5,22,9,10,45,4,6,14,6,16,4,29,5,15,16,61,5,16,19,4,40,37,22,10,27,5,2,6,9,3,22,8,15,14,22,4,4,12,18,16,8,26,13,15,3,22,14,5,22,5,19,14,6,4,7,6,116,7,13,11,8,16,7,21,39,29,17,24,17,12,8,21,16,17,22,21,49,14,13,7,16,4,10,4,4,
9.78,55,25,70,49,84,33,48,71,59,63,19,106,87,87,121,27,49,65,99,58,67,105,68,55,85,100,114,163,176,158,135,165,216,149,103,173,119,200,201,187,222,144,194,195,238,193,144,143,160,193,240,112,134,182,153,142,187,145,172,137,112,194,150,129,179,147,149,131,187,144,160,152,103,198,122,123,122,179,161,131,129,115,133,153,161,139,191,138,171,124,172,161,141,155,123,141,145,147,143,154,112,143,161,168,114,124,133,92,192,112,124,146,135,125,127,137,112,68,89,86,132,158,89,108,93,240,77,110,63,84,109,107,114,176,113,102,76,60,106,128,62,55,51,92,72,75,101,102,49,109,99,60,73,105,61,79,70,47,51,68,66,24,44,48,53,84,26,14,58,61,51,37,65,19,52,85,36,71,47,39,75,29,26,49,33,44,80,44,60,44,21,28,46,21,98,65,75,60,49,40,55,64,60,37,24,88,60,14,29,36,51,52,127,52,15,15,29,34,69,30,27,9,59,28,68,93,31,20,40,37,60,84,40,56,24,48,21,22,31,58,31,19,37,34,44,32,23,38,66,19,27,77,29,20,21,20,61,41,47,49,45,14,15,4,57,76,17,89,94,30,65,35,24,10,64,20,92,44,30,31,21,34,60,145,24,22,14,28,35,13,25,54,20,49,24,20,41,6,76,19,44,29,26,16,36,44,20,48,81,44,79,16,62,46,38,51,45,94,41,68,60,21,17,121,56,77,28,29,33,88,40,46,30,39,43,45,52,59,31,19,57,34,104,73,24,149,94,46,98,95,28,64,51,66,50,79,95,52,143,60,53,68,55,46,53,95,112,76,129,43,50,67,75,124,67,67,53,69,64,109,67,56,69,101,105,127,116,99,122,70,90,66,36,116,80,69,93,99,138,77,108,158,63,140,91,99,71,93,56,98,76,94,73,103,83,71,97,85,147,88,84,75,171,47,76,108,54,79,73,100,195,73,56,193,158,64,112,83,90,75,67,87,75,60,98,52,90,87,87,80,68,96,86,86,73,62,123,64,121,85,76,63,86,101,37,143,66,68,48,60,60,74,70,40,109,62,36,100,71,53,34,51,70,63,71,91,90,74,66,75,39,78,65,88,60,41,92,65,65,75,44,48,34,33,90,65,36,81,39,61,26,39,41,21,26,87,53,78,24,23,44,82,38,57,64,57,31,18,43,82,46,35,63,100,11,169,90,39,76,28,69,88,51,46,72,27,78,56,51,103,19,14,101,17,73,27,33,45,91,239,25,45,44,45,30,84,15,40,24,71,41,42,41,37,67,30,20,21,27,64,88,177,22,42,60,21,40,93,42,34,29,78,32,32,7,16,71,28,36,16,43,78,15,52,36,105,45,14,14,116,18,45,20,9,35,14,68,34,34,26,44,16,48,69,11,13,16,11,21,36,53,44,39,14,45,37,13,18,39,27,23,59,32,41,54,156,46,23,21,21,39,119,22,40,26,30,19,11,25,48,33,23,27,9,19,16,57,57,68,40,6,38,56,16,20,7,32,39,35,37,18,14,13,29,65,79,29,80,31,13,12,15,18,11,41,23,54,11,43,21,11,49,72,48,5,8,45,19,17,58,51,20,19,29,27,23,27,57,46,22,67,5,55,23,40,5,58,23,27,23,41,71,51,41,32,84,19,29,22,12,26,36,77,28,21,30,25,73,16,12,37,26,29,94,123,91,50,41,20,101,37,44,68,85,21,67,55,34,7,7,20,33,22,80,44,36,66,77,14,23,23,46,29,53,41,14,14,15,34,79,14,33,40,30,31,10,14,8,28,74,22,13,16,20,52,19,89,15,35,32,12,62,61,43,24,36,20,59,29,23,76,58,16,48,15,27,37,29,39,120,41,21,54,32,24,28,60,63,8,41,75,56,130,49,41,20,13,36,26,50,41,17,54,34,41,44,36,20,55,14,101,72,50,65,20,150,34,18,58,45,81,19,16,40,31,24,17,18,38,26,74,31,43,20,50,14,17,65,25,66,20,123,42,22,30,112,33,56,11,63,52,8,44,30,32,62,9,50,121,24,90,7,36,15,27,16,24,25,10,10,112,27,6,74,77,11,32,16,7,21,27,30,12,65,59,22,34,62,79,55,118,86,45,30,20,29,12,36,33,27,9,39,15,125,32,17,56,13,22,30,15,41,53,16,52,28,49,22,44,6,40,71,93,31,10,29,75,19,16,43,7,27,77,12,16,42,34,41,50,34,35,29,28,40,14,105,7,40,31,99,43,35,54,26,47,42,10,4,125,72,6,18,18,47,32,8,18,10,5,21,16,30,29,10,25,38,47,20,14,227,42,4,19,13,31,84,73,22,61,15,59,16,29,22,21,27,25,27,18,16,6,5,11,13,34,15,7,6,8,33,11,34,47,11,11,83,23,34,25,
9.6,54,8,20,22,92,63,18,40,32,108,34,86,33,74,36,42,42,14,44,30,64,45,112,66,79,100,146,165,93,211,281,92,163,158,145,150,114,161,168,133,158,170,188,111,248,176,188,148,196,183,200,141,167,131,208,132,85,147,155,90,193,85,104,120,127,95,137,106,173,138,105,92,140,132,98,172,144,124,136,108,146,84,109,119,103,114,225,173,166,127,95,102,76,111,116,138,176,106,91,204,67,89,166,99,80,100,66,70,78,83,80,82,103,131,92,101,109,56,69,50,32,77,119,61,77,59,41,89,89,51,73,91,42,32,51,43,52,78,42,12,33,39,36,38,56,24,31,72,31,94,17,61,27,27,63,48,85,15,20,13,17,24,38,15,57,51,41,84,106,44,23,69,12,32,40,47,39,63,16,52,41,41,7,26,51,76,20,35,28,43,18,35,13,62,14,40,26,62,5,13,14,25,35,22,41,6,24,64,41,19,17,95,47,13,66,33,22,17,45,27,25,22,17,35,9,12,88,42,18,8,22,27,30,10,50,97,42,34,39,19,14,29,27,40,8,30,50,6,30,18,13,36,37,6,53,42,71,6,10,5,8,48,4,62,11,21,17,72,8,19,4,55,8,24,44,14,19,22,27,54,22,4,12,34,8,14,41,14,44,29,7,21,50,16,39,15,34,26,26,4,22,9,24,8,5,13,53,30,16,9,61,30,19,9,63,4,24,10,33,13,10,16,12,19,17,67,63,12,35,39,49,64,28,7,48,31,61,32,31,41,18,38,69,14,30,27,53,27,93,33,36,33,28,61,70,44,45,95,40,26,46,65,113,72,75,74,48,34,68,43,99,40,58,117,71,131,27,65,87,60,149,84,36,50,73,62,76,41,62,88,79,42,80,72,80,65,53,99,78,45,37,170,144,72,44,46,54,62,88,72,77,60,48,61,87,67,66,106,54,92,98,66,54,93,61,48,65,53,30,64,99,78,86,78,89,58,62,82,63,61,62,132,52,110,46,56,83,125,68,56,39,57,68,48,88,77,63,113,56,63,96,43,98,51,40,68,102,65,95,71,34,56,18,90,11,34,53,160,38,98,111,92,27,133,73,115,45,42,7,103,18,15,13,60,65,25,20,73,83,60,70,34,41,56,38,29,19,22,53,60,6,33,71,35,13,29,49,24,69,50,46,49,18,26,10,39,24,37,204,28,43,72,27,7,20,13,28,76,6,15,31,35,43,77,3,69,18,57,20,4,29,16,7,3,36,64,111,16,29,21,5,35,4,64,19,5,23,21,29,55,13,29,70,47,12,10,50,45,22,6,27,24,16,4,61,35,9,9,66,39,30,51,18,12,23,17,6,7,13,17,8,46,76,10,12,13,45,31,5,52,13,12,32,24,4,39,27,17,16,21,7,21,6,42,6,21,28,20,9,21,23,5,11,21,51,11,6,8,13,4,25,10,44,9,13,27,14,27,42,16,5,7,24,4,31,16,14,8,80,6,5,8,20,7,25,25,11,16,20,37,11,5,61,13,33,22,14,3,14,46,42,4,20,6,5,18,5,16,18,13,94,16,5,10,5,11,10,6,9,64,10,39,34,9,11,2,26,23,7,4,138,49,12,99,11,3,12,7,4,4,38,9,9,18,14,3,25,31,13,15,5,26,14,19,5,6,22,33,30,41,23,30,55,141,12,28,4,10,4,19,11,74,44,14,20,13,16,12,6,91,11,28,81,11,33,14,31,33,32,4,5,7,9,103,27,35,20,44,43,27,10,29,47,7,7,18,4,28,30,8,64,21,5,42,4,46,59,19,16,20,39,21,25,8,35,4,4,12,33,20,12,21,27,10,37,5,39,30,4,16,37,13,21,50,14,7,21,14,5,11,13,36,9,19,15,16,26,17,33,10,39,54,38,14,14,10,15,37,35,28,19,21,10,47,19,7,22,36,17,49,91,26,14,7,86,22,5,12,5,21,4,28,10,23,89,9,33,13,32,10,30,29,23,18,48,23,18,21,16,4,16,34,4,12,51,5,9,36,21,28,5,75,68,28,7,6,5,32,4,19,5,6,16,67,14,31,18,38,57,4,22,77,26,29,25,19,14,20,32,16,39,11,49,20,4,11,3,45,54,5,10,12,11,8,24,27,6,16,5,17,6,38,44,4,18,10,16,36,8,9,24,8,23,5,12,5,8,5,3,3,25,12,28,33,30,6,7,34,3,10,3,25,4,16,54,17,16,9,8,3,23,6,11,26,7,4,7,31,15,12,17,23,7,24,10,12,11,3,5,4,5,3,11,12,10,20,6,6,22,4,7,4,8,8,6,10,24,9,18,6,10,33,5,59,9,38,5,14,13,7,9,8,3,65,8,57,10,7,44,33,34,23,12,10,5,16,28,47,28,21,14,6,11,4,4,47,3,4,4,
9.43,53,34,81,79,36,51,63,37,53,28,111,75,69,44,57,230,79,76,60,74,87,163,128,114,116,200,140,108,136,145,152,153,176,185,220,161,161,176,196,182,176,150,138,197,255,127,163,136,143,192,176,142,170,267,179,160,166,191,190,133,144,151,132,196,87,191,162,216,137,115,153,100,128,138,159,199,123,177,156,127,135,142,128,133,175,145,145,171,207,120,183,136,169,237,156,138,112,164,107,165,100,159,133,120,137,95,122,100,67,128,91,90,143,130,108,112,91,123,135,280,139,70,54,86,76,166,108,67,80,116,103,97,82,70,69,80,109,42,68,59,75,82,68,182,99,99,77,22,73,70,75,88,44,71,30,43,68,91,73,89,112,45,63,99,58,106,57,33,52,90,80,51,41,36,45,45,40,24,44,49,43,58,11,53,25,50,28,84,21,49,33,63,32,60,85,33,34,81,44,70,49,80,31,32,39,167,30,19,23,15,37,109,5,49,20,50,29,31,21,57,83,50,75,20,30,35,17,5,22,29,145,38,67,59,49,30,43,70,72,9,41,54,16,18,67,14,51,41,8,13,129,35,118,40,15,36,47,61,30,25,46,97,49,27,17,20,22,63,69,17,108,36,41,48,64,6,33,10,7,43,13,51,103,26,61,33,13,51,23,24,7,47,61,34,53,33,101,13,51,25,30,21,40,26,54,44,31,60,37,48,85,101,37,29,24,55,18,25,31,64,46,69,58,37,30,68,45,71,51,39,106,82,67,57,102,27,53,67,88,64,96,82,109,85,48,39,84,92,91,82,59,84,43,51,113,55,86,93,74,75,64,122,131,91,52,61,76,99,91,136,102,61,65,120,74,82,99,93,99,57,59,135,144,180,83,46,83,83,90,60,100,104,108,120,107,98,32,136,83,80,128,99,63,94,160,126,82,98,157,88,62,88,104,122,88,95,84,57,81,120,104,74,61,101,106,112,143,77,67,80,153,178,74,74,95,92,125,130,81,84,104,105,95,93,58,68,127,64,78,40,65,45,96,103,72,134,79,57,42,29,97,63,100,60,65,71,63,60,77,79,73,93,61,41,142,54,64,77,81,116,66,66,82,100,77,30,63,67,38,52,75,98,109,85,59,48,80,119,56,53,53,56,46,34,80,76,39,63,52,46,82,122,98,67,30,69,50,46,52,26,47,101,61,75,32,60,46,78,16,24,85,51,61,61,79,39,28,39,26,41,41,49,79,38,20,20,15,107,61,26,42,51,29,14,16,20,52,40,25,36,28,23,32,50,26,127,30,39,34,88,38,42,15,24,51,62,65,40,41,68,19,30,69,68,16,73,46,76,137,88,36,39,44,69,49,14,32,45,26,40,41,28,44,10,8,32,59,26,40,39,259,16,20,22,16,25,29,14,21,105,50,7,12,35,6,42,27,17,9,37,31,65,77,4,9,15,17,20,15,6,5,32,43,77,16,49,54,40,45,23,6,24,54,30,6,6,31,26,45,64,34,45,26,16,35,27,52,22,51,34,38,17,114,27,24,12,5,49,6,7,30,25,34,13,63,17,47,47,111,15,47,31,37,28,22,63,36,22,9,24,13,39,24,19,6,21,41,12,95,21,117,70,22,29,51,43,11,33,46,12,27,4,36,49,8,39,25,67,28,21,60,17,35,70,41,13,16,29,18,50,35,18,24,47,25,26,16,47,15,25,30,27,5,30,99,52,48,45,39,10,19,66,37,41,32,72,76,103,81,33,14,23,11,67,73,31,49,42,17,111,58,13,65,17,44,63,39,22,34,32,5,28,26,73,23,32,25,24,42,38,44,21,43,41,14,25,12,56,10,18,49,43,17,61,43,79,32,6,21,23,23,13,21,20,11,51,55,5,38,9,40,85,36,47,72,27,17,36,48,40,23,32,49,37,23,26,29,69,51,34,53,33,7,54,57,21,79,57,36,36,25,65,35,179,25,39,55,19,21,61,40,52,30,9,11,10,13,15,57,31,88,24,25,93,51,63,9,60,10,13,40,113,13,10,6,4,8,33,25,51,13,27,73,10,11,14,48,8,15,64,22,18,10,5,17,15,41,22,6,6,86,12,30,27,13,37,33,10,56,14,20,71,34,34,47,14,16,11,80,62,23,21,14,92,40,50,7,33,81,79,22,37,35,88,76,30,9,12,26,7,20,7,16,31,42,25,43,18,9,49,5,73,18,17,44,27,24,8,148,7,51,57,26,25,59,32,31,31,30,4,97,64,39,26,10,77,20,36,3,11,63,8,58,12,12,25,17,59,46,79,13,62,13,43,41,14,16,23,26,18,8,33,11,13,27,17,43,7,10,10,13,52,8,28,8,3,20,19,50,35,16,46,23,50,49,92,75,24,7,22,65,15,47,20,59,7,15,23,31,35,13,12,47,6,28,261,103,124,4,
9.25,52,15,50,57,42,17,195,91,64,30,111,48,45,16,38,38,26,113,112,67,101,100,64,167,91,143,165,88,105,183,136,152,147,159,164,168,195,177,202,162,140,175,147,249,114,156,238,151,114,132,129,107,156,87,129,129,272,141,139,133,195,116,154,142,130,153,151,157,136,115,104,143,147,114,106,96,111,82,192,109,128,140,112,143,134,127,170,133,106,112,78,113,124,104,74,88,68,175,135,97,99,85,68,129,89,101,109,76,81,101,50,50,48,58,65,86,67,108,83,42,32,106,79,91,92,114,70,103,77,48,54,50,117,69,34,112,71,54,78,49,26,28,33,42,104,33,20,76,37,31,33,23,69,37,30,29,59,6,18,23,35,35,32,7,263,18,30,39,27,33,14,84,219,23,49,17,64,25,40,43,34,13,15,44,21,9,29,33,31,68,5,4,41,65,57,30,12,19,22,11,69,43,27,20,22,20,5,16,30,29,12,4,82,26,46,72,7,26,20,43,10,60,20,34,24,16,22,93,27,5,37,9,85,15,10,5,24,9,22,31,34,22,25,29,47,28,8,13,10,36,11,8,13,5,19,26,14,11,25,53,66,8,35,32,22,111,19,22,25,9,6,57,9,7,7,18,53,35,26,20,22,49,10,5,13,29,55,37,10,26,16,33,40,7,20,24,5,91,25,25,44,21,15,38,21,44,52,22,10,7,47,67,15,21,75,46,44,21,36,60,57,49,69,51,39,27,52,34,26,8,31,14,34,42,110,110,84,36,15,30,41,8,35,28,26,37,18,33,74,73,60,55,39,71,116,61,86,57,69,62,100,92,54,99,110,43,85,51,52,96,120,82,121,82,74,54,70,44,73,72,39,72,54,77,70,76,83,78,82,68,67,82,74,77,80,117,80,49,70,93,25,23,49,138,67,52,78,45,94,98,83,81,116,101,90,64,53,41,73,65,86,69,45,44,69,76,67,51,42,95,31,100,34,73,72,52,80,52,73,80,62,63,61,18,83,74,55,54,51,93,58,52,47,56,56,112,38,29,33,79,57,48,85,87,42,24,51,41,84,61,86,65,61,289,28,67,13,46,46,32,53,20,79,97,61,81,62,11,78,34,84,29,52,14,21,68,39,21,42,40,92,47,28,43,15,82,72,94,95,32,12,32,37,60,65,9,46,61,60,44,113,22,62,22,14,19,41,14,20,56,57,15,6,18,18,6,5,44,44,17,68,78,30,61,12,7,35,14,22,8,48,7,22,9,11,37,67,15,51,20,12,53,13,22,18,53,11,10,67,48,70,36,58,24,10,14,45,54,18,16,4,35,5,5,4,28,7,18,4,38,53,11,28,17,4,13,18,21,14,10,9,17,42,11,11,11,4,9,17,19,43,17,35,38,21,10,24,35,20,5,152,16,14,51,14,89,18,4,34,21,6,21,22,12,26,7,19,48,10,33,5,6,5,5,6,53,22,12,19,10,18,52,81,8,4,7,25,49,62,9,3,82,28,12,19,15,15,12,4,12,67,3,10,78,11,4,15,6,11,32,20,15,16,30,9,26,21,3,87,29,30,11,80,106,89,15,19,4,52,14,4,26,20,15,19,22,59,18,21,20,26,12,4,12,10,47,23,146,7,16,23,11,70,6,21,30,32,4,18,28,14,12,39,22,8,10,51,17,34,86,9,12,44,11,16,16,5,150,59,26,46,22,10,9,3,24,20,40,15,19,7,15,6,15,12,32,6,33,11,23,25,54,70,7,29,10,31,15,33,17,53,32,15,15,56,31,37,51,33,7,6,7,6,12,45,31,50,136,35,4,36,12,4,14,46,69,15,9,13,15,9,19,10,5,4,73,8,5,13,52,4,35,25,4,12,19,10,31,15,10,18,32,45,69,16,11,6,4,10,13,4,20,32,9,16,75,5,4,4,55,5,7,8,3,4,6,53,11,6,29,22,27,7,10,44,2,3,42,242,14,22,8,36,53,66,4,18,11,6,24,7,49,10,16,17,5,25,4,71,12,5,15,21,60,9,20,43,14,37,13,7,10,44,4,9,15,5,19,11,6,29,12,45,13,3,4,9,12,9,6,27,70,4,49,7,9,43,16,2,22,8,15,27,5,46,8,23,7,6,4,31,5,7,3,7,8,3,4,25,5,19,23,6,10,47,7,47,7,5,26,5,29,12,5,38,6,5,39,5,4,11,11,28,5,31,4,35,2,14,30,3,17,11,11,26,22,5,69,7,16,23,7,33,24,12,24,5,7,8,4,12,28,8,30,36,263,5,29,8,5,66,11,21,11,4,22,41,32,3,6,23,6,33,30,17,5,10,15,5,26,8,31,49,4,7,9,10,28,14,47,4,38,11,5,25,3,4,12,5,3,16,6,3,4,5,60,6,8,20,19,4,6,4,3,2,8,3,8,30,
9.07,51,49,118,92,32,77,96,86,55,129,59,99,58,167,65,58,101,115,55,117,90,163,129,137,123,88,255,167,184,168,129,190,201,241,149,164,181,174,167,205,169,330,204,237,176,205,209,182,146,142,174,105,165,180,165,186,148,121,170,231,149,157,126,131,196,91,94,153,146,172,125,121,281,154,140,144,145,116,102,178,216,141,157,161,100,135,188,145,146,142,107,141,138,114,135,98,154,144,87,94,114,77,160,113,132,140,141,97,116,142,94,84,105,97,74,110,132,239,42,144,122,69,97,93,78,109,138,79,76,52,115,72,94,79,74,72,80,71,117,99,20,126,120,51,75,81,38,85,51,121,63,134,51,37,58,40,59,75,51,39,59,64,38,61,40,43,37,78,186,63,43,48,86,23,41,33,72,40,116,24,39,62,45,25,29,70,32,36,38,35,26,18,26,40,36,89,41,22,141,37,35,53,25,13,37,96,41,32,72,14,69,31,79,33,19,42,66,21,44,77,16,16,42,18,41,23,37,30,16,25,84,46,36,60,22,57,31,28,21,76,56,90,35,58,78,38,35,23,28,18,26,59,29,45,67,16,35,85,19,83,43,31,91,40,67,53,29,52,77,56,45,28,68,26,62,23,64,17,58,32,19,33,29,64,22,14,22,30,30,39,77,26,22,43,43,25,50,30,56,61,70,37,46,118,86,35,41,50,66,48,59,103,42,68,32,73,33,85,77,55,56,42,96,95,120,57,170,83,58,107,36,40,93,41,86,128,76,69,39,39,37,44,79,45,296,72,86,101,86,71,69,98,60,87,72,57,162,66,152,61,81,65,86,49,93,121,72,88,108,120,176,43,129,77,63,67,102,75,77,135,107,76,71,93,104,120,128,114,129,81,89,33,146,111,70,85,98,74,119,112,73,93,92,112,81,73,95,90,128,62,58,130,108,89,54,129,90,92,98,126,46,86,155,128,111,93,114,104,148,62,80,70,96,70,61,108,52,68,45,130,91,56,56,102,124,71,144,86,69,128,79,79,53,85,86,38,35,59,60,32,67,98,114,67,64,38,127,81,30,46,51,85,92,79,75,154,96,78,80,56,115,51,80,38,70,95,98,54,176,57,84,32,61,30,66,78,62,43,58,37,62,72,60,74,40,85,81,121,78,80,32,30,133,161,48,58,46,47,62,72,119,61,70,32,22,46,67,32,43,97,268,48,42,13,39,39,55,19,48,51,15,35,16,107,51,88,31,65,50,93,32,28,33,89,27,113,33,80,24,53,20,64,13,11,84,44,49,44,115,49,30,21,32,58,72,27,46,36,23,29,28,21,50,84,14,95,47,17,88,26,23,24,63,139,42,5,21,20,17,35,46,56,43,61,48,92,18,64,29,32,42,10,9,63,64,17,26,13,84,13,22,59,24,43,20,43,10,41,45,66,26,27,44,57,14,28,59,36,28,43,24,34,66,27,32,39,47,60,108,51,24,22,45,25,77,45,25,21,10,17,23,48,46,26,25,55,6,16,17,15,37,64,35,11,41,8,39,49,19,41,56,62,16,27,17,17,11,9,41,30,33,10,44,15,43,26,7,34,43,19,36,63,65,99,65,34,15,5,46,27,25,16,47,34,18,16,32,161,12,68,48,38,7,42,19,22,129,21,9,25,37,38,19,31,27,38,36,36,34,54,86,54,24,31,37,30,34,46,53,15,10,11,129,41,26,25,29,7,8,32,72,57,21,78,16,20,36,24,62,37,33,60,25,21,19,39,19,50,53,16,10,75,84,71,69,72,23,35,42,21,39,48,79,61,55,92,51,63,54,39,50,46,50,8,86,17,19,32,52,66,52,31,6,4,26,21,12,7,16,23,31,24,67,67,31,47,8,29,22,27,41,36,24,47,10,38,69,33,11,46,38,27,19,24,51,17,74,76,17,44,47,11,16,12,57,31,29,13,41,92,65,14,7,7,26,12,32,19,61,58,7,30,38,25,76,27,22,15,23,29,53,10,48,40,7,29,41,18,103,51,113,13,44,38,41,27,30,28,32,38,22,24,13,19,15,24,15,38,8,32,28,44,44,70,39,5,4,49,37,24,47,43,94,16,34,23,28,19,65,37,14,40,29,20,33,13,19,30,7,55,20,10,7,47,35,16,14,49,25,4,4,52,9,6,64,10,88,30,32,24,53,89,40,16,15,8,40,6,5,13,5,24,6,25,9,8,31,30,12,42,8,191,6,19,15,22,8,27,10,12,17,8,12,6,5,15,30,22,31,59,20,5,48,53,194,10,28,24,30,76,25,58,4,16,12,48,41,23,8,65,7,33,10,20,11,34,56,16,34,43,48,17,64,8,21,36,15,43,31,48,17,10,6,34,9,19,10,9,27,6,19,5,17,35,17,21,30,7,30,12,27,71,5,12,33,37,34,17,15,
8.89,50,12,53,45,135,84,56,63,63,96,217,34,24,27,101,50,74,85,71,77,83,127,73,93,82,94,120,390,143,146,202,128,162,149,127,153,276,225,212,152,186,187,123,160,145,131,137,106,130,151,170,136,154,124,128,118,169,104,145,129,136,114,149,137,116,72,106,139,181,142,112,124,82,98,87,143,101,130,107,105,112,109,131,81,106,76,176,138,105,90,86,168,84,78,130,123,119,160,125,66,151,127,150,145,121,78,91,167,61,116,21,64,78,51,104,82,57,77,81,56,102,39,29,82,71,96,39,67,67,46,127,35,57,57,54,37,71,31,97,47,109,21,72,55,81,77,50,43,51,90,35,53,92,34,51,44,48,62,61,71,32,34,28,39,43,50,86,74,75,10,21,17,22,57,51,23,28,12,100,46,53,35,21,26,54,37,43,13,23,38,14,5,24,59,35,69,15,20,43,18,53,73,81,19,60,48,28,16,11,62,43,9,15,8,10,37,18,17,29,50,20,9,47,13,11,22,6,49,110,15,71,14,19,49,17,36,6,15,17,29,29,22,55,15,31,29,80,6,7,27,8,31,68,6,6,15,5,7,13,8,25,12,27,35,27,14,50,27,12,5,29,32,19,25,63,23,27,16,25,34,12,39,7,23,33,22,14,37,10,41,7,7,42,7,56,39,5,13,15,35,53,116,59,17,52,42,17,46,37,14,137,61,63,38,70,83,56,23,44,23,27,40,48,55,40,19,102,28,41,59,46,54,93,73,53,30,48,106,64,70,48,55,35,74,34,44,79,54,32,30,51,60,43,155,82,41,78,89,87,24,14,64,83,44,83,104,64,64,119,108,91,65,29,91,97,82,78,48,49,75,112,137,87,58,86,56,62,83,63,84,72,92,78,99,91,64,39,106,112,41,101,98,48,63,107,62,49,67,50,91,59,85,66,58,105,44,31,93,50,75,42,132,56,79,49,79,56,87,76,75,42,72,116,46,31,44,78,128,33,98,27,167,71,77,106,69,207,64,54,20,78,31,55,59,47,139,24,27,57,57,57,85,51,54,84,77,55,37,30,190,32,63,21,114,5,21,56,34,39,36,111,56,37,41,16,116,35,53,19,44,53,53,14,45,34,16,101,46,44,9,65,45,40,67,44,40,4,54,17,21,18,36,70,41,7,125,43,60,19,39,12,29,63,20,17,13,7,30,26,21,5,26,17,89,12,48,27,40,7,15,72,19,18,13,27,21,16,23,29,82,55,70,35,4,30,34,14,38,4,21,78,6,72,25,34,32,15,6,17,14,17,52,84,36,15,31,34,27,5,4,8,79,34,11,66,10,6,12,30,19,9,10,12,60,6,5,65,34,43,30,8,65,4,4,43,14,10,19,24,7,64,11,5,55,8,21,26,52,39,5,78,18,31,4,31,5,13,6,30,7,6,7,7,33,20,27,6,8,59,5,16,5,7,69,11,84,11,10,19,6,60,9,12,11,13,23,5,15,33,23,32,31,37,18,17,29,15,57,33,38,18,17,49,8,10,15,13,21,13,116,7,80,6,9,11,11,22,10,20,26,10,22,4,4,5,11,11,23,11,4,53,23,20,24,15,8,10,32,34,5,8,28,31,13,6,40,16,17,15,34,84,25,58,17,4,32,19,28,9,11,18,12,8,18,109,34,21,16,37,6,13,29,12,19,6,14,89,19,33,64,7,40,7,9,31,11,6,72,9,73,33,5,17,15,57,25,6,16,17,21,16,15,4,26,7,9,4,3,15,20,4,10,11,7,8,8,42,33,10,4,10,31,52,26,16,6,19,4,26,37,5,12,24,13,46,59,84,37,45,24,4,20,51,10,4,8,12,81,24,25,87,23,15,10,11,6,19,30,45,27,31,5,4,58,54,81,25,7,11,4,7,4,65,26,7,28,20,36,28,7,5,14,29,41,13,25,10,21,36,29,8,8,4,8,22,7,22,16,13,25,24,44,10,19,14,42,6,33,20,7,5,24,24,9,28,23,12,13,27,46,4,15,29,9,11,38,23,10,37,8,20,4,30,31,25,52,4,63,75,77,5,11,9,5,5,6,7,3,15,18,11,4,6,5,17,29,59,14,4,9,6,64,7,51,25,25,4,5,8,27,8,26,10,51,3,7,4,34,58,4,30,11,24,5,49,4,5,28,9,34,5,8,4,8,13,14,4,7,19,32,4,4,21,57,40,4,36,7,38,8,7,4,3,14,55,27,13,9,11,5,17,7,14,14,46,34,41,6,3,6,14,4,4,33,4,12,32,11,34,24,13,12,4,11,35,5,135,18,19,4,5,5,10,16,9,7,6,5,14,15,8,107,8,28,9,14,16,60,12,5,6,16,12,21,4,5,12,9,46,2,33,3,13,7,26,54,7,20,4,3,6,4,10,4,16,4,58,10,6,
8.71,49,64,117,65,96,67,67,92,96,52,27,42,67,66,61,70,86,59,157,89,132,111,162,194,222,127,199,204,171,198,191,124,284,178,145,186,142,162,198,154,184,165,168,180,212,151,222,182,192,169,288,122,157,125,148,203,120,193,189,158,218,175,162,131,230,112,170,222,155,146,154,133,165,151,194,141,141,222,173,126,192,158,138,170,188,156,183,93,215,106,130,171,140,153,144,106,115,131,181,118,104,99,128,139,88,90,132,143,127,194,85,132,104,79,126,77,82,61,99,57,168,77,93,100,68,84,100,114,106,83,133,78,101,55,86,79,53,39,56,91,61,75,72,110,69,60,92,54,85,69,69,87,31,34,53,77,54,48,36,34,50,41,73,48,43,71,47,86,66,41,78,71,69,32,19,51,94,71,75,62,45,66,52,111,49,146,51,74,47,87,48,12,42,43,34,17,79,85,33,30,215,44,23,44,32,42,50,28,20,62,60,52,39,26,27,50,29,10,64,55,55,26,53,48,61,87,121,28,20,119,86,36,57,116,30,76,85,46,29,18,29,139,46,45,74,22,23,88,37,22,41,13,42,29,143,14,20,28,39,21,14,53,54,53,45,95,47,20,32,67,31,35,69,32,17,77,50,30,25,10,19,29,29,97,36,29,22,87,18,33,15,50,32,60,37,49,44,49,38,75,51,49,96,59,32,42,82,54,57,30,45,56,30,26,80,49,68,44,46,80,187,45,118,71,80,81,89,118,38,63,86,99,87,168,40,56,45,60,108,86,66,131,85,69,116,158,43,111,102,55,162,138,76,146,193,98,103,90,83,78,94,129,80,89,82,92,74,79,124,70,103,74,170,94,73,68,107,119,87,135,140,78,97,86,103,64,61,283,134,98,68,110,80,87,104,125,76,103,90,257,93,103,61,86,101,112,87,111,83,111,154,94,35,81,81,103,76,82,75,150,80,107,96,90,87,102,97,76,67,99,98,49,88,74,102,134,53,54,114,43,91,75,68,85,55,85,90,87,62,61,57,107,81,128,47,107,43,51,95,55,103,96,137,79,50,156,85,77,40,37,65,56,114,44,82,98,75,89,133,53,43,52,43,38,75,56,70,76,60,129,80,17,73,73,68,25,44,88,52,61,38,50,82,28,11,39,50,40,39,36,86,36,31,83,28,31,36,32,90,49,29,55,22,34,20,45,72,108,40,24,48,77,58,17,7,77,32,29,18,33,34,30,65,9,28,86,45,78,40,10,11,121,11,54,23,56,50,84,50,19,35,63,30,58,88,92,41,21,161,16,62,15,77,33,28,34,75,54,49,18,15,64,28,23,20,55,20,38,13,85,26,19,27,36,26,20,56,29,19,82,45,23,13,28,49,44,5,33,89,34,12,30,41,51,14,19,20,9,25,24,14,24,34,32,20,9,19,122,12,10,43,5,45,25,20,17,9,30,31,62,35,27,16,57,100,11,8,19,15,14,18,66,30,50,27,42,30,46,23,23,17,63,54,13,47,8,52,22,13,8,26,15,22,19,37,46,22,69,26,15,19,70,31,14,17,22,33,11,89,28,187,25,35,4,46,31,50,53,61,13,41,26,30,67,16,13,90,43,49,81,16,42,31,30,27,23,38,33,27,31,17,75,23,32,18,74,77,44,46,33,45,26,19,33,40,65,53,31,14,136,20,59,45,42,6,24,46,42,76,30,11,28,54,36,24,37,35,29,73,49,58,24,18,45,10,93,42,49,30,31,29,33,22,31,17,66,41,78,19,87,43,45,15,33,35,73,58,17,27,37,21,12,24,76,88,37,14,23,25,14,77,38,31,49,61,56,114,25,34,46,95,34,32,51,45,9,40,35,33,64,22,8,56,89,36,55,65,27,9,26,20,25,64,40,38,19,71,29,31,47,66,20,64,25,23,25,13,39,72,15,53,8,61,14,39,56,30,14,30,9,37,8,27,46,66,7,90,20,40,24,6,6,89,45,60,16,38,50,122,16,42,37,24,77,30,29,39,51,48,4,10,15,14,4,38,54,31,14,18,41,62,64,29,14,19,43,52,40,43,21,38,21,29,19,14,23,22,21,39,34,20,31,14,27,24,9,13,9,26,22,43,25,45,13,20,24,32,20,9,23,13,17,68,42,33,15,13,15,25,132,26,29,23,9,18,61,16,14,28,32,27,32,56,10,12,13,14,73,6,53,45,11,20,30,7,32,26,61,36,48,57,45,34,28,19,22,26,35,36,24,53,80,18,34,15,31,9,7,11,19,44,6,29,49,64,4,23,15,31,17,18,30,32,23,13,22,18,10,17,10,41,16,14,6,51,28,22,67,10,5,42,54,14,46,10,39,10,9,14,34,9,83,32,39,32,22,27,26,75,20,23,59,60,48,10,17,20,28,28,22,21,91,47,16,20,15,60,39,16,
8.54,48,45,16,25,60,15,119,39,55,118,56,34,53,47,113,53,128,45,156,140,97,166,131,110,150,143,137,127,120,141,177,158,155,164,160,195,154,124,156,174,180,185,237,112,224,116,143,213,105,140,128,127,117,126,171,118,168,131,109,148,118,79,146,156,113,152,119,141,99,79,89,167,98,139,89,116,147,90,89,156,112,143,144,154,123,107,92,162,196,81,211,110,89,89,54,182,75,82,85,71,70,81,68,73,313,59,78,68,64,73,83,87,100,70,48,45,72,38,74,58,50,20,53,63,141,35,48,87,74,22,85,36,97,81,23,71,49,38,13,64,125,27,33,30,57,34,73,30,28,52,28,80,53,45,49,64,58,10,54,52,28,17,18,60,10,37,38,26,22,46,24,54,56,20,27,42,84,81,41,9,20,36,35,21,10,46,31,68,19,22,22,10,64,38,11,21,80,4,9,27,21,23,17,41,52,28,17,40,47,33,12,5,32,19,17,28,16,6,9,11,15,31,45,12,17,39,9,39,28,24,13,48,23,10,13,76,5,103,62,22,47,81,18,37,10,13,14,28,32,74,13,5,28,8,27,7,27,29,22,15,7,8,10,33,7,29,26,69,53,13,69,66,20,27,42,12,23,93,51,13,11,4,17,37,36,12,19,20,7,47,81,15,4,21,50,8,44,66,71,28,19,77,61,57,30,41,90,22,42,57,37,85,99,17,14,65,85,31,181,57,43,45,44,63,55,18,62,62,26,73,49,159,29,139,37,51,54,61,50,109,26,123,67,40,44,75,100,58,72,67,86,46,61,61,83,78,104,64,83,152,122,134,129,89,53,107,95,45,39,64,68,91,82,129,76,86,42,76,35,47,63,55,29,63,74,76,80,88,79,113,52,96,71,71,119,73,80,104,50,101,132,47,48,46,117,65,61,63,85,46,97,25,50,85,126,58,95,96,43,23,99,74,75,54,65,38,73,92,82,79,54,51,107,65,45,100,62,24,35,95,52,28,71,75,28,88,34,55,36,108,201,65,35,58,54,80,56,33,34,81,64,66,84,75,91,24,45,72,44,55,21,81,30,7,88,15,51,60,51,70,26,18,42,81,48,18,56,21,107,84,48,18,28,30,71,38,137,27,23,64,7,14,30,81,94,36,50,19,40,33,43,18,56,26,25,51,7,9,25,28,25,33,22,23,43,31,22,42,6,49,9,94,23,24,47,95,33,66,16,16,4,17,12,14,18,16,13,12,23,26,30,23,21,16,54,70,16,14,30,62,34,13,34,49,75,27,27,15,39,19,37,35,9,11,52,23,108,41,11,23,135,22,12,26,45,75,12,32,4,19,20,19,19,25,15,22,40,4,45,15,18,53,22,20,9,12,13,34,33,35,35,15,23,47,23,24,53,88,54,18,6,38,40,11,53,24,38,17,36,27,33,4,4,11,17,42,30,22,103,34,55,31,7,3,37,27,51,4,20,12,15,25,41,26,18,23,10,18,15,35,7,27,30,9,19,6,54,17,15,4,6,50,32,73,24,7,36,105,9,51,44,17,9,20,38,21,53,9,31,11,18,12,25,81,40,18,28,40,41,45,11,5,5,28,26,7,5,17,7,12,34,5,5,13,70,24,19,32,10,27,52,86,10,13,24,27,12,4,36,6,16,13,4,8,57,36,69,26,9,23,54,43,17,17,24,56,13,40,8,6,9,41,14,34,14,34,74,18,43,47,25,42,228,53,267,6,14,28,14,21,7,36,37,55,22,33,20,64,19,27,36,8,4,17,7,8,13,8,4,4,19,39,35,95,15,56,27,51,30,11,51,57,38,31,9,23,17,67,14,8,4,42,12,28,45,19,41,11,78,5,24,16,39,28,5,44,10,20,10,27,21,24,13,19,11,12,11,42,12,33,23,19,62,8,45,18,24,29,68,15,18,10,10,26,71,40,3,7,7,10,25,18,18,25,21,22,26,17,44,5,19,8,11,4,24,13,60,19,15,29,24,10,39,18,4,4,18,59,44,4,37,5,85,32,32,11,16,5,26,18,15,3,16,17,64,9,5,13,16,12,17,9,13,21,7,11,44,19,20,6,8,17,29,26,21,4,17,10,4,15,26,56,17,5,15,20,35,21,42,4,7,9,5,46,15,17,54,14,19,4,6,4,4,5,19,10,13,20,20,13,10,8,31,9,68,5,17,3,11,26,14,26,30,9,13,2,5,17,6,7,6,25,19,60,10,11,25,6,14,3,12,7,7,9,8,5,59,22,30,11,66,23,22,9,3,11,62,3,27,10,24,15,6,11,25,32,5,31,29,28,7,7,8,17,30,10,7,4,38,7,13,19,21,5,13,6,4,3,18,21,7,16,10,11,17,10,4,6,34,17,51,18,7,22,7,9,19,25,62,14,11,24,38,2,47,7,10,19,11,
8.36,47,194,37,71,22,93,44,97,53,80,55,74,122,88,151,70,99,105,204,145,166,112,167,212,226,168,168,245,179,271,182,217,236,188,179,241,175,171,331,180,153,175,183,186,165,178,155,193,182,201,197,169,144,201,173,152,123,174,141,156,193,162,187,138,166,118,211,148,160,130,100,145,304,135,125,89,93,200,160,231,135,180,162,100,176,171,181,125,146,131,144,139,144,109,95,119,145,140,116,94,152,102,109,98,162,100,138,94,89,110,116,97,138,84,290,104,165,113,146,97,119,55,120,70,71,58,143,200,69,145,65,58,40,72,118,62,50,80,93,27,92,129,133,64,53,37,47,75,77,43,110,84,56,33,60,48,60,31,98,66,56,139,49,30,80,67,122,50,54,145,76,52,37,53,16,30,77,24,57,34,49,38,74,54,46,58,29,77,41,20,32,90,120,43,38,47,37,32,65,17,41,25,58,111,56,21,51,67,18,49,79,32,43,72,36,60,18,50,29,52,18,12,30,58,63,158,51,70,21,68,30,58,24,57,88,123,39,43,48,22,35,55,47,11,33,46,25,9,22,41,43,73,22,28,83,32,53,55,106,9,42,62,49,55,73,35,71,45,33,36,44,66,68,62,29,28,43,42,65,48,7,64,44,48,48,83,55,72,85,131,56,23,60,78,140,41,83,29,66,65,30,35,43,64,99,41,89,51,35,37,42,58,82,84,71,76,62,53,67,32,97,69,81,141,108,96,76,71,119,58,173,61,56,99,94,94,114,92,70,89,133,142,93,124,104,77,105,83,79,126,120,113,193,63,120,108,176,99,47,97,136,70,68,113,159,157,81,114,84,114,106,111,129,106,103,119,64,90,71,86,112,89,79,108,86,98,118,103,101,84,127,149,92,136,123,115,97,108,105,137,99,90,81,90,84,76,79,73,84,153,93,117,93,87,92,109,169,102,88,106,125,108,123,150,85,84,115,122,79,90,96,91,72,52,81,91,118,126,115,107,99,70,68,90,126,45,85,74,48,151,106,40,54,157,80,60,58,90,184,69,34,76,68,34,289,61,99,88,75,74,50,56,70,55,41,29,38,81,36,25,85,74,74,155,66,46,65,70,26,119,60,55,141,46,76,47,43,34,47,60,135,55,68,41,97,26,40,17,43,87,34,58,85,24,41,48,143,60,136,64,62,42,31,86,53,88,32,52,87,46,140,39,44,87,71,91,39,40,57,31,50,10,32,25,38,34,26,28,31,30,32,48,67,6,11,15,26,89,83,48,82,58,18,34,67,76,115,86,50,30,45,60,52,153,19,45,13,21,39,40,59,71,31,22,88,91,18,65,40,27,62,26,60,40,86,28,53,75,61,47,14,21,19,55,102,72,18,56,36,12,52,19,8,33,87,19,13,25,17,48,28,29,24,23,66,20,6,14,26,142,12,27,14,19,33,40,36,36,55,27,31,10,18,62,20,34,49,16,28,42,67,25,31,17,123,29,7,59,19,40,37,24,38,37,29,71,52,37,17,31,35,14,17,14,23,36,35,93,34,29,68,35,50,20,44,50,23,30,32,26,44,13,29,127,42,33,17,14,69,115,14,39,14,16,70,44,25,18,17,36,29,25,23,30,33,23,29,17,52,31,78,57,23,59,81,48,48,32,11,58,49,44,82,84,44,82,44,66,33,63,19,57,45,46,41,27,93,31,26,45,70,40,36,47,25,16,47,94,34,58,43,48,13,19,6,27,61,13,33,29,25,25,123,49,32,16,17,87,19,86,47,25,43,39,38,46,79,79,51,46,31,50,75,69,12,70,31,21,26,34,26,39,10,32,8,33,14,53,13,43,58,33,28,28,38,10,10,151,25,13,177,74,33,59,89,17,49,10,29,43,14,61,27,32,53,59,14,18,36,20,53,39,30,16,17,36,26,17,28,67,42,24,24,25,9,85,37,10,32,7,10,18,37,36,34,18,245,20,44,39,42,66,23,49,18,108,70,94,22,81,30,47,36,13,25,25,41,19,32,28,68,43,11,33,30,65,10,30,23,101,33,20,14,32,21,26,12,31,7,11,30,25,38,18,45,14,12,17,40,17,33,31,39,48,61,31,15,11,42,26,26,6,7,16,18,26,11,22,6,37,19,7,10,18,77,40,18,34,6,18,48,47,49,72,3,12,18,11,55,17,53,16,20,46,218,16,21,37,51,12,37,33,16,33,26,19,14,78,8,14,9,12,12,93,29,44,28,19,48,16,6,17,51,34,41,5,35,51,9,22,6,4,17,73,40,23,14,92,6,9,28,15,25,15,26,25,14,16,38,10,18,9,29,15,43,16,22,34,24,9,14,52,10,35,32,12,23,12,26,14,44,69,82,18,24,12,10,7,25,14,67,20,49,63,13,49,13,48,46,15,9,10,28,14,15,10,6,18,22,
8.18,46,13,59,78,43,41,36,120,44,44,124,98,52,80,60,145,96,141,145,123,140,182,157,166,186,145,156,139,131,125,210,160,113,132,148,172,254,149,123,126,118,166,164,171,167,143,132,101,161,151,143,138,85,183,97,115,145,154,110,207,139,145,145,139,122,154,149,96,142,143,161,114,181,126,143,85,59,95,76,116,120,172,100,191,152,149,94,133,65,152,124,61,64,83,65,104,111,98,177,66,146,134,92,74,89,99,98,153,66,95,112,47,82,89,74,58,103,75,69,43,108,70,39,85,84,98,60,49,26,50,44,87,29,41,49,106,45,89,51,131,62,30,12,45,33,20,43,20,124,52,66,45,47,45,39,79,33,49,28,72,28,18,26,12,27,12,59,24,81,24,11,28,45,68,82,14,55,46,25,35,23,39,53,18,10,61,24,61,40,50,23,7,85,17,102,59,67,51,44,49,50,57,28,40,49,35,18,70,10,15,42,54,22,19,14,11,24,40,35,72,13,30,26,24,26,17,24,60,13,15,30,28,12,23,11,50,56,8,5,33,22,5,13,32,24,41,43,40,35,16,17,15,18,36,21,71,88,263,18,18,25,13,73,24,60,48,6,98,73,35,32,14,14,7,31,24,34,36,71,52,30,37,57,55,17,18,68,15,52,46,11,12,94,40,70,57,42,66,55,40,69,22,29,44,45,53,32,81,105,55,48,53,116,30,41,15,46,92,44,8,31,81,49,11,52,59,35,77,121,83,97,83,78,13,66,42,86,83,114,41,85,99,56,69,116,79,79,68,35,63,73,36,50,97,61,72,49,84,69,89,96,81,111,90,156,43,58,61,92,50,122,57,54,92,99,43,141,70,77,64,99,53,136,100,150,98,87,98,82,107,99,51,55,54,101,88,70,72,53,43,40,102,71,98,81,61,109,79,26,68,102,123,66,71,78,154,54,78,39,39,69,56,84,88,66,88,74,28,30,58,64,39,79,64,42,89,69,67,24,40,46,110,45,65,93,98,52,124,51,63,107,46,74,34,49,38,34,52,48,92,46,53,59,40,65,30,58,36,32,40,89,20,33,26,15,55,14,36,50,44,17,72,38,13,43,43,26,95,32,23,78,27,29,101,57,28,38,42,27,119,79,42,77,14,33,43,17,76,96,23,73,57,63,36,35,82,27,59,27,26,76,54,19,31,50,47,52,61,81,28,35,33,38,113,63,33,24,13,51,29,26,45,4,6,56,41,27,93,56,19,15,8,26,60,11,20,13,36,46,66,25,78,8,64,15,8,26,39,34,80,59,12,26,4,10,90,23,28,44,22,226,8,16,27,10,11,9,60,32,21,14,14,42,17,33,8,46,34,10,38,15,27,4,50,58,66,47,5,7,9,43,4,16,31,49,15,59,19,21,13,7,16,61,42,7,5,12,15,14,43,10,41,22,73,6,18,34,4,17,21,47,22,31,17,8,42,16,6,55,46,71,28,39,64,6,31,26,9,18,32,29,3,8,12,10,49,31,34,19,10,11,31,29,56,8,28,11,73,11,54,24,21,16,32,9,54,19,4,20,7,7,25,21,29,11,78,31,38,17,50,17,9,46,6,16,64,31,39,68,55,12,28,38,18,15,21,3,31,48,8,25,22,28,15,7,18,28,47,2,16,33,49,38,3,28,49,25,27,6,73,43,51,39,6,56,7,52,10,67,21,35,8,48,13,28,36,21,11,7,5,18,13,16,11,28,12,7,19,31,70,27,4,17,37,4,16,31,21,45,9,5,65,5,17,32,18,44,3,12,16,11,18,12,45,23,6,12,6,11,46,40,6,69,29,20,12,37,5,14,29,72,30,25,15,14,46,39,77,16,12,8,74,13,23,56,42,14,50,19,43,25,20,53,33,6,19,27,13,31,13,54,3,10,25,56,21,8,10,11,49,8,28,9,35,22,41,36,14,4,15,11,22,5,16,35,39,31,9,9,12,17,29,17,6,9,18,16,5,61,17,4,4,28,27,7,13,34,26,23,20,37,26,24,22,7,5,28,4,6,162,6,6,14,19,28,29,24,12,6,40,7,30,16,19,34,55,7,15,11,5,22,30,5,4,6,40,12,51,23,4,14,10,4,10,9,2,7,5,6,34,21,24,14,4,3,21,8,39,12,4,11,16,10,2,9,15,17,27,5,4,9,4,83,6,5,23,23,5,24,16,27,74,13,8,12,32,33,18,14,21,9,32,17,21,111,34,4,68,4,8,20,10,26,22,15,7,22,6,3,18,19,17,4,26,6,27,17,5,7,42,14,40,9,14,5,7,5,3,35,24,18,36,4,27,46,4,14,12,37,42,21,20,25,23,6,7,31,19,43,4,5,2,12,16,4,20,46,5,19,13,4,46,19,19,19,10,10,8,15,17,9,5,5,5,20,8,4,6,9,
8,45,66,94,68,70,75,71,79,76,100,130,102,144,105,128,133,147,187,253,150,220,160,194,183,210,239,190,211,184,166,243,202,233,219,155,199,174,268,311,343,165,191,133,169,172,108,145,223,212,163,133,267,188,217,201,135,138,157,134,179,171,115,140,174,200,117,94,158,132,124,126,104,142,149,158,112,112,189,227,239,141,91,154,161,140,118,120,115,84,85,106,116,93,86,178,236,309,144,119,168,151,94,115,86,118,74,76,108,57,100,123,91,76,102,47,70,133,116,79,109,77,153,54,64,69,104,99,64,63,69,139,63,93,62,96,65,51,128,28,94,49,81,39,45,51,36,74,22,36,81,41,71,20,52,96,38,74,62,25,20,55,48,111,65,85,75,42,38,83,50,28,42,76,98,56,41,87,87,43,44,67,99,163,40,48,69,35,39,61,33,30,18,57,61,41,67,54,80,56,33,56,58,70,69,15,41,25,34,68,57,38,19,61,74,48,24,47,22,105,53,52,30,57,48,55,70,30,45,48,83,20,135,73,33,50,46,71,70,42,48,78,32,54,35,77,21,58,48,30,64,81,17,26,81,45,16,37,85,50,62,72,18,16,92,48,80,52,34,35,65,39,76,56,43,72,91,38,55,128,59,98,82,78,165,91,95,73,70,46,68,112,74,60,101,39,45,72,82,294,100,140,75,298,89,87,85,96,143,63,66,64,71,47,116,61,73,122,75,81,66,94,114,53,72,91,56,97,76,111,189,168,114,64,111,116,86,173,111,116,107,132,156,113,96,136,106,139,103,89,108,117,144,73,102,119,112,89,92,70,89,153,132,116,95,76,143,124,59,83,53,77,88,88,99,128,133,161,80,112,88,214,90,157,135,81,223,166,55,135,107,60,111,147,115,143,108,135,135,113,65,150,114,190,105,64,85,116,81,87,97,143,109,64,123,81,89,120,117,77,90,118,96,118,122,53,131,74,129,112,73,54,135,84,139,63,62,65,97,96,82,102,87,38,161,117,69,77,95,120,90,71,86,98,77,79,88,56,61,49,129,37,107,105,38,111,73,84,60,70,44,80,68,65,128,51,82,99,73,48,53,59,91,115,47,70,66,51,101,41,15,43,50,40,54,60,39,64,34,28,78,80,68,51,37,30,58,46,10,28,75,39,54,153,55,57,48,17,13,104,31,33,61,41,38,62,83,63,39,26,108,44,29,81,13,71,60,38,47,35,65,121,64,39,54,13,17,87,32,44,60,51,53,75,26,66,39,31,47,37,59,33,151,37,74,78,72,58,16,106,51,52,42,27,33,13,28,46,47,49,45,32,20,23,6,48,126,39,20,48,67,13,33,95,17,84,36,29,76,19,32,23,24,14,24,43,33,42,21,11,27,23,34,27,13,5,31,51,47,28,31,60,23,42,25,22,24,31,60,57,39,45,13,32,14,40,9,25,21,97,37,44,31,110,14,72,40,154,25,52,65,98,12,20,23,19,41,13,40,21,27,51,45,42,65,43,68,55,36,33,59,26,60,52,39,25,20,32,15,41,10,46,62,79,32,111,67,15,36,41,34,65,60,16,25,66,55,65,46,52,46,41,29,62,52,162,19,31,22,105,107,19,55,47,19,18,59,17,65,61,60,22,20,16,127,55,77,15,30,27,28,24,16,43,21,55,30,55,68,52,71,10,31,7,58,22,65,45,21,25,74,17,39,60,76,59,142,101,39,65,26,62,116,133,35,88,44,27,34,66,33,68,22,8,47,52,38,36,30,49,21,19,16,25,5,73,39,113,44,31,96,55,22,52,46,55,46,63,13,34,45,48,34,28,27,73,65,36,140,27,43,39,36,38,46,131,38,81,23,62,74,41,39,22,26,16,41,20,28,23,78,95,55,18,116,17,49,107,22,37,76,6,42,32,17,29,20,24,95,18,23,22,45,21,72,31,80,12,39,43,64,60,66,18,19,49,11,19,38,11,60,95,13,74,23,16,14,22,96,29,38,22,21,21,13,106,78,26,39,16,19,41,40,80,45,29,86,47,36,13,59,87,13,17,19,24,24,25,19,12,24,22,14,18,67,23,29,7,13,58,5,31,24,6,18,33,4,47,27,10,21,17,11,10,44,18,19,34,33,21,7,67,10,18,35,21,22,32,18,17,26,54,13,34,26,141,99,22,40,23,34,55,21,54,48,58,22,6,20,19,36,28,16,42,11,13,5,20,28,26,45,24,59,23,23,84,19,31,41,84,24,25,32,30,6,7,21,69,25,51,12,5,24,48,14,43,14,3,19,25,37,12,10,29,5,21,17,29,15,56,41,29,51,8,51,13,22,12,21,8,22,35,22,24,5,31,39,6,31,15,36,45,45,48,11,19,17,15,72,5,13,13,38,9,21,63,47,31,32,33,64,6,13,32,25,13,57,99,7,8,
7.83,44,75,45,41,59,48,65,47,142,167,246,120,125,222,91,109,121,173,145,116,152,186,164,163,257,179,191,245,199,227,217,163,256,136,211,263,179,153,150,160,219,201,174,284,156,120,144,206,140,159,130,188,198,165,173,128,174,137,128,227,120,98,169,229,181,208,144,122,125,148,105,122,157,163,163,157,171,174,134,161,182,152,86,94,109,95,157,136,104,89,58,65,98,76,109,125,105,93,139,82,95,74,124,97,62,76,79,117,88,88,65,142,102,178,46,87,66,147,319,77,65,73,79,78,55,46,82,71,68,65,81,81,100,78,71,75,73,76,61,62,22,59,38,68,60,60,34,56,25,68,47,62,66,36,45,51,44,96,34,18,33,41,82,34,63,59,26,23,48,96,24,86,44,45,58,41,23,20,10,33,45,72,56,58,42,33,100,42,25,107,65,35,93,45,18,113,23,75,14,56,29,66,13,58,30,33,74,22,105,29,23,54,43,32,50,36,26,52,34,34,15,72,12,30,32,68,35,57,16,27,61,36,17,22,68,62,62,37,111,45,43,43,21,54,7,21,44,22,43,35,50,49,43,49,22,28,35,79,25,11,32,114,90,19,20,83,21,42,29,35,67,27,63,22,17,44,91,38,56,45,54,38,46,63,59,20,58,60,109,82,70,40,87,32,34,46,83,69,70,49,64,49,83,67,17,33,100,75,80,45,93,54,125,38,102,69,63,104,72,66,71,107,108,135,116,44,80,63,95,95,54,81,90,84,71,68,48,93,59,103,40,68,98,82,91,139,104,107,167,130,95,102,86,89,76,88,97,69,104,101,54,83,76,107,91,126,121,118,78,105,75,140,71,61,114,62,71,132,99,70,102,104,89,138,62,74,57,131,173,80,42,96,117,140,63,88,85,85,86,96,90,62,44,61,70,37,86,99,78,70,91,101,57,67,88,83,101,44,69,59,93,25,80,88,130,29,54,62,53,69,50,47,57,47,66,72,96,77,45,64,59,103,74,64,66,68,89,45,36,114,64,69,67,87,79,44,14,90,38,66,38,7,13,33,112,122,76,32,60,37,73,11,34,47,30,46,110,18,37,29,34,26,69,42,93,30,31,8,26,49,50,18,7,54,46,11,32,7,21,24,21,55,68,213,13,69,33,18,37,9,41,33,32,19,74,48,44,22,41,7,40,22,27,27,46,42,19,7,4,21,46,15,5,17,36,42,58,15,85,58,25,38,21,33,13,26,47,43,32,10,14,6,29,19,32,7,48,23,14,8,42,26,4,32,43,18,65,15,13,33,16,35,28,4,25,105,15,5,27,41,22,19,40,47,43,23,22,92,6,12,48,41,46,63,101,64,83,18,17,48,9,14,15,8,42,63,10,31,10,4,29,9,43,4,8,5,56,42,31,11,10,38,11,7,3,5,53,7,20,39,34,98,13,37,18,34,7,20,10,3,9,21,18,36,19,62,70,62,46,69,8,24,8,27,9,4,31,6,34,13,52,17,4,16,61,33,21,5,3,47,19,23,5,34,17,41,31,35,7,4,36,34,19,19,13,24,60,26,25,40,52,14,13,49,34,48,76,21,19,45,36,6,24,22,92,59,10,5,84,25,25,56,22,21,29,6,24,66,33,35,38,26,17,3,33,49,32,20,37,24,16,8,12,4,28,16,27,42,15,47,40,25,19,43,28,53,15,50,12,19,53,6,6,37,13,32,22,13,9,7,48,63,69,4,125,31,44,33,39,6,12,24,52,42,58,52,80,29,29,35,20,8,119,9,108,10,38,31,45,130,65,85,63,29,4,45,28,35,25,25,49,36,75,30,61,15,61,19,61,22,20,52,20,74,7,6,4,24,30,14,14,39,21,15,12,66,8,269,17,6,93,22,66,25,31,37,52,12,37,4,21,6,6,25,4,36,22,6,16,63,63,14,11,16,28,53,4,7,17,16,15,8,25,27,26,30,15,15,52,76,14,43,15,10,67,9,32,21,7,15,12,9,7,7,25,7,6,6,13,8,10,57,8,10,12,18,12,9,12,12,16,40,19,33,7,14,9,6,25,18,26,32,15,5,16,63,54,4,61,33,54,4,6,24,37,4,61,7,20,6,16,12,5,22,18,22,10,3,11,9,12,14,5,27,21,18,7,35,8,36,14,14,41,4,15,4,22,93,51,5,32,116,3,4,3,7,28,4,4,7,16,12,15,26,20,38,66,65,12,6,20,67,76,32,4,11,29,22,16,12,16,24,10,5,34,4,16,4,6,37,4,16,5,24,4,7,13,17,10,42,13,8,16,37,33,4,12,18,28,34,42,27,12,5,9,7,5,44,4,23,58,8,61,4,40,11,61,47,13,29,6,31,22,61,4,4,32,10,9,12,4,17,8,21,66,16,9,19,10,13,9,5,6,23,2,7,5,29,25,
7.65,43,129,75,197,175,98,181,194,143,213,181,164,202,221,254,269,277,322,280,225,330,217,310,240,233,298,295,274,375,248,297,240,239,191,288,243,274,319,223,236,212,249,213,211,272,272,257,246,207,362,210,191,259,265,189,190,229,245,349,187,197,207,207,181,163,186,151,228,242,204,184,198,173,150,220,156,159,128,134,231,127,102,114,196,131,176,185,131,224,122,162,161,169,250,186,150,146,130,109,96,71,225,165,107,154,164,108,133,77,94,86,126,143,105,116,53,203,136,150,66,103,65,318,148,92,39,97,113,81,147,55,70,48,81,85,229,52,76,134,79,84,165,82,75,104,124,53,19,76,62,111,62,60,61,75,68,61,54,37,50,70,54,77,73,49,39,80,69,75,74,65,72,28,63,119,40,84,42,34,118,32,102,49,69,44,98,69,41,49,86,54,110,57,81,92,58,109,99,45,23,75,53,32,89,50,70,44,231,81,36,53,240,69,82,137,89,51,64,73,44,110,29,49,46,90,33,40,37,84,80,23,50,33,35,29,36,37,47,49,43,42,135,84,67,34,77,62,74,91,68,52,113,171,91,63,48,37,54,52,48,82,204,44,112,82,114,129,60,80,78,125,70,76,122,82,128,90,78,76,101,80,98,70,123,89,154,168,81,114,110,105,72,127,149,159,145,95,129,164,188,132,129,134,146,150,99,116,128,168,163,103,134,144,132,148,167,172,171,114,117,116,188,133,139,117,112,211,148,199,133,117,150,158,164,164,130,148,214,195,203,140,134,177,216,145,105,121,147,133,147,201,148,162,167,143,146,198,190,155,146,173,201,161,112,134,164,189,194,129,158,171,181,157,136,145,149,120,167,135,138,244,227,151,131,161,142,114,152,164,150,126,156,95,238,180,143,213,174,163,139,104,105,82,194,110,120,121,164,120,139,119,125,112,141,113,155,127,151,93,154,96,117,140,106,132,81,177,96,188,116,180,104,99,152,69,79,77,157,117,84,102,177,90,103,128,120,88,91,57,129,54,89,90,61,87,54,47,114,116,126,92,47,60,127,129,96,106,126,74,111,74,67,76,102,76,41,86,67,64,80,95,119,49,123,59,59,62,49,67,88,66,99,73,122,100,103,76,70,71,107,74,120,47,56,61,76,48,73,76,55,42,87,89,20,57,65,91,62,50,44,40,57,25,74,70,84,66,54,39,28,49,37,44,58,52,41,73,36,43,61,80,54,35,88,20,26,72,17,70,45,46,56,67,135,15,95,83,61,41,48,85,36,39,43,5,35,85,48,78,78,37,48,21,66,46,81,63,21,73,63,60,95,40,35,92,76,74,29,31,38,25,57,91,68,74,92,67,47,50,99,38,80,37,34,82,62,61,63,90,48,36,55,54,91,101,20,65,53,35,81,43,46,35,37,40,69,56,56,45,70,36,81,79,33,43,56,23,93,66,65,36,59,31,65,53,123,47,71,100,76,86,38,120,50,25,85,66,32,46,46,104,31,60,37,36,46,78,47,44,15,74,72,68,25,59,70,44,56,65,84,55,60,40,31,107,86,81,49,52,79,124,53,52,73,38,91,71,49,50,58,28,53,46,37,37,128,50,45,49,88,48,291,113,109,123,86,96,53,79,103,46,27,38,33,46,44,36,41,56,64,81,78,42,56,87,31,46,78,142,66,51,75,66,90,54,41,60,86,31,63,51,51,90,85,28,65,39,63,63,62,62,77,74,31,43,77,119,47,52,176,54,36,94,37,64,32,58,58,48,21,216,66,137,74,40,77,69,43,41,63,148,35,22,48,78,59,48,56,44,44,36,74,50,32,34,63,20,49,59,64,118,76,74,48,42,51,65,60,24,32,50,75,73,90,41,73,101,50,45,81,63,50,27,19,44,40,41,31,58,83,39,88,7,50,50,89,72,10,22,23,36,48,41,41,60,40,53,61,74,48,39,40,32,42,84,51,65,68,53,105,56,31,35,15,62,57,67,109,28,57,32,35,95,60,83,49,45,28,27,20,28,125,36,80,78,34,52,63,50,57,36,16,75,45,41,99,50,26,30,31,107,22,77,32,33,34,27,49,31,49,30,42,26,36,95,72,41,22,21,26,26,33,29,41,69,53,37,57,43,58,28,42,45,48,36,72,51,58,49,31,86,22,55,47,53,31,43,42,23,7,130,52,23,70,70,30,13,55,111,12,19,42,23,93,25,35,63,86,26,77,9,24,12,39,30,182,64,28,30,39,42,43,23,125,110,60,41,35,37,47,14,90,113,37,35,27,23,20,39,29,101,18,100,88,82,57,78,110,18,6,101,39,35,30,20,77,36,39,29,30,47,28,59,13,19,15,82,69,22,53,16,14,19,15,45,10,32,15,18,6,29,42,15,25,65,60,43,28,91,22,59,109,25,10,67,18,88,77,14,
7.47,42,214,106,194,177,137,153,214,220,203,233,232,294,275,272,322,355,227,317,286,369,270,259,303,268,360,291,349,317,227,275,222,277,312,247,224,334,228,389,255,217,229,263,250,362,239,184,187,240,166,257,258,205,266,220,344,180,192,239,198,178,226,258,208,200,138,173,153,138,185,215,153,147,216,189,120,138,178,158,177,182,147,127,244,181,149,192,159,183,100,120,74,109,89,128,159,140,142,121,96,123,117,95,87,77,81,205,152,214,67,70,84,143,100,93,155,97,104,115,109,82,123,149,136,77,83,116,73,121,89,120,106,116,63,95,66,81,59,63,47,107,91,116,28,56,62,118,37,98,85,100,22,48,32,90,20,28,72,70,38,50,64,28,78,32,52,44,43,52,45,25,85,30,44,64,58,71,67,55,38,56,137,62,66,8,31,49,22,9,70,32,79,59,123,92,13,54,27,63,24,43,46,53,33,15,54,48,52,74,103,70,41,32,37,81,102,47,33,52,71,54,46,46,19,69,19,56,104,64,23,86,42,107,57,40,73,102,32,145,32,82,53,31,54,62,57,50,38,81,70,145,61,62,89,44,63,73,56,72,102,104,75,99,74,113,84,116,75,141,74,104,79,102,111,81,84,141,148,131,106,132,91,81,92,111,89,135,111,120,159,125,174,113,91,142,133,155,163,129,92,126,135,92,123,109,123,121,96,181,111,144,219,196,181,209,135,115,123,165,127,145,108,151,172,212,136,155,189,132,193,209,124,167,208,152,166,169,156,165,160,184,175,157,128,164,133,178,132,120,197,131,120,156,244,174,113,154,130,115,122,214,191,132,142,204,148,146,190,195,155,217,279,164,260,211,153,120,108,145,191,101,129,106,139,157,87,129,119,171,120,117,158,91,159,149,150,166,85,112,146,87,163,129,95,120,105,81,125,134,104,121,95,107,135,86,153,112,116,131,84,115,102,116,65,96,99,85,116,134,100,90,112,136,121,83,123,117,100,68,61,85,53,35,88,49,111,100,138,75,64,54,62,49,59,136,82,46,26,64,93,72,87,71,113,28,44,66,89,91,63,60,135,83,34,76,144,35,42,39,25,102,88,75,126,59,65,34,44,59,55,71,32,69,42,15,26,28,35,27,37,100,54,41,82,8,42,115,12,25,38,56,20,38,13,74,31,30,56,74,23,30,22,47,87,26,50,38,15,29,22,44,17,37,54,66,40,38,82,25,26,86,39,33,98,18,53,80,4,25,36,28,34,36,37,26,58,39,67,48,18,27,41,42,29,13,44,19,50,7,71,21,17,19,8,41,34,31,90,86,28,8,33,21,43,83,16,26,35,11,49,59,84,38,36,24,53,58,34,30,94,35,57,46,41,28,28,44,15,17,12,30,30,18,21,53,32,16,64,23,37,24,33,50,34,25,36,62,29,57,49,8,69,44,26,124,42,36,29,73,60,43,52,18,98,82,26,71,123,26,33,93,59,69,28,20,20,31,34,35,28,39,47,41,45,25,95,43,62,51,51,32,65,38,42,36,43,93,33,34,84,31,26,50,64,32,25,12,56,23,37,102,37,98,116,65,26,34,54,80,48,37,50,91,10,16,24,43,91,30,55,26,19,36,86,69,8,35,50,20,62,29,23,146,68,16,10,41,150,62,34,26,112,18,39,74,28,57,63,25,42,30,46,28,9,29,67,15,80,37,101,24,161,53,27,38,9,51,17,46,48,52,42,50,66,30,20,22,46,69,46,33,15,33,41,47,101,65,76,32,22,69,41,12,44,20,24,30,37,26,42,37,7,24,34,9,27,38,19,4,31,6,74,30,25,25,31,12,45,18,12,39,38,103,7,87,37,57,43,20,11,42,21,12,18,84,3,47,41,41,51,24,41,20,53,20,11,12,8,12,15,17,89,20,10,39,14,68,12,25,21,8,83,19,37,18,30,10,63,55,54,22,25,19,33,24,37,7,5,140,11,77,8,9,90,54,12,12,23,6,4,28,32,41,10,13,19,18,59,39,47,34,12,78,94,4,7,37,6,3,4,28,6,46,16,27,62,74,20,109,14,93,31,11,9,49,24,13,3,6,11,6,43,19,28,9,22,10,7,61,25,63,41,23,27,30,9,5,22,25,35,48,13,15,33,6,204,54,12,14,8,36,40,21,13,75,4,37,20,44,15,53,42,3,99,13,15,4,15,18,48,4,10,4,11,35,36,3,14,18,11,14,71,4,24,17,47,49,5,9,10,19,19,22,87,22,6,14,18,7,56,8,36,69,21,18,57,11,8,23,46,4,19,20,7,13,12,9,31,5,19,11,8,22,12,4,5,15,35,7,7,26,16,15,6,59,9,11,28,11,3,29,10,45,23,39,9,8,7,10,4,4,20,35,7,10,39,4,4,3,8,4,6,35,33,24,54,16,39,7,
7.29,41,149,178,221,149,217,310,253,223,272,270,432,349,281,374,288,328,345,350,303,360,349,339,293,285,321,331,309,303,317,337,338,307,312,337,292,295,280,283,296,293,445,268,266,213,363,206,239,254,244,283,227,244,303,247,247,223,337,230,241,231,189,307,214,194,232,282,278,197,194,226,213,179,195,251,155,224,217,223,299,204,136,140,172,181,137,153,133,108,160,211,227,153,139,165,153,107,280,158,153,105,131,186,138,118,174,119,154,107,133,82,103,117,188,178,118,113,112,111,112,152,124,121,83,86,100,76,102,183,78,77,95,115,85,99,133,71,150,124,48,96,91,70,48,56,57,87,43,74,83,60,75,110,72,152,67,44,99,30,44,139,107,69,80,59,38,44,72,72,152,61,81,74,25,34,39,73,95,84,49,39,57,68,120,121,106,40,29,72,53,75,45,87,72,85,37,43,70,35,145,31,22,65,100,23,46,78,35,38,41,75,46,68,55,60,43,67,48,38,106,47,50,71,55,31,26,76,114,17,84,147,63,28,74,53,63,66,107,78,75,56,41,92,50,90,63,68,57,36,77,134,112,101,104,113,86,54,75,51,96,151,139,107,117,59,88,77,107,81,71,86,140,81,58,117,105,103,65,72,111,96,92,78,139,147,68,107,108,107,83,106,130,148,102,149,181,106,92,144,114,144,150,143,207,136,119,116,94,151,178,157,159,161,228,216,151,157,114,142,138,151,196,128,164,173,161,121,113,160,123,165,211,150,153,167,178,206,107,120,143,175,118,140,122,129,146,150,97,124,132,145,208,139,231,71,187,180,95,149,200,137,89,249,111,111,141,175,113,145,131,133,111,129,114,104,125,145,118,99,112,103,106,90,182,122,116,90,135,127,146,111,117,125,94,93,99,103,97,114,189,202,97,92,74,98,112,109,109,88,81,72,131,113,129,89,76,109,82,133,127,93,187,172,106,144,108,84,117,82,84,96,82,79,77,93,49,175,99,115,75,48,51,99,86,33,66,92,57,102,63,70,74,61,107,56,44,62,103,53,67,92,87,19,113,96,33,30,64,190,74,65,67,41,77,63,67,24,31,26,53,41,84,54,67,17,25,59,49,37,109,57,66,98,130,25,76,75,80,38,6,108,50,253,29,38,31,33,75,64,42,64,61,31,35,49,36,29,47,57,115,50,23,18,35,56,76,21,69,55,26,40,18,31,21,163,35,80,72,34,104,66,142,46,82,12,29,17,23,19,27,75,66,57,59,66,40,29,22,94,31,36,44,34,9,47,86,29,19,14,8,36,29,66,56,27,42,109,17,39,80,51,15,267,22,39,92,42,50,33,30,13,41,18,80,38,43,120,53,51,6,87,24,66,52,37,31,107,76,53,31,34,46,63,35,27,17,52,106,70,67,32,51,55,20,39,84,16,28,59,17,43,40,22,75,13,131,68,25,85,57,69,28,21,70,25,131,24,136,62,47,114,81,56,77,29,46,15,17,36,20,53,30,28,93,79,40,24,110,22,36,45,18,40,64,88,33,20,15,89,21,32,34,43,58,44,87,64,9,113,78,50,57,35,104,77,59,48,22,33,64,98,31,76,53,17,71,64,37,25,78,111,53,57,45,76,37,92,12,13,49,51,26,70,93,25,19,27,68,56,42,47,172,48,29,36,58,35,68,49,110,28,44,20,31,45,83,90,38,49,38,10,84,58,108,57,33,50,82,43,16,91,65,136,17,20,53,45,33,38,27,24,13,22,38,83,40,42,68,36,42,15,98,25,26,59,39,48,23,17,18,24,33,8,20,35,33,75,73,50,74,15,14,82,54,18,24,29,70,38,50,16,190,26,29,34,19,65,6,9,26,60,56,43,14,87,56,73,33,36,19,189,56,13,26,152,39,23,119,46,22,72,20,91,13,20,46,44,31,34,28,50,151,19,21,46,25,35,33,20,50,9,25,42,53,13,20,14,11,197,93,36,50,43,42,21,68,5,69,25,64,9,14,12,68,43,225,55,61,40,26,46,16,11,10,69,27,58,7,44,19,66,28,18,67,71,76,29,13,43,22,21,50,14,59,38,37,14,5,162,13,14,33,63,57,42,18,165,15,140,167,32,63,26,29,68,54,30,60,12,28,33,39,51,28,75,75,55,126,36,21,31,128,8,65,40,13,25,11,80,25,56,12,90,21,26,101,88,24,66,62,31,93,86,24,17,52,24,41,32,77,10,55,36,11,102,19,9,31,39,25,18,12,16,50,19,25,55,70,51,46,20,4,36,44,27,41,17,21,175,6,59,137,24,86,17,40,6,14,8,6,59,59,27,19,12,23,117,89,9,33,48,37,27,11,106,37,22,84,87,30,44,15,25,124,8,21,29,23,40,19,12,50,8,11,72,172,104,25,36,18,35,26,11,30,13,22,43,45,10,
7.11,40,95,118,303,122,153,120,139,217,175,140,343,196,227,203,231,211,310,200,202,234,203,276,335,166,195,184,164,173,177,228,213,235,199,192,169,161,182,160,227,150,270,131,151,149,207,202,145,187,167,155,219,210,94,246,240,205,144,219,175,164,182,292,164,214,189,127,150,158,123,88,120,155,185,99,89,115,159,164,149,114,143,118,122,99,154,74,165,102,71,82,141,206,92,66,49,93,88,125,121,88,75,64,107,33,72,81,74,129,113,139,77,80,53,92,46,50,47,96,123,44,83,119,44,128,123,64,57,32,23,5,41,51,35,75,34,47,58,53,11,100,23,62,161,71,13,55,138,40,17,26,32,15,28,57,25,55,9,40,25,21,43,24,20,55,75,23,19,65,28,25,46,15,10,25,21,27,27,25,35,21,22,18,38,21,29,32,28,31,20,54,17,42,15,29,23,5,64,8,29,42,8,22,21,17,68,57,27,8,22,29,44,22,16,29,18,36,16,55,39,37,45,8,35,38,54,26,62,74,50,16,63,22,42,9,45,15,30,30,51,26,43,52,85,25,55,59,21,48,49,25,103,23,37,61,34,61,29,86,45,60,62,48,55,137,159,50,125,56,185,66,52,52,37,43,143,75,66,23,83,94,96,69,91,55,85,53,103,97,63,50,96,57,43,88,91,75,72,65,95,116,72,69,96,92,104,148,57,70,179,67,73,82,129,94,75,50,45,91,88,102,128,94,86,117,89,119,88,82,186,98,97,110,99,132,115,133,71,102,96,94,117,88,97,107,79,99,82,113,91,105,60,117,105,88,114,102,77,79,116,67,98,72,76,107,65,71,80,95,99,55,56,65,70,98,119,162,123,67,148,73,93,98,51,34,57,72,67,55,93,108,74,82,148,43,57,50,95,77,121,80,84,41,98,26,27,77,54,52,110,62,42,51,63,85,62,55,21,46,51,67,99,114,76,61,62,92,49,57,78,43,27,65,34,39,30,33,163,46,54,35,28,14,33,43,19,44,12,70,40,37,64,37,80,12,84,73,67,16,69,113,29,17,40,13,61,8,68,18,36,24,26,18,39,17,21,34,15,37,48,32,54,10,46,19,10,16,5,49,31,8,9,12,23,8,36,5,7,19,21,4,13,188,78,7,31,21,16,4,5,23,41,123,21,43,11,7,172,6,19,27,111,21,40,9,23,66,50,15,6,4,68,27,20,22,26,6,24,10,19,17,3,8,21,4,25,36,10,18,43,37,8,7,20,7,25,4,8,7,48,27,14,31,59,23,38,78,8,30,21,5,12,10,33,5,48,24,7,8,15,4,34,22,21,10,37,18,4,5,5,37,22,46,52,4,10,74,40,5,20,101,15,20,35,6,28,45,17,12,34,51,32,13,4,5,46,11,79,25,9,10,15,7,6,26,28,37,47,29,13,8,106,46,6,44,69,11,26,91,4,18,14,11,22,67,23,9,30,40,33,4,27,89,4,100,33,17,36,3,10,9,41,17,51,25,8,11,15,12,10,51,7,12,14,4,6,35,16,6,6,6,3,48,23,6,76,49,8,22,34,6,11,29,24,50,21,12,25,14,20,3,45,60,13,7,28,34,38,25,60,35,34,27,8,9,18,5,43,45,11,254,47,9,50,8,49,3,4,21,10,35,12,151,62,8,7,7,25,14,31,53,5,48,33,60,15,14,7,24,9,3,41,37,32,56,7,13,9,7,7,15,29,35,26,75,4,10,24,2,4,25,105,10,12,13,60,4,10,71,37,8,3,62,34,7,19,22,22,34,13,57,26,6,29,7,12,28,33,14,20,102,10,122,4,4,37,10,47,39,13,13,113,11,15,13,20,5,31,14,14,20,37,8,17,51,43,4,5,5,15,31,8,11,7,56,12,5,77,4,75,8,19,11,22,4,5,3,6,30,20,49,25,28,8,22,5,4,13,19,6,8,10,8,37,6,26,40,82,31,3,37,62,37,7,25,11,19,44,10,4,4,15,6,20,45,30,75,13,21,5,4,4,16,15,5,19,7,10,12,4,38,35,11,7,5,43,16,9,33,21,22,12,42,19,20,4,23,18,26,4,41,91,6,6,6,8,4,33,29,9,177,50,21,8,15,28,4,77,73,15,14,18,16,23,21,20,26,6,8,18,8,38,99,17,39,10,4,16,29,12,13,10,7,14,15,12,16,27,9,5,40,59,8,12,39,74,36,12,10,12,10,6,18,3,2,15,20,9,43,17,120,22,18,39,7,14,40,41,44,86,5,4,11,18,20,6,5,15,4,25,82,54,92,17,24,23,8,15,5,25,4,47,16,21,9,9,21,23,3,10,29,3,5,21,6,5,16,24,8,51,50,8,8,11,8,21,6,13,8,7,12,76,11,32,38,38,9,12,5,37,6,10,11,4,5,88,20,7,12,
6.94,39,127,112,98,109,195,145,120,177,170,233,174,197,205,153,189,235,226,181,191,222,169,187,210,192,213,197,166,173,186,207,200,152,167,161,146,165,180,178,222,164,180,150,136,161,158,170,179,212,167,153,168,194,170,267,128,158,120,157,232,203,162,191,190,108,129,159,140,87,122,194,110,144,116,144,144,132,120,136,86,78,123,134,122,116,143,123,94,94,94,78,163,101,107,100,119,95,101,60,76,59,95,69,51,176,46,45,82,123,78,148,71,72,113,60,55,156,63,86,45,39,66,66,115,34,47,127,46,20,79,54,92,39,58,54,84,35,83,59,113,47,85,163,19,30,77,37,66,49,168,47,46,129,38,63,30,36,60,59,49,91,83,57,40,17,60,99,41,82,90,86,58,39,44,47,54,38,48,41,36,34,11,43,19,83,32,12,28,99,52,48,85,50,42,14,97,14,45,152,43,38,43,20,25,59,33,54,24,43,55,34,18,33,195,73,26,12,37,21,31,8,33,79,24,64,26,38,15,33,23,27,49,27,49,8,37,66,20,23,123,21,29,35,20,39,51,88,37,94,14,83,27,82,27,57,35,30,57,111,90,74,54,72,45,105,88,98,25,36,88,117,66,80,81,54,72,71,64,55,60,126,69,110,67,64,56,68,88,84,90,48,70,85,93,119,41,89,169,64,66,185,73,81,78,53,92,73,52,78,78,103,42,50,136,97,75,108,60,80,89,48,72,48,89,104,67,75,165,135,69,110,70,84,131,58,91,90,78,77,77,125,69,81,84,70,83,78,64,125,76,60,60,78,68,79,70,62,125,104,60,135,103,167,106,95,152,61,82,122,58,61,84,100,71,90,49,71,46,152,115,75,91,44,75,63,106,90,54,96,84,62,64,48,107,91,63,114,48,26,59,66,52,147,62,58,60,63,44,35,73,63,58,77,56,35,44,193,44,52,48,95,42,62,23,91,61,30,49,68,76,122,36,54,56,40,21,53,47,102,36,88,121,73,55,54,107,41,69,146,51,40,41,58,46,133,11,23,15,118,126,29,20,25,47,39,72,25,73,62,25,34,61,36,37,23,25,39,21,68,20,59,6,18,12,85,13,29,27,63,22,105,40,16,57,21,19,14,21,64,56,66,34,46,13,23,30,119,35,132,12,48,55,13,32,16,30,105,69,61,64,40,76,12,15,19,43,15,27,11,44,23,22,20,37,7,58,19,53,54,23,36,27,29,46,13,72,34,29,149,49,54,20,30,18,48,23,77,19,40,11,43,64,60,44,10,29,43,37,49,18,30,78,6,8,13,24,64,17,49,22,66,38,13,34,19,53,49,40,40,30,30,14,7,60,11,99,117,86,73,30,22,37,31,28,23,25,15,115,18,38,7,106,7,19,257,27,38,33,41,14,62,30,44,58,97,20,24,35,21,27,72,31,10,24,64,27,40,9,68,21,32,31,23,75,38,32,36,46,51,37,95,13,21,42,44,114,17,55,33,17,24,32,20,31,24,21,7,22,42,25,22,35,48,20,144,58,46,35,72,31,51,18,41,39,9,44,16,18,13,37,14,34,12,9,69,33,33,63,88,47,23,46,25,12,93,22,82,23,42,69,36,55,44,20,45,46,27,73,68,89,32,42,118,27,11,45,13,41,14,8,14,59,7,77,36,18,9,34,54,68,37,55,12,27,40,37,46,90,19,84,31,21,63,46,25,15,24,44,90,21,13,17,32,40,114,72,16,28,29,61,88,31,20,27,38,270,123,59,7,52,14,13,41,55,21,54,21,62,96,12,82,8,98,30,23,58,40,21,39,58,8,27,38,18,24,54,10,46,19,11,34,11,30,23,20,38,20,51,51,55,96,115,19,44,11,47,39,81,15,22,58,84,16,62,9,19,83,31,34,26,27,10,97,48,63,78,18,35,73,7,13,25,7,155,61,21,9,13,9,22,22,22,10,14,103,100,9,56,31,57,31,90,19,40,44,12,74,9,106,61,27,73,33,99,24,56,83,50,37,123,51,46,8,20,96,50,10,20,41,8,33,11,27,15,81,147,43,41,24,51,27,94,38,11,12,53,46,12,5,21,61,49,18,39,18,12,59,24,58,8,103,46,46,8,31,7,30,37,6,89,12,82,24,43,23,28,38,141,27,35,58,7,94,78,54,33,15,38,22,27,22,49,37,45,41,29,19,43,14,5,13,8,27,18,14,78,42,57,43,107,79,50,32,68,11,34,13,15,11,7,116,20,44,15,4,11,52,55,30,13,24,24,36,21,6,6,56,11,27,13,80,54,33,84,47,14,13,48,19,7,33,25,38,11,104,91,30,51,28,40,49,34,26,24,6,45,24,19,23,36,37,25,101,17,14,34,44,25,12,21,59,44,37,23,6,38,31,39,31,15,26,18,36,26,30,73,33,41,61,
6.76,38,54,65,81,87,81,68,77,128,100,161,96,98,87,142,228,121,176,179,89,124,149,120,182,115,110,116,107,122,149,101,170,122,94,89,78,71,128,90,113,214,93,124,87,54,78,97,93,106,186,92,119,76,111,86,69,122,56,94,117,121,134,104,63,68,71,91,145,111,156,58,100,83,87,157,133,46,94,98,63,70,37,101,47,43,73,89,127,48,53,71,61,53,22,46,112,54,53,30,56,55,51,42,83,23,52,46,121,48,42,58,46,41,54,43,80,57,21,9,35,55,35,37,35,35,38,39,22,24,19,10,68,232,19,19,37,12,43,76,71,23,103,39,30,33,33,21,26,32,18,19,14,16,11,68,38,44,107,48,33,48,85,43,12,13,27,14,65,7,64,9,33,40,15,34,21,60,52,5,32,4,51,32,47,34,41,82,31,27,31,88,7,39,23,14,21,74,55,4,43,17,11,15,31,48,55,25,55,5,10,36,19,50,32,56,161,39,48,24,66,43,21,7,24,20,23,14,30,19,13,32,28,25,15,23,53,13,75,15,19,29,40,22,27,16,41,8,15,21,61,79,55,25,40,109,25,29,42,31,28,24,35,142,37,44,14,67,11,24,31,62,19,43,32,53,89,87,41,14,50,58,77,139,28,103,62,32,50,91,73,36,54,29,24,40,30,67,89,60,50,45,74,46,59,42,53,38,50,106,65,112,48,72,68,66,59,70,85,69,43,43,55,64,39,47,55,43,57,22,38,62,102,64,101,96,79,146,49,79,105,69,58,107,43,67,73,50,68,93,99,48,54,78,20,42,78,116,73,60,62,72,22,85,43,68,42,29,76,43,36,45,58,49,65,39,69,39,25,49,31,71,27,92,94,112,73,33,65,50,80,103,75,19,65,45,51,67,25,46,70,167,86,20,159,70,22,42,23,6,17,23,43,57,36,49,17,41,45,23,27,48,47,51,45,35,9,39,25,42,13,42,90,58,29,24,65,29,81,54,52,63,34,87,7,25,20,14,89,35,29,8,50,42,35,54,28,13,11,34,45,8,9,32,27,41,34,4,6,35,15,12,5,13,27,7,23,29,55,32,15,56,23,11,45,21,40,34,12,5,13,23,59,24,4,11,22,60,37,24,12,13,3,69,4,46,63,85,32,59,12,4,25,45,47,3,16,30,5,62,8,21,41,4,25,18,17,10,6,10,14,7,19,30,20,82,5,61,16,37,16,17,20,11,83,14,5,55,14,56,19,52,35,5,21,10,15,6,10,11,7,46,47,89,4,11,12,57,24,12,31,24,22,9,3,5,27,5,22,13,16,31,7,21,42,9,9,15,9,20,12,37,73,70,18,3,7,57,51,36,39,5,10,20,16,11,55,46,5,11,4,17,27,11,4,49,18,60,24,20,27,51,18,4,31,7,8,13,30,17,16,5,26,4,26,5,19,64,268,3,29,61,39,29,28,5,137,36,6,24,14,20,40,41,20,9,9,31,63,36,24,51,21,49,12,19,20,71,8,129,10,88,5,41,26,10,29,18,6,9,18,57,22,8,26,14,63,26,35,5,42,5,5,42,37,103,8,30,36,32,15,85,50,62,20,31,65,101,21,23,17,17,28,18,84,57,33,51,20,17,41,27,45,29,8,20,53,10,36,17,14,17,7,30,149,14,43,9,18,13,8,36,17,9,55,11,8,19,26,4,121,7,22,26,16,36,24,4,34,29,8,21,19,4,4,6,13,104,41,19,13,31,15,11,7,10,39,32,36,39,15,47,27,12,6,7,8,9,14,4,13,4,5,105,40,39,71,22,7,7,21,15,53,11,8,28,70,25,15,15,28,58,37,23,42,12,20,32,7,36,9,9,20,25,11,59,34,60,4,40,19,5,71,19,50,17,22,15,5,17,12,16,12,13,8,25,24,8,6,16,8,5,14,25,16,9,13,12,4,15,6,20,20,3,205,27,19,14,28,13,31,17,11,4,15,47,8,11,7,4,45,28,13,11,4,61,11,25,61,15,20,30,20,10,2,33,9,11,4,4,27,14,4,11,17,13,4,3,11,36,5,9,32,24,10,26,15,4,14,9,18,4,8,18,19,7,9,49,3,46,24,19,7,9,14,29,46,8,26,41,5,74,36,7,43,10,19,5,18,7,4,34,25,22,9,22,6,73,11,9,52,19,14,19,5,60,18,13,48,4,31,29,3,33,38,18,21,32,40,5,46,4,21,7,29,16,12,12,155,28,5,59,6,19,3,88,14,31,13,17,26,4,11,15,11,21,16,6,44,8,9,10,16,4,22,51,9,30,16,31,18,64,4,15,19,34,10,12,5,3,19,27,13,164,53,11,14,6,11,13,13,9,41,35,18,20,5,4,34,20,3,44,3,21,8,4,17,10,3,16,31,25,37,25,24,53,22,37,11,12,
6.58,37,57,124,138,72,75,101,109,92,93,99,185,146,104,120,100,107,188,89,167,171,185,109,104,126,139,152,109,207,163,133,143,131,113,158,116,103,179,170,111,84,128,175,191,75,127,87,127,104,241,168,96,106,117,219,68,81,129,163,120,123,117,80,96,113,87,107,112,73,113,80,180,88,133,220,68,83,73,71,129,80,53,69,105,78,82,63,97,63,65,104,143,74,80,151,33,72,96,90,116,79,45,56,57,69,46,161,76,62,57,69,48,71,37,84,110,43,44,47,85,56,88,107,42,58,31,55,83,54,118,77,61,57,38,43,34,94,35,45,33,61,27,59,51,20,35,53,38,28,27,78,55,51,37,203,50,99,42,36,57,51,122,210,60,28,65,32,35,20,26,22,78,24,59,51,54,39,78,61,27,42,27,49,42,23,49,37,23,56,17,60,46,63,17,29,44,16,35,16,44,54,29,24,65,93,43,65,40,36,21,39,84,95,46,73,88,59,34,34,56,34,55,49,15,37,53,110,26,138,48,91,69,28,44,15,52,84,33,44,30,47,30,29,78,76,14,18,55,53,31,56,11,20,61,37,31,53,30,52,21,70,43,73,61,47,55,64,84,41,56,28,61,55,43,51,44,57,104,40,38,59,38,105,156,74,111,62,44,48,40,57,93,84,70,48,118,81,52,68,51,157,76,175,56,54,53,78,74,79,95,86,83,47,128,63,101,39,61,63,87,59,74,40,53,43,113,66,82,104,43,83,59,72,112,74,66,71,158,63,117,72,99,76,43,83,75,75,82,95,89,50,70,58,81,81,58,44,55,95,54,79,96,61,82,124,65,186,55,62,49,73,127,74,74,58,104,43,56,91,92,61,83,56,75,101,128,43,54,55,51,33,80,68,39,61,82,59,72,55,57,110,66,73,57,59,65,87,85,44,89,101,104,99,74,64,114,18,65,88,65,84,54,63,55,72,84,101,76,79,55,81,45,78,32,65,55,23,21,62,57,17,55,119,27,63,51,34,103,63,81,31,40,55,40,30,31,15,28,47,115,106,13,35,15,32,35,60,7,23,44,14,34,96,18,85,44,30,12,67,18,24,43,141,71,65,23,35,20,62,153,26,32,19,65,41,18,46,67,21,26,55,51,58,21,61,35,15,50,79,85,44,41,6,58,73,12,32,59,65,94,13,98,110,11,125,41,64,31,15,25,11,28,20,7,39,80,47,91,51,7,34,25,69,57,19,22,6,10,20,25,57,57,56,12,60,8,8,7,44,25,24,18,15,50,13,32,12,28,23,28,20,37,17,17,38,17,85,36,41,20,38,88,93,28,19,11,20,16,34,76,56,75,26,30,6,52,66,6,22,61,125,27,16,8,134,50,38,23,10,8,7,33,24,34,91,15,15,31,33,12,55,41,41,25,39,15,66,9,28,6,16,41,14,17,22,26,23,57,8,26,8,14,35,32,89,30,15,106,46,43,51,45,42,37,30,36,51,54,6,28,22,45,13,44,66,55,28,24,27,5,127,42,35,107,40,95,56,66,37,48,55,42,34,35,108,48,81,46,17,50,38,48,63,11,30,72,28,33,26,12,28,23,20,19,5,77,30,46,75,47,43,11,27,54,21,133,49,56,61,41,26,9,46,45,37,28,33,9,40,52,84,41,58,16,7,56,28,16,76,39,16,7,27,16,38,55,42,18,23,61,35,64,41,70,17,26,52,23,17,18,177,20,31,56,61,17,25,50,20,56,24,17,24,45,49,18,24,14,10,33,24,13,26,36,40,15,7,14,61,50,24,33,22,7,53,33,8,29,21,49,28,32,21,9,23,58,78,14,162,12,34,36,10,34,15,4,12,62,62,11,18,21,5,82,61,43,36,25,10,25,44,25,11,30,21,31,35,22,30,8,52,19,9,41,10,56,23,23,11,40,9,25,57,33,18,65,28,97,94,13,67,76,23,6,15,19,25,18,13,45,10,5,27,34,15,29,20,30,33,22,18,78,86,29,21,22,73,49,10,6,154,39,7,4,30,41,26,11,12,30,41,7,31,88,54,10,22,8,16,13,72,49,54,21,28,67,61,7,27,29,14,97,53,10,55,52,57,21,76,31,37,17,5,18,60,11,33,49,33,35,26,22,35,19,24,10,27,12,22,76,42,62,17,13,16,35,10,22,12,21,15,38,14,51,20,37,9,36,22,9,106,15,33,21,21,45,26,15,34,14,18,10,18,32,63,55,13,56,6,15,45,30,31,22,10,15,24,59,24,10,26,10,61,10,40,38,91,39,54,16,50,18,10,14,36,27,13,40,15,41,26,25,10,44,47,34,58,124,31,51,14,25,19,18,21,8,24,81,11,13,11,66,9,23,25,5,33,13,6,16,19,87,13,13,7,12,11,92,13,25,16,11,17,18,22,39,4,39,26,
6.4,36,30,83,55,147,180,180,88,67,124,144,79,100,103,95,140,155,161,168,157,150,91,129,98,124,124,153,133,129,91,166,103,112,135,68,91,108,66,77,170,169,101,109,87,134,154,56,96,75,121,76,100,90,82,119,163,45,58,80,117,108,106,116,192,148,86,87,91,89,98,43,41,93,46,61,65,51,79,95,58,66,102,82,74,71,124,66,62,61,88,83,32,39,31,99,49,34,37,73,30,39,46,43,49,59,27,79,54,39,14,37,83,21,49,88,80,73,34,33,58,20,72,58,17,50,64,38,30,59,77,61,11,33,48,38,38,59,28,41,20,26,39,27,17,132,58,61,16,26,20,46,51,43,35,32,30,12,50,38,39,40,32,45,41,6,29,30,12,73,38,10,27,53,33,45,48,20,12,15,20,26,59,94,59,26,67,38,45,7,54,11,41,16,17,13,109,6,19,49,21,17,22,17,12,12,74,27,22,23,8,26,18,37,29,17,5,16,23,19,31,8,16,27,8,60,32,17,5,15,31,27,18,21,28,42,37,44,54,31,12,24,13,49,45,38,41,42,66,51,17,20,38,62,16,64,22,53,86,14,51,28,32,80,10,28,141,37,46,12,54,35,25,8,46,11,119,93,105,42,52,67,31,104,69,55,67,18,155,85,38,72,73,52,221,27,70,68,237,143,45,30,68,130,35,48,52,44,72,52,120,74,62,155,32,70,41,45,60,83,76,59,58,46,70,23,69,54,67,52,144,45,98,71,39,155,39,51,62,55,88,87,104,44,73,60,67,65,67,47,80,58,88,123,50,68,26,83,68,52,61,22,61,61,124,80,94,47,54,63,92,130,25,60,107,29,42,25,69,48,36,29,130,54,40,58,14,96,27,47,77,62,53,28,88,52,27,46,43,16,63,43,33,36,82,19,34,32,42,63,89,41,7,43,62,57,39,53,11,19,50,17,49,17,30,26,44,33,29,46,94,14,47,13,42,84,18,31,29,80,3,60,25,69,117,14,18,21,117,12,15,46,9,9,18,29,19,5,60,26,41,21,59,38,31,11,25,7,37,22,18,8,57,20,63,10,47,22,44,29,38,37,42,6,69,16,22,7,6,8,8,75,24,5,90,23,4,30,38,19,10,7,9,8,12,11,49,10,48,7,14,14,8,12,23,10,9,13,91,16,37,11,18,4,13,4,7,13,5,36,44,32,4,14,9,74,10,32,22,7,13,16,79,65,10,9,9,13,33,19,22,51,44,65,101,9,13,39,24,21,10,14,4,7,12,8,9,17,26,4,15,59,31,38,4,155,34,8,15,45,71,28,52,7,23,35,52,9,6,5,24,4,47,6,20,18,19,20,39,54,11,122,6,12,31,8,29,99,45,12,50,56,13,16,11,15,26,9,80,66,27,10,6,15,98,22,21,104,20,26,28,4,17,68,34,7,8,19,25,54,6,5,22,17,13,46,26,85,8,30,34,6,48,11,39,21,16,15,28,14,23,5,42,17,25,14,35,29,10,17,53,8,16,4,25,24,19,176,32,17,37,20,29,39,5,64,25,27,66,13,9,26,3,11,4,70,47,47,8,17,5,27,17,30,15,20,9,17,27,11,4,10,6,10,5,15,13,6,73,13,25,3,49,18,18,16,15,26,14,24,56,12,42,7,129,43,9,11,9,27,27,20,4,9,33,23,5,12,46,58,7,4,4,7,20,7,63,13,97,4,15,33,20,3,9,37,253,126,5,86,4,5,11,29,4,13,27,63,4,32,19,9,33,13,10,11,16,56,46,18,69,8,18,42,18,32,41,22,17,8,18,29,28,11,40,37,33,14,14,4,17,8,5,4,8,48,8,46,88,4,21,40,5,56,12,11,9,3,6,11,39,15,39,63,77,32,52,33,4,43,26,9,20,16,19,62,11,53,22,11,19,25,54,9,4,3,37,28,23,18,25,27,60,7,5,29,17,16,4,5,18,106,5,6,8,14,7,21,16,7,22,16,45,7,4,49,3,21,14,4,4,4,26,37,14,54,26,4,13,4,46,43,11,5,52,25,10,9,10,15,38,12,32,41,17,47,12,5,8,2,17,4,6,4,4,12,6,15,87,12,4,18,12,5,4,23,5,14,7,34,21,7,7,19,13,17,9,16,22,8,11,37,9,48,11,31,6,11,11,22,10,111,7,32,165,37,12,19,5,7,15,9,50,3,12,31,36,5,10,31,13,17,37,31,53,35,29,49,18,7,19,5,9,5,17,24,11,40,13,14,4,4,22,8,5,7,11,4,5,5,11,41,6,79,49,24,4,6,16,30,5,9,18,38,4,39,19,4,74,8,5,13,29,5,54,4,16,3,6,30,20,12,8,10,7,3,13,5,14,4,13,12,6,5,8,43,17,20,18,11,14,9,52,7,31,17,23,24,16,14,
6.22,35,90,63,61,79,112,98,111,115,121,89,89,158,88,202,158,128,68,115,139,102,138,87,116,134,119,81,88,142,60,138,126,84,101,152,273,128,106,107,126,105,102,80,81,70,83,97,78,62,101,121,137,80,73,119,73,103,73,103,78,75,69,76,77,64,67,59,55,89,60,55,63,119,67,78,69,60,66,60,92,92,54,75,54,58,71,114,58,63,34,68,91,95,35,90,52,48,80,44,35,69,48,65,47,75,130,22,33,86,47,39,18,17,46,14,24,47,69,39,21,34,23,58,36,14,56,39,55,34,57,38,20,26,36,58,13,4,48,11,9,28,49,15,28,49,34,67,50,30,59,36,100,25,20,45,42,23,30,19,38,66,49,36,26,53,45,66,5,49,7,7,8,48,15,35,27,16,27,12,30,16,18,83,25,20,19,56,13,28,18,42,82,8,19,6,62,12,14,7,22,90,17,16,17,10,11,38,5,44,15,51,24,48,18,4,75,11,7,39,19,73,52,18,34,11,21,51,8,26,31,15,20,5,30,46,28,45,16,50,14,33,6,69,153,28,39,18,35,94,13,28,10,42,13,88,32,11,45,12,21,60,33,38,9,75,28,33,31,40,87,59,59,26,31,43,34,62,41,42,71,28,32,46,47,51,61,71,119,34,60,51,33,73,36,30,64,97,59,101,54,43,52,93,79,71,69,39,51,36,55,45,51,33,86,50,75,50,107,68,42,90,64,64,72,54,73,74,77,45,64,62,27,39,179,61,57,58,50,73,77,129,62,33,62,66,47,37,58,31,165,74,73,74,83,66,55,102,54,89,75,85,48,42,79,127,46,48,46,74,89,125,55,59,77,98,52,39,25,29,75,52,28,68,37,52,67,16,91,40,32,55,52,36,126,108,64,25,33,85,65,60,55,31,38,58,47,61,61,57,24,16,24,31,33,46,46,19,22,25,37,16,54,12,26,30,36,59,34,19,97,11,96,49,28,70,21,13,16,55,7,28,3,17,58,8,8,6,18,12,17,39,21,34,25,29,47,20,52,25,28,49,41,39,39,45,5,4,33,11,29,11,8,7,6,7,25,32,67,9,16,56,48,47,7,66,42,31,15,26,36,62,73,6,30,10,51,38,9,31,8,4,58,57,22,23,26,30,14,10,12,4,4,35,4,23,17,10,4,17,46,77,8,24,58,7,13,39,12,72,19,24,12,34,8,64,30,31,38,14,15,15,17,35,3,11,23,44,4,47,22,23,23,5,8,38,18,4,6,14,41,4,39,35,6,12,11,66,16,8,3,41,3,10,44,37,76,4,9,27,9,29,7,13,10,7,74,57,155,27,51,18,18,4,19,4,164,17,17,8,11,6,13,44,26,11,23,5,53,13,22,18,22,16,65,5,19,53,11,42,6,15,13,21,37,3,38,5,24,12,12,51,19,9,16,67,29,32,5,45,10,34,36,11,38,53,6,32,64,28,9,22,10,32,15,84,14,4,13,28,39,53,30,22,21,52,13,36,51,28,24,29,55,11,23,29,29,3,13,15,21,28,25,48,5,10,4,95,42,48,5,21,43,13,70,45,23,7,15,20,29,28,4,31,25,27,31,15,14,20,53,46,29,22,56,94,10,59,5,14,93,27,39,17,3,7,15,38,17,118,24,9,20,109,8,6,68,7,36,5,13,28,15,30,12,28,2,13,23,13,9,45,36,26,18,25,6,38,4,66,6,25,25,5,17,29,12,70,13,8,4,16,31,34,6,7,6,37,50,36,40,12,51,16,4,10,5,35,57,5,6,11,11,26,34,4,12,16,45,20,11,66,14,9,16,43,26,11,59,5,14,20,21,18,27,5,24,21,7,3,46,4,9,3,32,6,43,82,9,6,6,18,40,5,7,24,4,4,31,14,20,4,18,19,4,9,21,15,5,4,19,2,4,74,30,19,102,14,40,11,9,3,6,4,11,11,4,13,5,9,4,26,32,28,9,32,102,14,80,15,20,7,23,5,4,6,11,10,21,19,3,5,17,7,22,5,8,11,7,8,19,10,7,60,41,21,6,6,29,7,23,6,3,43,11,6,17,10,4,3,22,4,5,93,12,5,4,30,4,5,14,31,9,17,22,4,8,7,17,5,8,16,8,32,43,11,17,4,4,3,23,10,12,8,3,43,18,9,6,55,10,23,9,44,11,37,7,44,25,5,6,5,3,4,4,4,19,15,20,15,160,5,5,38,4,22,27,8,11,29,67,4,16,11,18,9,17,19,41,29,4,4,13,18,36,7,4,11,47,11,5,35,5,5,15,4,18,36,9,4,15,3,99,14,7,4,40,29,74,14,4,11,25,20,5,5,11,4,37,6,9,24,9,30,22,12,16,14,9,23,4,3,18,34,17,3,9,6,25,8,4,13,9,27,17,11,4,12,4,16,
6.05,34,44,108,141,350,151,117,155,144,179,145,125,114,141,173,103,144,123,108,169,108,147,120,170,147,123,135,124,156,153,129,140,178,305,133,103,128,138,156,137,113,111,160,178,111,171,123,92,141,111,108,95,187,121,114,104,162,90,99,118,105,82,69,104,107,119,105,113,124,135,90,157,65,121,132,55,96,92,168,82,129,187,103,72,98,96,86,70,112,203,75,86,101,112,70,150,47,64,104,74,66,44,61,55,107,93,95,59,64,92,50,94,55,59,24,68,73,50,88,91,59,27,43,92,40,36,27,51,70,63,48,76,58,38,31,35,30,33,27,61,38,72,28,36,45,52,18,41,80,34,35,58,58,96,25,26,31,39,46,45,18,52,51,13,105,19,68,37,31,18,46,27,71,42,69,29,50,43,56,17,31,37,36,76,40,47,45,48,149,45,36,23,43,24,21,16,111,20,46,36,39,17,49,32,20,46,71,95,21,35,58,23,43,33,55,30,40,32,61,60,27,24,37,19,119,52,21,65,43,42,37,18,69,11,45,13,33,23,34,53,46,44,71,51,71,18,30,54,30,26,54,31,27,79,26,19,59,22,70,76,47,23,45,57,69,26,76,48,64,33,52,42,41,57,71,28,74,69,71,58,30,114,48,69,92,73,49,59,120,61,64,68,38,81,88,72,80,90,54,90,71,58,94,90,89,103,98,92,95,73,82,75,47,47,81,50,56,86,123,93,76,88,64,123,74,94,79,73,71,83,144,96,73,96,72,59,65,65,56,62,162,53,68,74,82,90,118,82,76,78,52,80,52,77,62,99,77,105,73,45,104,64,97,80,44,76,60,57,64,66,76,41,39,69,74,71,57,87,68,64,88,93,66,36,42,62,85,82,32,59,53,187,77,75,55,74,92,74,75,40,118,97,82,47,68,41,57,30,49,75,51,108,62,34,72,36,53,96,37,29,53,62,90,22,76,58,29,73,73,106,47,36,82,52,85,46,55,42,33,104,42,34,59,26,77,81,28,28,53,51,26,37,95,61,24,26,13,52,55,97,12,30,23,89,50,113,55,14,25,40,23,51,8,17,60,111,41,15,38,93,31,38,81,21,50,75,50,63,27,25,43,27,81,60,24,18,69,12,17,15,20,11,11,27,5,53,23,28,15,20,20,70,48,36,54,22,20,17,15,12,47,10,52,33,110,24,64,19,37,28,12,22,31,51,22,81,24,14,49,67,79,20,21,98,58,21,31,16,21,49,33,27,14,20,38,10,42,36,12,75,44,34,25,24,5,48,60,39,35,20,31,18,10,21,61,42,66,22,22,22,12,60,10,64,53,47,13,28,47,13,44,9,24,26,16,22,38,26,33,24,68,26,42,15,16,16,39,17,63,78,16,46,28,12,69,24,78,16,18,41,49,16,51,10,48,46,11,6,23,65,56,43,17,5,17,59,11,44,60,40,28,130,69,66,69,22,37,37,39,26,16,52,73,57,24,22,19,59,20,48,24,6,11,136,69,78,36,30,29,8,35,19,13,97,40,27,23,17,96,49,17,34,27,41,27,65,18,15,57,29,29,66,64,72,57,43,60,15,25,40,23,8,59,11,22,91,24,62,64,19,11,19,43,24,27,20,31,47,24,23,62,35,68,20,29,60,33,25,6,17,26,44,34,84,21,30,59,5,42,28,26,4,61,4,56,66,31,63,53,46,37,5,36,47,47,8,9,30,30,42,44,19,25,18,20,39,18,28,15,70,41,38,10,45,29,27,25,12,31,55,47,13,46,19,36,28,42,52,29,57,8,12,46,108,6,15,12,30,28,15,14,30,46,15,46,60,50,20,12,48,14,7,4,23,9,26,21,61,11,18,30,16,11,34,47,7,32,35,6,15,52,5,20,10,28,51,71,13,20,29,36,17,12,48,13,8,23,16,54,6,4,73,5,20,13,29,33,55,46,12,34,34,58,24,21,29,20,43,74,9,8,26,30,14,72,7,56,51,11,21,14,53,24,8,14,24,49,26,26,14,5,14,16,54,35,17,24,23,37,25,53,20,42,21,49,4,36,19,28,19,32,159,287,47,7,25,17,20,11,37,18,37,9,20,50,15,18,11,22,31,266,26,6,36,22,50,14,54,49,35,16,83,17,24,45,80,4,26,54,21,32,31,9,46,41,22,51,26,27,35,9,36,41,19,9,21,37,31,36,15,18,19,42,12,6,19,8,21,8,30,23,18,16,30,19,18,11,19,19,22,25,7,9,6,30,12,17,27,20,22,8,68,10,22,35,29,15,7,11,19,45,25,10,31,10,37,12,17,16,16,6,63,90,13,19,6,38,21,19,8,38,19,24,9,20,59,12,6,35,16,71,21,49,34,13,40,25,27,29,15,35,36,11,22,19,91,13,68,4,13,15,7,17,25,19,8,41,18,3,
5.87,33,83,88,105,79,115,108,97,158,98,152,161,116,181,95,112,98,162,132,135,169,123,114,174,84,119,92,310,104,131,80,94,103,116,140,92,127,63,120,85,157,126,79,74,66,67,72,84,61,123,104,82,119,96,58,102,69,92,73,44,122,126,108,104,83,174,37,108,70,84,61,77,57,65,119,72,62,70,63,65,96,52,50,52,72,60,55,109,166,49,84,66,55,56,44,111,82,50,91,59,49,66,13,88,46,68,79,19,64,74,51,38,47,8,61,57,16,31,49,33,39,42,72,33,54,62,45,34,9,7,53,49,28,31,35,79,23,25,54,34,9,25,39,33,93,81,67,17,41,38,34,56,41,46,30,27,40,42,4,11,21,50,51,30,78,55,58,42,16,28,27,37,5,56,20,31,40,14,15,14,22,18,23,25,20,26,23,40,72,50,22,81,23,19,70,50,23,25,56,36,56,97,16,27,29,30,11,36,33,79,17,35,23,39,13,41,34,9,31,69,57,20,52,48,25,7,24,45,53,30,82,17,6,46,18,47,31,12,124,54,35,81,40,65,14,148,31,29,33,71,39,48,49,17,59,32,14,28,165,47,72,32,49,39,45,25,71,87,59,30,44,38,73,51,55,43,30,81,43,49,74,51,58,58,37,53,101,60,86,56,76,33,43,69,57,27,100,58,46,125,51,82,88,73,67,100,74,66,51,42,59,53,44,40,30,73,62,45,69,70,86,75,97,69,50,77,89,78,87,64,59,82,56,45,57,61,89,41,55,59,78,71,68,49,36,247,54,58,52,37,55,59,43,103,59,50,90,104,84,44,37,78,49,64,71,79,59,90,114,40,95,84,69,25,44,56,75,27,71,145,21,31,39,20,53,55,31,67,51,55,29,31,41,64,59,65,72,88,10,90,14,29,27,35,59,95,30,46,77,30,22,52,31,43,62,22,75,10,25,19,19,36,33,34,33,9,49,6,13,40,18,50,35,37,14,78,18,25,53,81,19,57,25,9,6,35,33,22,15,4,12,20,10,33,59,34,20,8,5,6,24,13,40,9,26,34,12,23,53,13,32,16,8,21,21,27,34,62,21,36,24,37,42,12,11,26,5,11,6,22,49,27,26,38,17,38,4,14,11,29,44,55,40,78,26,9,25,22,6,25,7,8,7,18,29,13,26,13,10,16,20,23,19,7,25,35,13,45,5,4,32,14,18,52,4,32,28,3,26,13,33,15,10,53,25,7,10,3,26,65,11,5,6,5,10,7,5,65,16,110,11,14,24,14,9,9,17,52,10,14,16,29,10,20,9,24,5,4,4,4,9,8,51,89,47,5,26,3,4,24,11,3,27,31,15,75,13,18,5,38,45,21,8,5,16,82,50,20,21,70,45,26,16,9,16,4,18,52,16,88,15,3,17,19,12,47,8,4,22,17,10,32,8,11,40,16,10,29,9,11,20,6,5,28,21,11,8,27,7,36,50,20,27,4,14,35,15,15,5,15,37,7,6,9,19,30,35,117,58,32,53,56,18,6,19,14,6,83,8,7,17,34,6,13,8,66,4,41,83,44,26,29,26,39,27,23,13,35,57,7,26,34,44,10,3,31,13,24,63,31,23,43,17,39,28,9,9,16,9,40,53,4,28,10,19,18,43,19,17,20,15,21,92,45,4,42,30,10,21,22,16,16,18,3,5,12,13,14,15,21,11,20,13,10,17,14,39,38,5,9,6,12,24,13,23,73,58,3,11,32,19,9,14,39,41,11,48,3,55,15,64,25,6,6,36,4,23,5,78,27,7,4,5,51,28,49,8,4,11,52,7,35,4,22,11,5,26,40,3,4,5,20,44,73,16,4,43,8,28,77,13,7,30,56,34,51,45,5,41,10,27,52,36,97,24,12,20,2,5,9,25,4,43,9,10,4,10,36,13,12,19,38,16,30,42,9,58,53,11,5,12,13,3,28,12,35,5,7,50,6,10,23,4,7,5,34,30,12,10,61,20,47,47,6,4,17,10,13,13,89,22,3,30,26,64,26,21,23,10,5,69,4,4,4,5,9,15,7,19,4,18,23,45,14,5,3,7,19,5,9,13,13,7,9,4,27,33,20,8,11,16,6,4,16,6,8,4,7,8,4,18,13,35,11,17,67,4,10,4,4,67,28,34,11,3,49,20,4,39,50,28,24,15,23,4,19,6,19,12,14,10,11,4,116,7,3,43,15,35,7,4,4,29,4,56,23,10,6,2,15,69,11,5,54,9,6,7,10,12,12,18,6,26,5,4,3,69,25,4,34,13,5,23,12,8,43,4,8,11,4,62,18,15,7,40,17,5,24,75,11,8,67,5,10,37,42,11,4,12,13,5,4,14,5,49,5,9,22,5,21,22,13,27,9,44,46,4,49,10,9,8,3,9,4,59,35,124,10,4,
5.69,32,87,109,141,160,91,106,154,220,104,170,155,175,124,147,155,129,175,164,113,142,123,149,130,187,84,99,183,154,194,111,78,150,123,105,97,106,182,164,151,82,95,137,85,96,92,148,85,89,108,389,93,153,124,78,91,209,135,157,88,100,108,108,108,85,60,115,95,109,85,73,84,85,65,85,86,109,81,49,181,145,50,76,112,48,53,151,58,123,102,98,133,69,101,74,82,95,38,131,61,96,97,80,65,87,75,33,30,41,31,57,51,51,76,50,46,56,114,52,85,28,57,90,60,25,45,47,85,21,63,53,58,44,48,92,71,51,103,38,53,180,27,47,38,40,41,162,46,156,34,23,46,54,110,71,28,24,41,28,40,56,59,21,25,67,23,22,42,62,42,65,58,19,28,42,53,46,30,48,21,19,81,11,38,38,58,35,53,47,111,45,29,29,46,55,80,74,17,93,64,33,51,18,60,30,87,27,17,108,106,74,50,12,17,25,63,98,39,31,41,60,28,24,59,49,76,40,64,31,37,62,15,92,79,36,63,81,146,77,51,57,79,62,43,24,113,26,53,47,62,20,81,65,121,34,99,46,140,40,56,36,67,86,62,104,60,121,60,72,65,69,57,50,67,47,89,71,63,67,59,71,82,62,100,57,51,53,152,94,52,112,77,51,110,37,63,124,75,60,47,79,100,85,53,88,77,100,98,333,187,105,71,115,118,82,74,52,49,93,161,89,82,58,56,104,70,64,71,81,72,130,87,105,83,88,55,71,106,53,61,94,109,118,81,102,65,86,46,83,81,109,53,84,67,51,103,104,99,84,60,69,52,104,87,138,93,82,63,54,60,68,50,71,97,39,63,59,39,93,135,67,62,57,83,43,63,88,36,62,102,80,45,67,72,82,24,115,71,53,84,94,80,33,74,66,38,76,58,39,64,67,51,38,47,45,34,59,44,74,24,21,41,34,55,70,25,46,21,81,39,27,26,41,74,37,40,68,66,23,46,30,98,24,39,35,47,43,112,19,107,47,50,45,12,77,43,37,56,57,20,44,88,56,13,23,63,71,58,35,39,26,34,18,21,42,35,151,32,35,33,41,11,58,50,21,34,36,29,19,32,17,109,36,37,82,29,37,10,69,21,14,12,23,90,49,37,38,45,9,10,16,45,4,74,56,7,46,14,17,35,9,37,31,42,28,59,32,34,33,8,49,82,52,40,107,73,40,43,93,10,32,22,52,72,26,59,37,63,32,53,12,18,45,80,36,64,40,29,40,43,12,27,44,24,20,20,24,51,61,13,14,66,35,7,37,64,14,68,11,34,8,27,52,22,18,31,18,29,25,36,28,14,35,18,29,18,29,59,61,84,15,31,22,24,38,27,57,47,79,42,39,41,78,73,23,88,13,34,24,30,42,62,13,43,22,32,18,26,35,54,84,54,68,24,23,38,12,33,19,39,70,23,26,20,31,48,45,48,15,32,29,29,27,53,18,22,49,79,25,73,58,37,68,6,57,37,34,44,16,42,51,34,27,57,32,75,77,35,63,14,35,11,69,39,13,18,21,77,45,60,22,17,26,14,44,19,27,34,29,31,23,31,35,6,30,33,32,70,70,59,14,18,41,81,28,25,25,43,68,12,57,116,28,33,28,9,65,21,12,24,52,24,26,80,95,41,8,30,15,79,23,22,25,5,16,37,91,40,43,26,23,49,23,42,14,30,67,42,7,18,25,37,22,63,15,27,83,47,25,55,41,30,54,6,36,29,56,147,16,35,119,16,46,18,17,25,39,9,9,12,14,11,25,35,37,31,14,40,31,11,58,52,10,14,30,5,22,74,35,33,16,61,20,16,37,10,18,15,48,54,28,28,13,31,13,22,19,63,34,65,23,10,11,38,38,9,141,44,14,15,55,18,55,42,57,16,15,33,5,26,5,27,18,132,18,34,62,15,70,45,16,37,6,8,12,8,25,29,19,72,25,13,59,20,133,54,42,27,14,24,10,150,25,10,67,11,33,23,41,79,102,5,9,75,21,27,7,15,26,45,28,16,8,15,62,13,40,21,14,19,21,13,22,15,18,8,44,53,13,12,25,23,21,38,40,28,15,23,22,35,29,19,48,22,16,46,19,9,147,7,27,35,38,28,19,11,4,26,19,73,40,34,23,19,12,21,12,36,49,11,5,14,33,24,28,10,34,8,11,10,78,16,20,7,6,12,14,45,20,29,8,31,11,23,17,26,18,7,72,41,49,38,55,43,6,16,27,13,25,9,46,10,19,6,13,69,25,40,40,12,6,9,6,14,55,27,16,10,22,21,24,20,25,23,4,8,5,30,20,53,10,29,17,60,30,14,40,40,19,77,27,13,23,35,50,10,58,4,16,254,6,19,12,30,32,40,25,7,3,213,8,11,8,48,20,11,66,8,18,
5.51,31,50,102,68,98,93,125,161,125,104,128,118,165,131,111,131,226,96,124,129,104,124,88,79,109,124,79,145,106,112,98,178,85,93,129,103,70,90,173,100,97,161,91,93,77,71,98,104,112,93,82,171,87,103,61,108,81,116,76,82,128,92,76,61,92,78,138,90,75,42,86,43,93,51,89,48,37,46,79,73,55,88,138,74,59,72,73,98,30,23,84,66,68,40,42,37,80,25,78,17,50,63,35,34,39,27,41,59,44,54,54,20,126,39,32,37,43,31,27,44,42,44,54,33,18,56,38,65,13,20,31,20,32,39,22,35,36,30,5,9,21,32,60,41,27,17,90,11,28,17,6,27,32,27,26,18,5,26,17,33,41,38,58,81,53,37,31,27,13,67,62,35,17,34,38,20,54,27,20,72,22,42,13,8,53,40,55,36,26,35,15,21,10,22,34,39,22,122,30,33,65,19,58,34,74,25,15,20,30,28,238,54,94,12,12,22,46,29,15,41,75,10,32,26,21,30,22,37,73,11,11,69,16,109,48,55,5,39,28,27,40,23,26,99,39,49,23,83,79,46,31,44,48,24,50,64,50,22,29,32,41,39,46,49,17,28,78,53,56,62,75,65,63,41,39,47,50,29,55,41,46,125,73,36,66,135,60,91,48,115,83,56,90,92,87,59,41,40,46,55,80,79,32,63,90,65,49,64,93,63,71,61,37,72,116,57,67,40,50,96,65,50,85,47,95,129,62,41,85,92,108,83,73,67,107,32,92,75,59,46,32,124,109,94,73,61,40,30,96,71,33,50,91,122,84,66,52,42,70,53,55,19,64,98,94,41,86,44,37,96,96,28,53,40,112,54,70,49,24,49,124,21,47,29,75,33,33,51,73,72,113,37,44,22,69,81,64,25,56,46,67,69,40,20,31,41,56,30,123,59,80,22,18,72,41,83,62,36,26,33,21,32,26,5,36,64,42,19,40,17,25,13,16,42,38,15,25,56,81,40,30,28,41,13,11,24,7,29,36,5,30,34,40,13,94,24,4,29,18,5,40,25,47,24,15,42,40,17,52,9,33,30,24,19,20,6,3,59,19,20,7,141,12,29,18,5,28,4,8,37,11,30,22,15,25,19,7,9,4,90,26,28,16,11,23,13,57,46,61,13,21,30,21,22,6,26,35,34,7,21,5,25,42,7,43,63,50,46,37,6,11,12,28,9,4,57,21,17,25,14,4,7,9,15,37,24,12,7,20,8,23,39,16,28,37,124,42,17,22,30,37,24,15,59,8,3,35,27,30,41,16,10,14,52,17,6,35,5,6,9,35,17,21,37,7,37,28,37,6,14,47,5,38,4,10,30,13,13,5,62,13,16,71,33,18,135,13,60,28,15,11,142,40,114,5,22,44,10,14,29,12,19,24,17,45,22,12,62,17,70,11,4,30,18,112,15,11,8,5,21,20,26,4,10,41,63,16,29,39,15,23,30,11,32,24,45,17,36,11,13,11,8,33,20,8,59,11,26,12,32,55,25,31,10,24,12,41,15,26,14,7,55,21,27,17,8,27,16,8,47,32,8,22,31,17,20,15,35,43,44,11,6,5,22,19,18,81,5,35,17,32,20,19,21,13,39,65,38,14,17,71,7,44,23,22,28,26,8,15,35,10,22,4,14,41,18,108,10,33,9,23,9,27,5,58,5,11,17,4,14,57,4,7,16,18,12,17,9,26,3,9,26,4,84,38,4,8,50,12,11,42,51,13,16,7,9,24,7,11,3,20,3,21,52,57,8,8,121,23,95,17,14,16,22,12,5,13,3,3,159,5,24,33,20,11,13,3,4,5,40,32,120,12,8,6,8,8,6,7,43,24,11,30,7,6,25,18,65,6,12,10,11,86,4,29,5,14,10,116,38,12,14,15,22,18,3,4,8,23,35,7,4,6,14,18,5,25,33,31,4,14,65,24,32,36,12,6,17,4,18,66,8,15,3,4,17,26,4,17,26,18,23,31,14,23,2,41,10,5,20,3,27,21,5,23,11,6,4,7,16,13,59,81,28,4,40,13,4,18,29,4,11,27,26,17,18,4,20,5,12,25,11,3,11,5,5,4,5,6,4,3,10,12,15,4,15,30,5,4,4,10,31,13,4,4,24,42,5,16,3,9,6,16,12,7,7,3,62,13,27,61,62,52,49,9,47,10,5,29,22,9,3,5,15,3,29,13,16,4,43,3,4,40,13,27,9,14,17,7,16,31,30,18,23,14,7,52,19,9,22,4,5,14,10,10,9,66,5,15,3,14,55,5,9,36,39,3,13,5,8,24,21,30,7,3,5,5,7,18,5,4,4,17,13,12,62,4,20,12,12,7,13,8,13,88,70,17,4,33,11,18,10,26,16,20,13,4,14,13,12,6,14,11,13,13,9,131,3,9,
5.34,30,80,114,139,156,186,128,165,202,209,164,150,182,187,145,161,134,153,139,157,173,165,126,145,271,201,148,136,136,185,106,147,158,95,118,139,141,168,141,125,125,187,106,119,82,110,97,220,186,127,91,239,104,140,89,142,122,154,137,96,105,70,141,110,81,124,112,51,122,71,81,104,87,124,60,55,78,57,76,103,84,54,100,145,117,98,93,78,62,86,86,48,64,69,105,55,72,64,60,41,34,155,114,107,232,46,76,77,83,53,40,78,86,51,53,93,53,97,100,49,91,69,33,142,62,109,63,57,123,75,65,45,27,69,61,30,61,38,85,59,47,26,72,39,35,35,24,89,99,54,20,28,53,83,76,37,45,41,53,124,53,72,12,108,56,67,10,36,59,99,29,57,15,44,86,37,35,34,30,79,46,73,56,26,21,49,80,104,45,22,22,39,38,22,91,47,37,47,37,44,65,37,33,20,40,49,91,42,52,39,120,63,23,49,50,21,60,53,32,45,38,108,24,14,92,29,80,57,57,25,85,68,223,65,80,68,53,58,59,26,49,39,43,20,66,66,93,53,30,46,93,58,63,48,41,67,59,30,88,26,46,68,70,128,35,37,116,65,58,73,61,143,46,95,59,88,119,69,76,89,80,92,69,60,86,55,92,85,113,88,164,59,72,58,64,68,83,99,64,122,41,74,128,101,55,93,154,54,97,39,78,78,93,102,54,71,83,75,84,88,100,104,104,79,166,55,98,87,69,98,69,119,133,83,130,63,90,105,84,158,58,68,86,57,53,63,69,28,82,81,124,72,40,40,86,120,78,108,78,50,98,49,67,113,43,64,85,84,72,52,74,42,58,76,95,50,76,47,39,57,65,98,55,45,41,51,71,67,126,75,59,84,67,122,36,61,60,34,61,45,35,53,82,21,65,32,36,53,56,88,47,65,148,92,68,36,64,50,66,20,72,88,26,48,37,47,26,47,62,14,28,49,63,35,93,43,90,13,84,41,81,59,47,66,20,67,52,38,68,79,40,35,29,20,32,35,39,14,37,43,34,58,37,13,26,106,19,47,37,59,16,17,23,13,18,83,47,25,27,48,45,24,72,37,70,34,13,22,23,5,15,26,72,27,55,29,21,55,37,39,26,16,34,52,29,37,24,98,70,58,19,32,19,19,47,12,58,27,39,16,65,26,18,23,8,21,37,24,20,51,14,22,76,22,21,19,29,13,30,14,40,33,87,65,18,13,45,18,42,28,74,14,27,47,43,28,54,63,24,80,15,27,13,9,21,48,35,51,31,46,102,35,35,19,21,59,38,45,38,24,19,28,5,63,7,26,24,24,26,39,13,31,55,15,19,87,30,30,52,54,34,25,25,77,57,20,21,67,30,39,13,191,25,39,32,37,28,60,52,63,38,42,34,69,42,32,10,55,73,45,37,162,37,80,25,36,61,9,33,57,25,53,38,78,44,35,13,94,39,43,43,55,104,6,62,42,23,50,6,21,40,29,48,51,15,37,17,72,78,76,15,73,61,41,37,20,21,28,35,36,17,14,40,48,12,23,26,43,38,39,20,34,14,24,17,75,39,35,92,61,28,41,43,87,63,26,50,39,39,26,28,66,22,80,22,34,20,17,30,60,52,35,34,38,22,31,33,41,38,59,15,38,48,35,15,36,89,35,17,8,28,22,16,23,12,15,19,18,60,82,34,129,31,15,23,22,6,30,27,15,24,37,31,83,37,35,43,31,16,25,33,42,45,33,23,24,26,13,39,38,21,23,38,7,57,26,27,12,36,68,5,21,49,5,33,30,30,7,23,17,53,5,28,23,18,37,22,100,10,5,8,66,33,8,20,26,27,49,12,100,23,63,8,17,33,32,42,24,56,57,41,23,45,19,19,16,37,24,56,74,43,25,25,10,35,6,13,32,18,70,18,4,10,40,7,10,12,63,36,45,23,45,26,45,20,34,40,10,6,16,28,94,9,32,20,16,25,57,15,28,23,16,91,8,25,27,48,29,11,27,22,12,36,20,26,8,13,13,15,36,25,50,8,37,23,71,24,43,7,43,20,15,15,15,50,15,50,19,10,72,32,11,78,29,18,13,23,37,20,19,7,30,55,28,47,11,18,46,12,39,53,28,5,66,36,55,122,8,25,42,14,43,26,27,55,52,16,18,17,7,39,24,51,20,37,13,8,10,6,19,13,42,21,30,34,51,20,50,18,34,48,19,5,21,8,66,16,7,48,56,28,13,31,16,53,31,27,7,6,33,37,6,28,21,33,28,6,7,19,66,271,50,28,12,61,23,7,29,28,4,48,47,22,31,42,11,34,27,33,15,18,7,27,68,45,20,27,23,6,16,30,21,16,48,45,31,54,25,31,18,15,22,17,29,94,56,28,157,34,29,8,13,68,31,13,15,11,24,87,
5.16,29,71,97,99,114,135,117,150,299,132,120,101,131,153,113,249,128,92,87,107,111,97,149,120,121,77,91,102,115,149,89,137,91,93,185,83,128,81,87,85,171,60,112,123,121,62,129,89,113,147,155,80,114,95,57,90,133,127,66,54,107,110,45,81,122,65,65,97,55,94,46,75,81,76,168,92,83,80,76,18,61,63,63,46,47,97,53,41,39,71,56,56,94,85,38,61,82,53,31,76,64,30,52,89,69,95,82,37,51,27,24,36,45,21,35,40,30,52,123,36,38,58,36,41,33,85,35,55,62,39,29,51,260,32,48,15,18,33,65,8,53,55,46,14,59,11,33,11,33,24,17,9,14,38,7,4,28,77,11,26,64,44,53,12,7,11,10,40,30,17,44,7,19,39,40,55,21,34,26,106,44,26,98,21,16,26,58,41,18,14,23,14,20,73,12,33,87,55,36,10,13,44,12,92,54,11,22,97,38,18,13,5,8,16,35,57,22,33,29,27,35,14,11,28,56,10,29,37,11,23,51,65,61,49,30,27,19,43,35,39,28,70,48,64,77,26,50,29,39,48,25,32,41,16,47,104,38,51,122,71,34,53,39,68,45,39,86,81,64,46,37,42,92,209,85,43,42,29,58,47,44,26,36,93,52,46,74,70,54,42,54,50,64,52,80,92,82,70,70,43,51,48,72,54,50,72,79,62,74,65,118,72,36,66,66,65,78,69,42,50,57,46,70,61,73,40,45,51,74,103,103,70,44,66,64,101,100,70,63,60,58,81,25,57,118,56,39,100,91,34,23,77,51,53,50,36,65,31,58,50,57,40,49,48,59,49,113,43,42,47,32,103,68,52,89,45,106,44,54,75,74,50,45,40,79,23,24,41,32,43,32,33,8,41,45,31,14,17,59,62,15,67,42,48,31,35,79,66,52,29,38,92,42,87,35,30,19,58,49,112,34,15,55,28,36,11,45,33,53,38,17,23,38,7,15,12,54,33,28,5,47,98,28,52,55,121,7,32,33,89,13,10,6,22,21,42,15,12,48,16,50,8,13,4,52,72,8,56,8,18,22,28,36,11,36,48,12,4,35,5,19,7,14,9,10,6,4,22,51,34,15,22,86,11,8,10,9,9,35,10,18,41,14,14,25,6,55,29,16,25,38,7,66,7,26,33,23,12,59,20,11,28,10,22,12,43,5,7,24,12,4,18,36,17,6,27,39,8,7,7,21,59,50,18,43,7,13,12,38,11,45,54,19,13,26,39,9,34,10,28,29,17,3,9,26,16,12,64,7,12,3,21,26,9,26,11,3,23,33,61,7,19,7,8,61,14,26,61,51,21,22,23,88,20,14,9,19,36,19,30,20,32,21,35,7,4,10,7,6,14,63,4,28,12,42,10,35,51,27,34,14,28,23,8,66,23,20,13,6,61,33,22,60,14,9,19,11,4,21,7,21,30,28,19,37,20,29,33,30,6,67,15,9,19,11,41,55,46,20,8,38,24,11,15,187,33,39,20,32,14,8,4,10,30,19,50,3,57,36,9,36,31,90,21,38,12,67,27,26,18,12,17,30,19,66,90,11,60,69,33,52,3,11,15,19,29,21,60,44,24,7,41,15,6,20,54,12,3,10,85,23,109,41,10,27,49,40,19,40,22,35,11,22,14,39,35,8,32,4,7,10,26,56,13,32,74,4,101,7,5,17,14,15,16,30,19,4,26,22,33,13,7,5,6,17,24,5,4,7,23,4,25,18,23,23,9,20,5,16,40,11,7,27,46,13,12,20,9,28,61,9,16,39,45,15,5,5,9,5,28,5,21,24,14,9,5,42,48,9,6,6,10,4,5,11,38,24,20,11,25,19,6,15,28,9,5,40,15,11,16,36,24,5,33,41,5,12,15,4,8,5,4,5,7,47,8,5,5,27,18,15,47,18,42,9,12,7,15,14,13,7,23,25,5,3,34,3,5,10,5,32,61,7,25,95,62,43,15,15,5,12,14,5,37,5,7,18,16,13,20,22,26,29,5,11,26,21,30,5,3,21,24,24,22,26,44,6,17,4,4,4,5,10,23,7,15,15,6,14,8,6,23,9,18,16,13,23,11,25,4,7,22,4,6,10,11,3,9,61,17,24,4,28,60,13,7,6,8,6,37,4,13,10,13,28,122,26,9,9,12,19,8,13,10,25,19,20,8,11,6,5,9,35,8,13,39,5,8,7,22,23,3,4,97,13,4,8,29,35,13,6,12,15,10,20,8,3,9,14,36,29,29,43,15,7,11,8,125,14,75,20,3,4,14,20,10,20,4,10,28,77,7,4,26,16,21,5,5,4,6,30,4,8,8,11,3,19,23,29,14,9,5,12,4,44,15,4,6,22,7,13,17,33,29,36,19,64,12,5,15,31,10,4,25,37,7,6,9,70,
4.98,28,75,135,124,154,168,155,147,118,145,187,137,124,167,134,113,147,180,188,123,148,120,145,144,123,135,120,106,141,131,203,130,174,98,134,139,115,106,133,117,72,250,87,151,82,115,163,98,77,103,169,91,208,117,118,112,146,197,171,118,85,93,67,90,96,87,73,135,99,111,79,82,95,70,93,57,104,120,69,118,128,44,76,67,66,63,176,79,39,57,75,97,75,46,60,88,72,62,58,66,48,45,54,124,50,98,61,50,47,29,62,56,93,67,39,28,50,78,29,64,54,46,25,81,14,111,57,43,93,54,74,34,31,112,55,43,40,43,31,30,57,51,82,40,36,64,22,50,75,51,66,51,57,22,30,46,103,44,45,23,26,81,36,91,52,37,48,35,56,29,27,47,76,28,73,31,42,96,35,12,74,37,36,58,65,77,48,36,31,29,37,53,72,37,57,92,42,71,27,14,23,45,32,68,46,27,41,56,64,63,35,65,58,44,29,36,31,58,35,27,59,71,20,34,16,65,25,14,54,75,40,52,36,95,89,47,60,52,37,25,67,51,24,64,103,43,45,75,52,42,34,58,44,87,101,78,65,111,107,67,43,61,50,110,167,57,89,88,106,69,64,81,131,55,52,85,115,116,96,77,88,58,52,270,68,124,119,128,74,77,100,111,72,100,139,119,66,123,78,72,66,63,52,107,102,84,83,62,70,125,103,73,93,88,118,103,64,63,67,80,258,64,113,86,88,77,88,70,58,74,73,65,100,107,74,82,113,96,98,95,72,125,70,74,94,48,95,89,82,64,86,54,81,68,37,55,81,135,56,58,74,40,67,79,142,116,94,63,67,122,65,96,149,62,61,82,73,63,45,43,65,123,81,42,41,58,40,48,52,85,118,82,41,76,69,109,67,70,67,61,102,50,58,26,88,53,49,15,28,68,57,39,49,37,61,46,26,205,54,53,32,37,53,86,27,26,60,70,125,31,33,120,40,34,34,9,71,23,63,29,22,35,15,62,25,73,48,36,62,43,38,74,25,27,13,23,49,99,135,20,31,38,48,21,20,30,56,59,41,39,11,73,65,39,67,41,69,28,8,67,23,10,22,17,25,27,16,43,22,33,27,31,18,29,45,30,76,35,46,106,11,16,17,107,9,34,108,7,16,34,28,44,14,112,32,10,5,29,17,22,35,28,64,28,49,68,188,41,21,20,43,36,67,85,58,16,54,29,30,15,34,18,33,55,13,73,17,14,18,63,56,8,61,80,8,13,66,19,20,42,34,33,64,61,51,56,15,20,92,38,20,67,53,50,11,39,20,39,52,12,51,30,73,27,45,75,123,43,82,30,91,12,81,108,20,20,19,16,57,30,10,40,33,9,51,69,19,24,52,27,11,38,14,63,38,93,80,32,45,12,45,31,25,33,32,16,33,77,57,65,40,20,12,89,24,15,10,33,19,41,43,50,62,79,24,54,47,27,66,30,28,92,61,21,24,65,49,34,39,32,49,38,19,47,24,59,49,19,12,28,18,9,30,78,57,47,48,51,28,29,57,51,16,25,51,33,14,147,52,39,6,41,46,63,55,126,8,57,38,73,74,29,66,43,18,40,35,43,8,31,5,14,16,25,64,5,35,34,67,114,34,22,41,28,24,59,75,15,45,52,30,18,118,8,11,6,13,13,62,61,12,55,96,67,54,23,11,16,37,48,20,20,15,39,5,14,16,45,24,14,15,13,30,16,20,40,70,11,7,16,62,19,47,14,63,33,44,66,34,16,33,51,30,19,7,49,66,45,38,29,51,88,66,7,22,25,56,16,10,31,47,10,8,9,23,16,26,18,55,12,14,24,20,19,14,21,14,14,34,84,27,6,17,15,39,11,32,35,13,24,27,20,24,95,35,26,37,42,72,20,26,38,40,41,36,30,39,22,15,11,26,32,28,180,4,18,17,29,14,17,18,42,33,5,40,22,22,10,23,71,38,24,24,64,49,27,19,24,9,62,108,32,86,9,66,24,39,172,25,10,60,44,16,18,38,46,27,29,5,23,30,12,18,11,68,49,8,97,51,12,19,23,9,44,30,42,30,41,10,74,12,27,23,25,6,4,44,14,72,39,24,38,15,26,28,56,26,49,21,152,22,56,6,22,21,32,22,15,76,33,56,7,44,52,17,14,34,9,6,23,29,25,23,8,45,16,17,62,7,47,17,24,13,4,24,21,13,19,28,43,9,20,15,27,6,29,28,48,17,68,50,24,23,4,12,100,22,11,36,7,19,38,11,61,36,9,55,23,15,81,13,10,41,48,128,29,15,55,5,36,44,16,85,25,10,26,45,19,15,26,4,19,9,8,19,13,11,26,11,31,36,276,27,163,17,44,45,26,53,49,20,53,7,9,17,23,9,12,8,22,32,25,4,5,101,20,7,6,10,
4.8,27,109,101,165,164,108,142,147,172,200,151,129,165,134,212,121,151,106,144,100,141,215,140,115,186,90,77,117,73,125,114,173,173,110,87,126,149,122,90,66,180,79,75,111,81,165,200,97,95,113,93,60,108,117,101,137,95,52,84,129,47,100,65,48,51,58,63,81,64,64,66,73,81,68,65,75,40,83,59,24,49,24,126,46,28,49,45,37,36,31,58,15,50,98,54,55,82,36,47,47,25,49,39,28,49,30,42,84,32,39,60,39,100,34,21,12,25,12,65,35,45,51,25,45,36,64,57,52,28,31,25,35,44,37,54,258,17,22,22,25,96,14,35,9,38,16,29,32,52,26,43,25,33,57,50,21,12,45,11,11,46,41,33,18,21,35,30,47,13,32,16,58,39,64,29,39,87,31,29,18,29,130,63,44,78,29,4,52,30,81,33,40,11,32,18,54,60,49,37,57,14,46,44,30,13,35,20,32,13,14,46,29,18,30,15,26,41,8,21,22,67,42,27,38,97,14,28,51,85,42,7,25,16,17,14,69,47,79,60,63,66,48,62,31,60,58,41,131,153,37,64,45,46,85,47,47,184,50,47,68,46,65,100,56,36,83,50,62,68,124,99,96,32,109,73,78,58,97,56,68,48,79,86,44,51,42,79,48,107,65,46,68,152,57,37,38,70,44,90,112,59,82,84,65,104,94,85,96,82,109,39,47,77,114,41,90,56,71,42,70,94,71,69,47,70,65,57,69,73,52,48,66,64,36,67,96,99,78,97,19,47,60,112,90,50,67,106,31,76,33,49,37,78,131,65,45,45,43,32,68,82,106,95,76,27,45,44,44,60,61,62,45,83,59,64,163,25,75,48,42,40,55,92,31,39,53,54,59,62,65,52,65,71,44,19,53,84,33,110,82,27,20,69,75,45,22,121,76,13,20,29,33,42,30,16,21,23,40,225,43,84,51,60,54,45,20,24,56,137,18,4,46,15,24,46,15,6,51,12,23,41,5,13,17,11,24,20,21,33,59,4,17,10,15,13,26,19,93,29,20,34,31,36,10,34,31,92,18,5,21,6,57,66,44,17,52,4,5,19,44,43,11,35,44,30,13,5,24,10,8,20,25,3,19,10,8,50,17,4,12,15,38,29,13,74,9,9,8,21,25,23,8,9,51,43,17,6,21,12,32,7,4,39,9,35,19,10,47,7,7,29,21,59,26,11,4,13,33,44,97,11,4,26,16,17,39,4,11,14,6,9,20,17,50,34,25,7,25,24,30,20,15,20,33,8,6,4,14,4,15,22,17,5,61,8,20,33,24,18,18,16,38,67,14,64,37,6,11,45,7,6,19,52,41,42,11,14,27,14,28,14,7,13,34,22,4,18,13,36,32,4,58,35,86,4,54,17,6,64,6,10,39,16,40,25,38,6,27,25,51,44,45,8,63,69,37,25,21,13,38,35,6,41,5,20,31,6,25,10,13,10,26,12,22,25,52,11,51,4,16,38,56,13,41,59,24,7,45,18,22,8,5,12,6,24,19,56,30,12,19,7,6,7,18,13,9,16,26,26,4,4,15,3,10,13,67,8,26,2,20,4,4,13,44,45,142,16,14,23,9,22,4,53,4,6,27,5,32,3,28,41,64,28,5,3,26,18,14,35,64,38,57,30,4,17,17,74,23,12,7,12,42,24,106,12,22,22,13,29,57,7,6,7,124,33,62,64,19,14,27,8,10,4,27,15,4,3,47,17,4,10,29,20,5,8,17,5,65,15,78,76,5,23,13,3,3,30,67,13,18,13,10,11,22,10,9,32,15,28,20,38,4,10,16,23,20,18,15,28,5,4,51,6,21,4,24,12,4,12,5,3,7,4,12,24,10,26,8,12,17,13,42,16,4,11,26,47,26,40,11,19,24,22,28,4,12,6,34,42,9,46,51,27,24,20,36,15,11,41,8,28,6,27,9,26,21,37,121,59,28,7,10,9,6,2,12,54,8,14,54,14,22,23,16,5,11,7,62,27,13,27,5,6,14,5,16,12,12,4,4,6,4,34,10,5,33,5,4,16,41,8,27,31,7,50,6,12,29,12,3,17,47,7,55,25,12,6,5,19,45,8,13,17,4,4,4,5,5,27,55,14,13,14,5,30,5,34,57,19,4,20,5,46,20,13,7,4,8,14,35,5,13,6,8,5,18,4,9,32,21,19,8,14,7,8,8,12,5,3,35,33,7,48,4,23,4,7,45,5,12,12,5,22,59,41,33,5,18,9,22,8,5,5,16,17,10,6,23,24,39,15,86,15,12,82,20,20,12,4,5,4,31,22,17,4,9,18,11,20,6,5,11,4,17,25,20,6,31,5,27,52,36,10,17,7,4,3,28,5,20,18,5,8,9,5,12,16,42,6,19,9,4,5,10,45,10,23,70,42,
4.62,26,91,171,120,254,167,159,129,190,192,178,145,105,140,177,140,139,163,166,161,116,157,124,156,131,113,145,109,131,102,131,116,106,135,99,167,156,142,135,159,98,132,104,126,123,119,146,215,189,234,86,117,118,98,101,100,82,69,115,110,163,207,95,96,92,95,80,85,185,81,119,86,64,117,54,134,73,129,116,102,51,114,73,113,68,112,52,95,86,172,75,54,67,106,43,105,62,57,126,50,50,46,56,102,57,50,139,100,147,67,25,41,44,88,90,72,123,144,40,95,42,104,112,38,47,33,82,67,76,42,68,47,61,33,59,35,67,26,42,23,85,72,19,84,45,62,32,70,32,47,13,25,31,81,68,21,31,109,89,23,27,15,21,24,60,43,80,25,99,75,33,29,42,35,77,83,59,57,35,16,53,66,27,25,18,32,78,68,31,20,77,34,46,92,22,11,51,41,32,61,14,30,24,17,32,41,91,73,40,21,15,33,33,91,48,66,68,23,42,43,47,87,18,36,55,109,41,88,24,64,51,68,42,34,18,113,56,64,67,55,45,75,43,64,88,39,51,47,26,90,92,71,48,56,42,53,127,90,68,57,81,115,102,66,63,62,71,68,92,68,149,61,80,68,76,120,124,64,123,108,104,123,81,74,63,52,151,96,86,103,119,76,114,94,68,88,133,160,67,68,133,128,93,109,96,74,129,55,74,55,100,94,89,55,67,117,90,154,155,111,165,75,82,72,75,62,106,57,72,80,115,79,83,139,88,55,142,106,53,91,82,51,126,73,72,69,87,75,79,56,70,85,71,42,44,81,60,55,86,112,171,82,43,89,52,56,52,76,79,33,85,79,46,38,88,113,44,109,72,66,53,81,104,44,182,31,59,89,39,38,32,48,64,26,70,88,79,58,52,118,39,74,57,123,52,77,74,97,14,78,96,34,35,81,62,29,17,23,26,54,39,13,33,89,59,58,74,38,40,97,66,41,41,59,90,51,24,76,42,38,37,24,11,44,128,21,38,64,60,39,139,15,17,32,15,34,62,47,13,36,24,23,49,214,109,60,32,16,144,28,43,65,23,24,39,69,46,24,27,208,36,26,31,69,43,14,73,26,42,76,44,35,29,25,14,10,69,21,20,10,42,38,18,31,40,42,34,31,16,24,25,51,36,47,29,43,13,29,44,16,34,69,22,29,27,49,50,26,122,50,34,39,24,7,16,58,115,22,22,50,76,25,37,42,16,19,51,13,10,5,122,97,18,39,9,70,56,51,76,12,67,13,55,29,35,64,33,25,38,40,47,85,34,18,76,34,10,22,27,18,82,39,72,85,47,83,6,41,63,116,42,42,27,42,18,50,16,47,19,27,60,37,20,41,27,31,162,24,43,119,69,18,28,110,38,40,43,75,21,95,107,99,21,45,42,77,71,31,65,37,52,17,34,24,61,49,43,40,31,32,76,32,47,50,84,31,25,24,38,50,23,31,79,26,15,33,29,37,15,5,26,24,136,10,29,56,16,38,28,28,63,24,47,43,37,24,76,72,27,64,21,48,38,51,49,25,16,17,31,72,47,52,41,32,37,10,36,14,17,37,131,90,36,31,41,42,10,13,99,9,25,33,67,29,36,44,14,20,7,63,24,13,81,28,36,35,55,67,10,48,27,16,37,14,7,41,37,62,21,17,21,16,32,24,70,18,36,22,39,9,21,92,34,17,20,29,40,43,26,30,16,220,13,45,27,11,47,42,16,52,14,11,17,106,25,6,5,8,23,27,28,23,11,29,59,59,9,65,27,37,18,15,10,30,43,13,18,55,37,24,12,37,13,10,16,23,48,49,17,17,11,22,26,17,9,35,22,11,10,36,20,22,20,15,21,56,28,10,24,59,48,38,81,19,53,47,78,17,28,18,16,13,19,46,45,51,12,47,14,60,15,11,19,118,16,32,43,91,16,28,38,19,39,43,55,69,10,19,48,24,13,57,60,28,34,26,19,28,44,39,27,9,35,45,12,22,35,9,8,31,13,39,19,13,25,28,23,36,29,33,18,33,35,38,67,12,22,82,31,13,81,23,5,18,10,15,75,51,10,5,21,10,9,4,6,8,79,78,30,14,6,27,18,9,93,27,25,16,82,21,26,45,26,27,31,23,75,54,8,14,11,23,59,22,9,10,36,30,18,18,57,22,34,19,21,18,31,40,33,42,69,9,14,23,10,20,49,15,10,14,26,21,81,8,18,18,66,8,14,51,30,28,17,29,60,13,44,121,67,56,18,19,34,8,22,24,14,34,6,27,56,16,15,14,10,24,257,76,34,41,58,62,38,50,17,6,53,11,23,7,52,19,47,12,4,12,21,14,17,22,15,4,7,25,21,13,12,37,10,53,6,23,27,16,34,24,29,6,8,15,11,35,13,18,11,29,4,7,30,
4.45,25,122,144,128,124,194,144,121,190,118,127,146,182,190,160,103,101,95,112,142,120,158,68,86,90,159,119,187,121,72,90,86,141,152,120,90,85,70,280,86,123,114,118,138,107,132,81,82,86,65,94,124,91,91,60,117,72,79,118,51,136,39,45,53,76,99,151,38,32,97,59,71,68,63,55,32,43,43,64,67,45,56,55,22,32,92,43,31,47,84,59,117,48,46,87,35,47,36,28,61,60,23,34,152,80,21,19,50,160,82,47,52,46,30,28,17,63,19,22,34,60,20,15,18,55,20,42,51,30,72,37,28,5,88,263,21,23,43,12,34,19,30,45,18,46,60,49,31,71,46,30,46,43,15,51,9,56,50,22,36,20,9,7,52,32,61,17,42,33,85,19,13,8,12,17,11,36,26,31,71,38,75,24,8,20,28,36,41,59,11,19,6,11,10,35,43,28,60,31,51,76,23,15,59,6,22,21,59,13,13,39,43,35,19,30,26,9,73,34,44,35,5,39,64,114,121,86,56,38,58,62,54,13,10,27,48,48,57,43,76,22,38,88,37,36,19,29,57,38,39,98,69,124,68,100,71,74,160,85,71,59,55,27,116,47,49,59,72,79,65,49,68,65,68,49,50,54,56,67,79,92,116,108,38,82,85,76,72,125,30,75,44,46,92,72,53,55,41,61,94,72,130,63,87,57,62,46,56,70,105,89,78,80,59,28,75,68,98,85,45,58,78,62,96,45,66,97,44,75,69,85,77,31,86,63,105,118,64,129,38,37,78,91,41,131,36,51,53,45,77,39,55,76,48,92,70,46,49,34,39,50,100,90,39,38,58,39,43,55,50,22,34,25,42,241,43,33,53,54,21,41,33,54,55,28,89,53,22,30,39,61,33,147,29,56,28,30,91,55,25,86,32,32,32,51,32,41,51,5,12,56,14,5,37,12,27,49,32,4,133,46,55,17,40,9,19,17,54,23,14,61,10,20,33,7,20,73,33,12,13,16,77,21,23,34,7,13,12,14,19,21,10,12,5,24,38,5,22,38,11,4,22,75,5,47,36,42,75,7,38,6,49,15,21,54,37,4,40,18,40,4,6,11,12,29,44,12,13,60,8,13,63,12,10,51,72,5,47,26,12,24,12,7,4,53,16,16,13,32,48,12,31,28,11,69,16,8,4,7,13,18,16,39,10,33,12,21,10,13,5,43,35,12,41,7,57,26,6,62,14,29,57,30,9,40,15,4,35,29,14,7,6,15,34,5,11,17,28,22,45,11,36,126,12,28,12,35,4,49,45,35,52,22,23,14,24,47,8,41,45,7,42,14,9,92,32,35,30,6,21,21,7,38,52,28,9,23,17,45,4,69,20,83,30,43,4,15,26,9,59,20,58,9,38,10,2,5,9,31,68,33,30,31,34,20,34,31,30,54,7,72,28,15,4,6,10,5,18,27,13,44,41,38,29,35,54,14,35,12,13,9,18,6,12,23,9,41,33,24,15,26,63,32,14,98,11,74,36,45,18,4,9,6,13,25,19,49,50,25,26,23,25,43,18,37,5,13,74,30,4,11,12,19,11,26,22,19,7,28,30,18,23,7,13,14,3,35,17,5,16,47,8,12,11,12,39,38,15,14,10,23,16,17,28,16,11,45,38,4,9,31,65,32,17,46,52,8,21,14,6,4,4,12,25,8,24,17,4,20,16,43,25,45,32,24,3,13,33,31,11,16,33,7,8,8,3,13,13,7,46,4,5,49,23,6,8,4,18,43,24,9,5,29,4,11,23,258,3,45,21,6,14,104,8,5,17,84,35,14,12,7,17,9,5,41,22,22,33,28,12,20,15,46,47,7,33,26,3,20,10,4,3,100,17,5,12,4,18,17,21,8,13,29,5,5,4,22,8,15,3,12,41,22,10,5,13,10,7,34,27,32,26,6,10,69,5,9,8,11,78,10,20,30,24,5,5,49,4,30,5,67,60,10,15,96,60,38,11,3,5,16,27,12,41,32,6,9,7,27,5,17,4,23,18,26,6,28,14,13,16,5,5,52,3,31,53,8,15,9,44,16,34,26,9,7,4,34,21,45,10,8,120,10,72,9,22,13,7,11,7,14,3,5,59,5,62,21,23,4,23,32,16,36,30,7,4,33,4,63,6,4,5,12,3,19,14,8,4,12,6,3,6,8,6,26,33,17,3,2,25,36,11,37,6,7,7,9,10,18,12,17,14,48,26,33,38,5,4,69,21,7,26,4,8,8,15,7,10,11,4,66,18,12,7,4,46,38,9,39,4,25,49,37,16,39,8,6,13,15,23,30,6,7,6,4,8,9,34,79,5,8,11,3,19,4,4,10,12,23,23,47,3,5,53,17,12,11,34,47,6,14,5,14,5,15,12,5,6,5,17,15,30,4,30,13,5,6,35,4,
4.27,24,110,114,164,162,217,131,161,191,147,189,168,111,174,117,153,142,112,169,133,167,145,147,132,120,130,118,99,185,128,162,134,124,133,132,182,169,99,120,126,199,99,174,140,213,132,122,96,129,129,95,161,162,115,377,99,160,99,65,103,75,105,100,63,104,99,84,69,119,99,112,77,78,103,87,87,78,51,67,124,162,73,95,90,110,80,69,61,58,59,56,105,75,60,146,70,59,66,37,114,27,87,61,139,52,60,72,40,36,63,77,66,42,114,15,23,45,72,68,49,60,37,52,60,95,49,42,44,92,33,49,72,47,81,93,48,127,33,37,181,57,52,29,17,61,51,54,56,27,42,61,35,37,61,42,33,39,30,56,26,48,23,23,49,28,78,48,138,70,40,49,65,36,68,117,69,105,37,47,23,33,75,92,74,58,37,27,27,42,36,37,42,79,77,73,44,53,46,31,20,61,66,15,27,60,18,14,69,51,42,81,16,73,84,50,49,80,23,34,37,105,83,61,63,60,76,74,78,74,41,33,48,84,73,112,60,76,87,47,82,56,96,101,64,63,85,133,95,186,133,69,170,76,122,51,74,80,59,75,67,118,79,104,92,114,77,83,122,132,80,132,90,71,59,92,101,107,103,76,103,113,107,117,117,79,131,119,103,74,90,97,87,96,53,90,95,107,76,88,69,58,73,54,58,101,64,108,63,76,194,78,222,93,91,92,62,78,70,110,77,60,64,117,67,141,86,199,78,66,84,89,121,73,108,63,96,114,93,63,71,47,52,90,106,61,75,57,80,65,95,150,48,58,78,80,81,57,93,50,83,47,151,65,70,73,85,113,71,57,68,47,42,42,59,164,63,74,48,71,64,150,40,43,41,86,35,40,263,32,114,44,28,57,59,52,50,81,104,72,65,45,69,48,100,49,132,35,23,34,53,65,17,84,65,59,88,59,31,28,45,48,88,49,61,61,47,51,44,24,24,24,134,20,26,89,52,28,49,44,57,34,49,35,42,40,23,113,65,60,8,10,67,37,44,54,27,22,18,77,50,21,57,113,26,32,24,49,17,36,17,21,58,5,30,36,24,44,53,25,26,23,67,6,15,27,85,14,79,15,29,28,27,15,60,43,26,25,27,10,55,53,50,17,75,11,36,92,56,20,28,7,18,82,78,20,72,48,49,26,19,12,15,27,32,45,35,17,25,82,58,14,57,36,269,42,44,54,26,32,69,28,47,50,24,22,39,13,46,12,220,15,36,69,50,15,62,46,12,42,11,20,28,18,84,28,141,20,105,44,36,38,99,32,35,44,32,50,39,26,31,54,29,48,50,59,27,48,23,91,16,56,14,46,62,32,24,66,47,37,59,33,51,16,29,17,45,59,23,21,38,57,28,154,38,54,58,34,28,131,70,14,30,25,25,56,25,79,43,77,49,46,13,43,85,46,35,12,9,20,75,27,20,15,62,48,32,104,49,44,54,49,56,44,65,33,37,10,53,49,48,47,49,39,13,73,38,26,58,22,41,32,21,21,25,26,13,55,41,47,28,18,22,52,29,26,8,58,39,35,8,45,52,17,29,24,24,26,106,18,38,18,44,29,61,40,41,47,26,34,27,50,34,42,48,34,101,40,79,40,25,88,13,16,55,73,14,41,76,45,34,44,12,29,40,146,33,20,26,19,20,38,21,90,36,13,8,48,45,10,23,60,19,8,104,32,32,58,34,12,23,28,12,35,130,14,57,55,16,77,10,32,71,12,53,8,35,36,20,16,55,17,64,24,35,47,15,43,31,58,10,16,70,13,24,9,28,14,40,35,33,65,18,6,22,47,29,81,27,48,31,27,37,95,25,19,101,38,19,85,36,17,93,17,44,19,24,35,43,20,27,17,15,60,23,39,31,3,39,4,52,49,35,71,23,18,14,45,109,10,17,84,35,45,63,118,31,33,34,33,7,27,19,32,31,19,24,87,59,39,12,26,16,52,32,14,24,10,104,49,19,38,15,22,57,20,13,22,27,27,28,16,57,17,63,56,28,27,70,24,29,64,51,58,22,16,28,24,5,21,22,8,5,10,13,5,28,71,61,57,22,16,16,17,21,49,15,60,22,41,84,6,25,90,62,18,27,18,56,24,21,20,6,34,10,17,53,7,11,21,14,37,18,31,15,8,87,41,44,104,6,15,20,61,15,4,11,8,30,40,41,43,31,10,42,28,18,14,31,11,28,16,4,6,9,48,14,5,16,16,35,46,27,17,24,11,31,98,17,13,28,71,8,15,39,29,13,8,39,32,59,55,16,12,30,4,32,36,79,7,117,5,24,79,22,56,41,80,12,36,16,19,32,15,34,46,7,6,32,11,29,4,42,34,40,11,24,13,12,48,7,31,26,12,64,4,59,27,13,14,15,21,30,22,10,22,9,22,9,40,
4.09,23,231,178,83,135,155,147,166,182,201,122,280,109,123,125,198,186,119,165,94,195,151,153,87,79,148,129,210,89,116,80,121,97,114,86,101,111,84,87,65,135,121,114,194,204,86,103,47,132,73,67,85,131,125,59,145,58,121,128,79,63,59,90,79,58,83,123,53,130,98,64,60,69,50,49,50,87,55,70,68,34,131,55,24,52,95,136,33,37,49,40,35,71,68,58,75,30,43,73,75,58,70,56,40,36,13,43,40,41,86,68,14,24,89,63,27,126,84,109,84,23,72,33,15,34,51,44,50,57,9,93,36,47,52,56,123,26,46,14,18,75,58,31,132,28,66,25,25,25,18,42,67,31,39,40,46,65,50,40,72,46,9,5,35,17,20,32,36,53,34,36,46,46,4,64,8,14,19,28,31,21,31,31,63,52,15,34,81,23,41,53,14,22,24,9,17,56,33,26,67,15,39,46,41,13,14,31,72,23,11,64,63,33,22,97,25,19,15,44,44,53,53,46,47,21,104,67,11,84,40,54,13,83,216,33,63,32,31,49,64,78,27,33,46,35,24,63,49,59,42,53,71,47,55,46,40,71,48,61,47,61,107,77,58,102,46,48,65,78,78,94,69,149,80,84,107,36,59,57,56,58,73,50,101,79,80,76,63,104,72,104,86,78,70,55,48,64,58,80,66,47,199,60,54,97,70,89,57,73,81,79,68,62,76,75,92,98,58,53,45,135,92,87,92,63,42,67,58,108,27,59,83,64,110,126,73,78,73,100,61,75,65,32,77,35,66,103,105,75,56,96,60,142,55,108,230,92,96,52,48,40,42,38,54,38,69,123,38,72,40,92,31,65,55,51,30,83,65,33,57,62,47,18,22,43,40,44,17,32,46,41,64,70,46,60,14,50,21,32,28,27,12,28,43,31,27,29,22,91,40,49,26,30,27,21,31,80,30,20,33,18,37,54,19,21,10,29,21,29,83,33,21,26,9,15,22,63,17,5,13,18,52,31,80,31,45,34,8,32,51,31,30,25,47,17,42,23,12,30,43,15,31,54,45,12,25,10,54,23,11,47,37,80,11,51,6,21,13,6,35,41,14,40,13,57,23,23,4,44,18,48,29,51,58,21,63,88,56,34,42,20,6,34,9,23,13,9,22,42,44,17,5,5,17,11,30,39,22,5,19,16,14,36,14,42,9,23,22,52,6,4,6,24,17,16,73,26,4,6,8,65,22,16,79,18,26,18,57,48,43,10,15,48,9,23,18,23,48,22,21,20,24,23,14,20,12,15,46,46,45,21,11,14,41,7,44,16,29,22,11,31,37,25,263,5,25,30,49,38,90,34,87,50,18,45,26,10,12,25,20,10,47,14,41,29,119,50,76,13,58,5,28,91,35,12,8,96,20,29,11,15,97,44,37,29,21,22,38,18,13,10,4,15,7,70,19,40,24,27,55,13,40,20,11,22,28,15,41,7,37,27,26,16,20,24,12,33,5,72,57,32,25,27,7,5,132,14,22,38,24,49,40,33,15,34,79,18,13,19,20,40,24,9,23,11,27,9,14,7,19,13,69,23,71,17,3,83,89,16,5,19,29,32,63,6,15,4,20,51,72,26,22,10,8,24,20,44,17,44,32,13,15,3,4,54,19,32,14,8,29,7,12,33,20,5,44,11,14,7,6,17,5,28,37,5,6,12,17,5,11,11,4,50,22,27,22,59,18,10,14,8,24,10,71,11,8,12,16,4,7,5,12,18,44,4,71,13,36,19,32,27,11,17,4,6,8,12,6,41,7,12,36,48,15,54,23,37,31,21,13,5,52,69,18,24,52,15,34,7,42,16,39,16,13,8,16,23,19,28,17,27,11,21,20,56,18,16,6,29,30,4,14,18,71,13,5,20,22,6,22,32,5,6,16,5,26,8,5,40,30,59,57,8,8,27,75,36,8,7,30,18,28,3,65,47,4,6,27,24,11,6,48,41,10,20,17,10,5,4,18,3,15,16,16,4,6,5,14,11,19,19,9,13,17,17,12,5,5,23,20,5,4,30,8,13,20,17,32,3,6,4,27,27,7,4,33,17,7,15,10,20,3,58,6,4,9,10,4,57,28,9,36,80,5,11,4,91,4,6,4,8,4,8,15,4,29,7,9,4,4,35,4,27,31,28,29,7,5,13,13,6,14,6,5,21,8,39,36,25,28,4,13,26,4,5,17,5,4,9,26,16,58,55,5,17,4,46,25,8,51,6,20,22,64,5,10,34,34,16,21,12,32,23,33,8,13,5,12,8,49,5,8,7,6,3,27,16,4,4,21,10,12,6,11,5,5,6,4,18,7,27,30,14,10,12,4,3,3,11,13,9,8,15,7,8,15,14,7,7,11,11,41,14,34,13,49,13,11,3,26,38,30,41,10,50,10,30,6,8,
3.91,22,150,197,292,132,204,181,190,176,173,147,239,120,162,185,185,156,177,265,153,161,136,190,154,135,122,158,132,153,123,124,94,134,131,99,108,121,137,133,106,164,106,108,111,145,143,147,144,113,129,166,70,136,134,95,80,90,101,69,115,124,70,109,99,74,80,140,130,80,100,102,101,70,75,166,62,63,73,88,62,91,120,84,95,76,69,79,79,80,31,87,86,78,202,71,66,154,58,76,149,70,75,43,60,109,52,53,60,45,82,72,79,54,24,81,47,43,38,17,68,31,81,65,63,41,91,40,64,59,44,23,42,22,94,40,55,39,38,78,99,24,65,52,19,66,104,27,25,34,35,54,41,45,79,41,29,34,66,89,79,72,48,55,16,24,59,57,90,42,16,27,72,70,43,28,39,100,50,96,49,32,31,66,67,174,27,58,50,58,55,69,28,51,18,27,36,78,57,68,58,44,75,62,41,53,44,23,64,56,43,51,72,56,54,88,48,35,137,131,59,35,46,39,53,59,58,44,46,67,76,57,125,64,42,60,43,88,36,88,94,102,100,69,66,81,37,75,83,76,75,68,62,92,65,60,120,75,111,78,153,107,71,61,77,99,126,75,111,107,104,88,185,116,85,88,81,99,99,77,107,92,80,90,82,136,139,122,122,96,89,56,77,67,81,65,122,65,94,97,85,96,104,85,114,100,74,126,74,99,72,205,62,100,100,81,92,105,108,75,132,64,89,103,90,97,103,62,75,115,106,74,75,106,111,160,72,59,57,80,77,66,171,192,106,66,102,104,69,59,68,109,101,62,119,122,77,88,61,99,31,43,35,56,76,92,55,52,50,71,73,69,94,41,70,46,46,129,51,29,65,93,96,25,58,70,34,44,73,37,25,82,129,79,28,26,46,91,67,15,24,38,50,50,126,33,74,81,48,59,28,58,31,29,61,47,33,73,34,65,31,47,51,55,29,64,53,62,48,21,37,46,30,45,90,65,51,38,53,23,19,30,71,79,12,30,41,31,93,34,64,31,25,38,25,52,45,31,35,14,44,59,34,23,82,32,50,12,29,18,76,29,27,33,64,37,40,30,64,56,14,98,56,48,16,17,33,65,55,15,14,47,42,38,12,37,18,94,56,11,27,77,50,12,27,27,39,30,85,16,41,58,43,13,26,12,47,33,10,32,65,41,60,14,18,79,39,20,47,32,21,28,46,57,17,41,34,147,46,26,22,6,78,43,328,33,74,36,43,69,27,46,76,14,57,29,31,40,44,17,16,76,41,19,28,24,42,24,14,42,19,34,136,49,38,48,62,13,96,45,30,69,55,51,26,42,50,32,56,100,65,33,80,23,55,47,33,36,29,80,49,24,23,36,62,31,78,38,37,48,66,31,59,67,52,87,66,36,17,115,22,33,130,44,20,60,33,57,51,47,87,34,5,57,106,26,17,33,101,13,15,38,50,9,83,35,14,50,27,10,57,61,45,31,56,34,22,80,19,31,38,47,25,49,66,66,73,5,22,20,20,14,59,15,13,14,41,30,10,27,14,28,19,158,20,55,80,24,19,53,40,30,77,68,16,4,113,47,84,23,34,86,52,32,35,30,22,6,38,113,49,34,42,6,20,31,31,50,12,76,23,23,13,48,37,7,19,43,41,7,74,14,39,49,55,52,11,71,95,31,27,44,18,36,59,27,30,29,30,11,46,39,31,11,29,30,65,57,92,29,25,75,103,30,18,42,23,21,39,41,14,41,12,123,11,45,61,32,46,39,26,7,55,63,25,18,20,23,62,24,29,19,115,19,61,35,35,58,24,25,13,20,57,38,17,22,38,12,18,25,47,11,20,55,44,65,23,31,5,31,14,28,51,17,44,14,11,19,8,44,51,46,19,30,6,29,26,71,19,37,15,45,70,22,49,20,14,10,10,63,25,24,40,35,39,36,14,50,41,30,36,35,65,14,42,7,36,7,39,23,16,72,36,13,6,24,33,17,45,56,9,37,86,19,11,33,26,184,51,22,8,36,12,23,51,24,21,40,22,36,11,5,35,35,15,84,52,68,21,33,31,48,24,7,23,52,50,22,58,19,60,71,28,25,10,23,12,15,18,34,39,18,39,13,26,36,65,38,48,18,27,31,84,9,57,27,27,8,14,35,33,16,81,38,5,5,27,8,44,10,53,49,76,6,13,41,19,30,26,10,32,35,61,41,20,42,8,52,89,49,35,25,12,42,8,54,21,8,30,23,55,32,11,28,36,15,31,40,40,34,29,37,9,16,24,12,91,23,185,65,15,12,34,33,31,56,11,45,11,12,56,6,15,25,8,18,15,25,67,18,24,20,15,11,6,30,20,23,6,15,19,22,10,53,41,15,15,18,9,18,12,19,39,86,4,34,11,16,11,20,19,18,32,8,7,32,20,20,7,50,
3.73,21,167,109,162,206,227,163,130,89,130,159,121,196,182,217,183,128,138,123,114,108,166,165,95,123,156,133,150,99,114,143,69,155,107,125,191,105,147,93,139,86,82,98,122,60,129,92,104,136,70,55,85,130,99,85,56,43,90,99,82,77,106,95,72,98,77,72,57,89,49,44,75,56,110,78,61,65,76,81,102,57,62,93,50,99,37,37,32,65,113,64,72,16,17,79,63,82,97,31,45,48,40,56,52,26,46,18,41,33,65,8,27,18,23,67,69,19,33,16,12,33,125,58,31,68,42,14,18,17,287,8,36,52,47,16,25,32,49,33,26,72,63,14,64,101,24,42,52,64,36,57,34,73,26,8,237,15,22,8,24,44,39,91,26,116,51,42,39,40,69,37,12,41,103,21,16,15,10,10,90,94,26,16,102,35,16,13,34,69,16,25,78,18,20,5,72,62,92,29,56,43,46,29,21,21,34,53,63,62,63,21,26,19,6,60,11,25,76,72,31,47,73,34,31,31,66,119,36,62,49,46,35,52,32,58,47,112,41,38,92,37,78,99,79,74,66,82,94,101,127,70,111,58,53,65,83,64,60,87,59,87,77,117,93,70,82,76,62,76,60,81,77,48,58,88,44,110,72,88,55,66,57,80,59,66,86,60,57,77,107,80,152,98,45,56,73,108,102,67,84,124,57,74,84,86,133,105,131,92,43,164,89,77,104,60,84,62,110,62,63,68,64,93,42,97,137,71,124,92,39,141,64,60,91,85,50,44,65,39,57,62,84,69,47,44,58,60,97,51,50,68,117,71,31,107,50,23,16,53,86,64,57,41,37,40,45,22,67,31,52,47,33,35,56,50,46,19,77,94,37,53,31,51,27,47,68,101,37,18,23,23,38,84,26,11,29,26,30,33,43,38,58,108,24,23,48,51,75,90,21,27,38,23,19,65,18,118,52,5,19,38,37,46,12,61,5,164,95,70,15,42,26,4,16,49,35,23,32,24,51,6,10,52,33,46,57,30,33,11,40,32,51,55,9,50,7,33,19,35,34,40,9,26,20,34,55,29,44,9,6,16,52,6,12,35,11,5,45,16,26,13,6,29,71,6,16,97,5,49,92,27,10,11,57,15,11,30,20,7,27,24,14,32,37,33,37,10,14,4,4,22,17,9,17,31,17,4,31,16,22,51,7,40,11,5,16,16,4,15,7,18,46,14,12,19,17,13,32,8,38,21,14,22,58,18,42,56,25,28,18,52,9,12,89,26,35,142,13,69,7,4,9,37,25,20,7,15,39,31,12,27,36,22,15,29,25,20,21,17,76,24,12,31,56,19,12,48,30,25,13,17,31,5,12,30,45,39,11,23,21,56,27,23,17,57,18,18,15,15,7,27,20,10,54,36,14,52,11,40,16,12,17,5,29,40,14,23,17,37,9,22,32,25,33,19,35,12,34,57,3,19,27,65,31,10,36,12,50,52,41,27,93,30,127,34,58,35,15,11,24,21,23,22,11,32,12,34,33,15,26,18,22,10,13,130,3,33,27,26,37,5,29,28,35,4,15,31,65,34,49,26,27,8,8,44,15,18,17,33,6,4,5,4,14,6,6,45,13,30,33,57,11,13,37,25,63,6,11,22,5,20,8,17,22,14,40,19,4,9,39,60,11,45,70,36,21,17,6,5,42,13,14,11,4,37,14,18,30,11,12,4,8,4,29,4,12,39,7,82,6,10,14,30,67,44,4,15,9,41,3,27,8,27,11,10,13,32,51,22,18,34,34,48,42,19,8,16,29,27,36,24,7,20,25,12,15,14,26,9,19,5,4,28,4,24,11,5,6,36,6,5,6,4,37,4,25,35,15,3,29,12,27,50,46,162,14,28,5,98,21,11,55,27,12,5,7,35,16,66,7,73,9,42,10,7,50,7,15,7,4,5,35,12,25,7,5,15,14,61,30,21,18,55,19,7,10,30,45,4,15,13,14,31,18,71,45,6,7,29,8,24,5,9,32,14,43,20,16,10,20,38,10,8,25,4,5,36,48,19,31,31,14,2,5,42,13,4,15,5,4,16,13,11,4,27,5,28,7,6,18,21,4,18,7,22,3,9,27,45,15,6,21,21,7,44,45,23,5,4,10,11,41,9,12,20,6,13,25,14,7,20,10,41,17,20,27,5,5,32,38,12,44,6,7,53,3,7,52,9,10,14,32,7,31,11,20,11,19,23,6,11,10,7,14,26,34,4,19,2,12,31,42,12,25,23,3,4,3,8,7,56,5,6,9,53,3,12,30,22,32,13,13,19,13,23,72,16,17,84,15,17,12,18,7,8,49,6,35,10,18,23,25,19,6,7,65,43,17,4,11,18,18,8,12,68,29,4,4,3,12,4,4,4,4,12,13,15,19,9,6,7,13,4,8,36,7,10,3,28,
3.56,20,136,189,175,186,138,186,222,192,160,154,170,147,141,259,132,162,169,133,136,227,134,254,181,170,147,108,92,127,127,118,157,122,116,109,339,97,104,96,157,102,176,187,111,82,155,104,152,88,135,140,66,137,83,121,91,127,87,89,89,160,214,77,81,97,85,129,105,69,92,50,80,66,72,131,90,116,147,68,48,116,65,65,83,71,85,68,132,54,115,72,87,55,73,103,103,51,49,148,78,38,73,42,37,27,135,47,42,48,84,41,38,73,54,79,26,20,37,133,34,44,88,51,79,37,79,48,87,20,50,40,103,90,37,36,78,39,70,22,78,45,62,23,60,48,54,65,97,42,39,50,49,57,27,108,66,83,40,56,114,34,100,25,70,36,27,72,47,29,82,35,84,44,34,38,55,21,30,24,35,40,21,68,70,32,21,58,22,34,16,74,30,76,50,66,72,39,50,94,89,56,47,78,106,72,117,68,66,68,41,43,35,28,57,54,59,35,123,75,49,87,142,36,73,72,106,54,89,130,54,78,110,65,55,54,95,92,126,128,118,107,73,90,46,97,95,65,96,114,95,81,139,79,75,95,123,152,96,89,78,90,58,118,68,102,201,85,95,96,129,88,106,93,150,84,89,99,84,76,91,82,85,127,109,73,98,102,83,107,125,160,87,118,67,109,71,67,116,111,156,113,81,121,101,151,82,74,103,147,154,99,116,90,62,56,167,114,92,97,49,64,46,94,131,129,117,78,69,57,72,111,76,80,75,109,68,94,89,83,59,67,109,78,52,105,61,80,61,84,96,98,61,94,89,141,88,63,51,32,80,79,53,68,89,52,64,66,95,91,101,60,67,90,77,55,54,87,98,94,61,26,91,63,49,74,73,95,46,23,24,36,45,66,9,65,60,62,45,49,49,46,118,34,37,50,124,35,28,65,64,39,94,8,48,157,31,62,50,79,39,33,56,43,49,34,32,39,26,25,11,39,19,81,13,18,48,28,37,24,43,16,20,48,50,51,39,14,32,28,44,99,26,23,89,34,14,35,59,23,52,15,13,104,46,69,37,11,41,27,76,261,49,48,39,37,23,29,49,51,22,30,59,16,29,57,12,87,42,114,36,42,10,37,60,37,17,68,34,52,45,44,22,59,74,12,33,104,49,26,37,12,27,37,22,25,65,64,12,103,66,56,26,83,28,68,73,135,134,111,48,43,42,17,79,41,100,49,15,40,28,23,64,61,20,32,23,140,44,17,48,31,40,60,43,66,33,67,58,92,58,32,33,26,37,13,94,24,47,116,8,33,30,40,38,23,76,45,100,26,24,38,29,37,39,57,27,18,80,63,93,71,33,11,33,37,59,63,71,24,36,38,59,48,42,31,71,29,29,32,28,88,72,37,40,53,76,27,39,62,36,44,11,58,27,103,25,12,60,77,67,22,43,19,24,23,47,62,21,24,31,69,62,72,36,35,47,24,33,30,10,47,24,42,80,63,47,40,43,33,36,45,18,35,25,183,30,40,20,30,9,27,20,51,28,45,17,50,17,33,118,33,16,62,47,24,28,18,99,18,6,37,36,56,70,13,29,24,10,38,47,52,37,27,9,11,36,4,39,27,38,56,41,24,46,37,16,15,24,29,11,50,14,32,62,19,38,48,102,15,4,41,15,48,36,49,35,16,72,19,75,25,26,24,46,61,6,39,41,29,20,95,69,35,12,14,14,9,29,110,30,25,44,23,11,68,26,50,29,15,24,59,32,32,9,10,50,44,29,29,49,20,58,55,52,23,54,12,33,24,22,21,40,23,56,51,15,24,63,25,17,89,20,36,29,15,32,16,5,19,41,16,35,7,72,39,57,30,9,26,15,7,31,35,26,20,21,45,47,56,40,30,42,28,15,14,42,48,24,14,53,37,22,31,63,62,23,6,60,15,33,48,12,24,90,24,8,30,57,10,65,28,5,12,62,19,61,23,13,16,5,67,50,29,13,12,42,17,12,33,11,20,42,28,12,60,37,50,30,48,73,27,88,13,53,61,25,20,60,31,66,6,37,24,31,35,12,13,68,9,75,8,14,15,15,25,16,38,35,38,18,41,30,38,41,16,11,17,17,19,55,43,52,4,18,28,33,20,66,70,17,6,12,27,159,27,38,7,7,32,15,43,9,25,25,22,33,32,23,46,27,6,20,43,19,32,23,31,4,26,63,28,4,23,49,30,114,91,10,80,32,52,103,10,72,40,10,61,28,16,37,38,27,4,20,66,18,102,84,47,10,90,11,29,27,24,15,24,20,21,10,63,64,38,8,21,13,32,74,24,5,84,6,25,11,9,17,8,68,24,69,33,48,48,25,41,36,38,6,15,54,27,50,19,33,56,29,29,54,63,39,24,6,32,12,84,40,27,17,9,11,37,6,21,56,28,152,41,15,12,
3.38,19,149,185,195,125,115,129,126,165,189,165,102,198,182,109,82,175,115,154,130,104,75,130,94,92,90,97,111,138,151,162,98,74,231,85,106,92,77,127,172,98,110,87,83,133,68,113,86,85,117,63,76,112,100,53,115,232,61,50,83,115,93,86,81,70,57,66,57,74,53,76,67,63,52,37,46,109,39,145,47,116,86,32,118,42,53,28,81,83,46,32,39,14,55,19,52,42,50,104,54,77,11,23,50,35,16,67,64,45,55,73,38,29,184,39,42,61,13,47,15,47,36,41,32,10,21,7,17,29,27,23,51,22,59,32,28,16,21,57,39,42,9,42,25,39,184,6,229,63,27,17,20,20,36,23,29,118,164,52,57,37,33,42,8,51,89,27,37,10,27,29,51,31,6,51,15,25,19,44,19,20,73,47,33,33,39,27,15,31,52,44,12,17,39,13,23,20,18,20,63,31,12,23,48,37,15,33,37,32,29,40,35,68,80,48,78,58,36,70,44,163,85,76,108,20,104,103,47,49,24,51,68,42,128,77,87,91,49,55,80,60,49,91,27,119,46,62,56,35,92,49,56,80,73,100,49,65,68,48,53,71,77,85,58,63,75,39,93,52,116,61,144,66,47,66,68,91,234,111,48,82,62,137,61,66,110,92,67,60,72,109,62,98,57,70,74,68,38,78,66,72,78,51,85,58,93,82,79,48,79,68,82,98,79,81,30,46,88,81,27,58,43,80,154,76,57,44,81,42,42,53,51,67,48,114,48,57,26,45,72,31,96,69,61,19,75,45,137,58,62,97,51,104,103,66,28,47,97,28,75,25,38,24,74,78,75,44,80,20,10,49,38,43,9,33,39,15,36,44,95,22,43,52,45,40,23,28,20,6,71,50,60,85,26,22,57,25,34,8,47,14,45,6,38,47,12,33,24,28,59,14,22,40,15,82,7,17,28,5,32,12,14,7,15,9,16,24,32,12,66,16,20,72,15,31,18,34,109,5,44,51,7,12,11,9,150,25,12,20,17,85,29,30,7,21,35,15,14,17,5,13,26,12,32,20,20,66,25,7,12,29,69,10,19,19,25,18,2,32,22,40,28,93,40,7,29,14,27,25,6,28,6,16,93,11,8,43,18,23,6,87,37,23,45,42,11,37,15,9,54,6,25,10,13,69,11,39,32,28,236,40,5,6,6,67,16,62,23,27,41,17,35,46,5,34,32,10,19,9,12,27,4,18,32,29,27,30,17,22,33,28,3,65,8,31,36,16,11,58,22,8,38,16,40,27,19,21,8,68,26,19,54,15,7,30,14,24,15,24,80,17,31,28,67,40,5,3,42,55,38,66,6,34,36,21,38,18,16,11,48,27,17,24,6,75,45,61,43,21,36,82,67,13,17,16,25,55,81,117,36,27,8,9,36,32,20,27,60,10,24,28,11,41,17,7,10,71,26,4,7,29,12,8,51,30,12,32,9,33,44,27,49,11,25,16,11,23,26,67,8,13,75,15,53,19,37,49,13,29,6,47,23,10,11,76,75,12,25,9,13,9,53,14,25,35,50,104,62,32,8,23,23,26,11,10,8,10,9,17,79,4,4,13,41,60,7,21,33,17,26,24,25,25,14,11,4,15,41,7,60,22,10,7,13,18,26,28,4,13,23,64,10,9,64,30,27,22,3,11,17,38,38,7,12,48,5,26,18,3,10,6,15,6,14,15,58,5,6,27,6,13,9,32,51,15,13,4,4,82,8,50,4,24,7,5,20,10,14,14,10,13,7,55,11,4,10,50,13,34,22,4,22,12,39,41,14,42,113,39,23,6,30,17,14,30,23,5,24,23,16,9,4,22,11,18,14,6,8,27,32,17,17,13,15,20,97,7,42,13,8,20,37,105,16,5,7,4,42,3,6,9,9,51,29,11,18,14,17,29,9,39,50,16,86,16,5,33,8,11,28,50,32,9,8,5,14,27,8,16,27,9,28,19,8,39,43,8,24,100,21,32,4,5,31,3,7,32,53,21,24,18,5,16,12,4,44,8,8,20,6,11,5,4,4,6,37,26,11,27,13,10,14,19,39,8,21,36,4,27,10,27,13,11,17,6,5,17,36,36,9,9,23,6,29,7,73,9,14,11,48,6,4,7,7,91,11,20,27,19,33,23,3,5,25,55,24,6,7,59,5,25,3,10,6,37,4,2,16,4,8,10,23,28,4,3,5,12,26,9,5,5,19,3,4,12,30,46,4,6,26,31,37,62,4,24,31,21,8,4,5,6,6,83,33,20,19,4,26,5,4,4,65,36,18,38,31,18,45,5,12,5,4,45,3,6,3,28,25,22,14,24,18,3,110,23,79,29,12,4,18,84,61,6,16,43,8,15,5,13,12,44,3,34,38,21,20,8,9,4,16,11,12,37,20,9,40,20,34,4,
3.2,18,162,180,232,172,206,185,133,164,148,158,136,145,121,178,152,242,147,101,156,111,146,127,137,113,143,106,88,142,321,112,102,113,176,93,244,131,181,111,157,123,94,219,97,110,128,129,95,135,139,86,91,124,65,169,88,105,236,104,143,51,90,154,81,65,67,61,116,91,116,65,104,99,45,56,134,70,108,50,58,49,52,66,64,83,121,109,54,62,67,71,71,58,123,80,42,78,67,66,75,62,78,36,60,28,29,52,36,80,61,31,38,44,52,71,35,74,64,85,62,79,54,43,141,86,137,22,41,43,43,101,172,66,22,84,62,56,150,47,38,11,65,77,46,35,33,56,40,55,73,12,62,121,118,42,34,92,54,69,29,40,157,78,48,24,36,24,54,46,86,37,63,99,72,37,34,37,37,33,45,16,65,70,95,19,42,59,32,62,40,49,44,58,59,40,66,76,50,48,116,38,80,65,55,106,59,71,86,94,32,65,68,64,44,83,72,221,45,111,48,72,80,65,129,121,64,66,81,297,30,92,103,70,112,55,106,62,46,79,64,147,90,72,99,95,88,39,142,210,93,107,62,76,159,103,84,86,117,109,88,57,65,97,58,79,86,77,86,99,69,84,56,73,94,122,75,58,87,86,86,80,79,109,83,88,68,88,112,129,97,72,102,85,102,68,110,96,90,70,79,82,96,87,61,94,78,106,91,82,95,92,92,69,65,153,61,88,82,115,65,43,92,122,74,120,82,92,66,41,113,74,61,73,46,102,94,84,87,75,72,55,76,190,71,70,79,84,83,65,47,47,74,37,47,61,102,86,72,44,72,66,36,132,69,32,45,131,46,47,56,49,75,51,55,65,30,56,78,87,64,72,57,34,69,74,33,26,72,33,70,72,37,50,69,23,32,80,67,29,92,19,37,74,71,89,44,87,42,64,63,52,15,34,65,114,21,43,21,26,44,20,57,39,75,80,11,70,63,71,30,38,57,45,48,20,23,89,13,27,36,36,30,42,22,14,44,65,76,49,31,25,24,66,23,15,95,69,7,15,27,29,30,56,54,26,80,50,26,107,84,31,31,69,29,265,87,33,105,43,15,20,22,5,43,11,17,42,31,16,25,19,68,51,17,81,28,53,29,48,29,89,72,34,31,103,75,18,65,34,31,234,43,25,82,263,42,67,66,46,39,75,46,51,40,38,49,24,36,84,41,26,32,62,25,66,58,57,78,36,38,37,42,27,50,32,96,43,45,42,28,21,66,44,70,62,36,35,50,41,20,79,32,74,28,22,24,33,25,29,20,23,63,61,14,67,41,20,24,36,20,102,77,65,30,54,38,90,88,39,18,21,33,58,9,24,108,78,48,32,83,71,21,62,45,41,43,63,35,35,26,38,37,37,52,23,26,43,41,40,35,28,21,26,96,17,22,271,88,61,42,48,42,59,22,44,54,15,46,60,42,25,60,74,51,30,30,41,29,29,42,25,73,30,27,34,25,25,48,38,37,42,22,16,62,15,19,33,26,45,25,43,61,11,29,47,59,40,24,15,17,32,113,51,101,61,25,19,13,51,76,16,34,35,11,24,59,52,24,7,37,28,10,53,4,47,43,42,24,33,13,40,49,22,39,41,30,49,8,46,29,62,20,41,22,20,23,13,22,26,56,116,12,36,40,48,30,34,32,114,20,45,28,46,35,29,26,19,18,28,11,9,18,3,58,41,14,24,29,22,77,24,49,30,28,35,25,65,140,28,22,40,18,20,4,36,95,59,22,146,12,32,63,52,104,31,51,55,22,15,28,50,53,21,32,16,29,32,75,4,18,11,56,41,50,20,36,46,42,24,23,15,13,35,60,59,62,12,47,11,22,35,48,75,29,43,39,33,18,8,17,31,23,60,36,14,36,33,12,30,12,19,15,46,65,18,41,9,43,30,56,34,14,42,49,7,28,46,20,25,57,63,31,51,24,64,48,85,82,51,23,24,30,36,13,26,28,117,91,44,38,45,31,15,22,9,16,11,23,39,20,98,27,162,55,80,85,26,69,61,13,15,14,35,15,36,44,19,257,6,13,46,37,20,17,7,24,46,11,5,18,22,12,24,25,16,10,55,9,12,15,84,8,15,8,29,27,100,7,19,78,22,9,11,4,14,29,9,21,20,73,9,26,18,81,28,37,28,74,17,14,11,9,9,16,10,9,101,33,41,28,13,54,12,15,37,20,27,25,7,24,18,29,21,21,21,7,8,14,11,28,16,16,98,10,19,19,22,46,43,19,18,10,61,13,87,14,16,22,37,30,21,24,9,23,95,27,57,14,9,20,50,5,46,77,40,19,23,29,25,7,5,43,62,18,43,16,4,49,26,63,75,6,11,21,6,11,49,29,24,25,39,12,16,21,18,4,18,24,39,75,26,61,6,47,9,31,29,20,29,
3.02,17,108,182,179,144,125,143,146,214,119,187,132,127,108,85,133,97,91,124,85,164,84,106,145,119,123,144,111,109,108,65,179,76,181,152,114,107,107,81,63,58,47,137,72,87,97,189,100,102,129,111,76,71,64,99,79,99,106,94,44,82,85,66,122,75,110,162,103,49,24,53,44,117,104,80,76,58,63,47,33,65,28,28,37,37,39,50,50,65,28,62,42,88,44,88,45,86,18,91,103,56,95,63,89,80,43,78,46,65,74,27,16,36,61,59,29,55,44,25,18,22,9,5,72,45,34,68,25,37,23,22,68,30,33,38,81,27,30,46,26,36,26,63,26,87,71,39,35,49,7,34,34,41,30,50,10,19,24,17,25,39,59,21,24,64,20,24,21,29,19,52,14,31,106,29,46,15,49,15,8,48,5,71,59,84,26,46,80,44,16,36,48,44,74,49,28,33,97,63,43,17,26,10,48,20,73,14,39,59,108,42,42,72,37,57,20,29,30,35,60,104,23,67,91,57,53,87,40,64,66,45,23,79,73,64,43,78,71,93,51,64,108,80,52,35,70,78,98,132,76,93,124,70,92,52,58,106,58,75,67,78,99,57,152,47,54,89,82,77,75,66,58,44,89,89,145,72,97,61,79,54,73,81,119,63,77,49,90,58,98,77,82,108,60,71,84,45,103,61,80,41,66,74,82,62,146,96,80,98,49,41,49,51,73,74,38,68,66,72,66,73,70,47,59,46,59,77,39,73,75,47,72,51,81,47,42,39,63,75,91,56,51,66,49,78,124,114,157,84,25,46,59,33,23,28,26,49,70,14,32,81,41,37,72,27,60,60,12,22,43,19,44,36,37,59,54,52,21,30,46,60,41,39,48,23,83,62,28,41,24,71,55,98,45,73,24,69,57,4,38,24,32,16,33,24,83,28,77,28,19,20,48,26,43,49,23,26,11,11,75,33,13,31,12,63,39,37,10,68,21,21,66,42,12,11,41,5,17,3,11,40,11,21,24,42,32,8,3,47,31,5,11,38,4,3,16,5,22,25,43,35,19,17,36,55,8,37,59,6,103,23,33,6,8,10,57,13,4,5,12,18,14,13,23,4,30,31,42,28,33,9,15,14,14,20,16,24,72,23,14,33,40,14,38,14,18,39,27,45,31,11,17,69,4,42,22,59,28,78,12,57,67,53,25,60,32,13,46,32,20,14,32,23,32,24,37,23,35,35,6,46,32,37,28,13,25,15,35,19,59,9,29,36,28,25,36,9,18,33,11,11,21,19,34,16,45,33,13,22,10,27,49,10,49,55,52,25,19,17,15,11,35,16,36,9,16,11,10,22,12,19,10,5,15,22,94,8,28,31,31,68,27,29,21,39,36,27,12,12,19,82,117,13,55,41,7,20,9,37,40,14,30,19,19,8,23,100,38,38,52,11,12,27,15,22,27,36,10,17,37,26,16,7,22,19,6,59,54,11,49,45,8,11,32,39,6,11,23,7,5,17,23,6,14,63,16,15,36,17,14,24,4,25,123,20,45,28,16,7,23,5,47,13,10,8,14,5,40,16,132,19,26,30,4,37,67,28,12,14,15,18,14,12,5,28,38,18,20,121,9,17,14,12,3,44,9,5,54,65,25,3,30,12,13,13,36,5,32,10,7,27,15,9,4,17,6,12,8,4,13,26,23,56,39,14,17,27,15,5,18,4,18,14,9,25,5,11,28,22,96,10,16,49,27,27,14,41,22,16,55,14,25,31,24,25,14,45,7,48,4,33,5,8,25,39,9,45,19,4,144,56,26,16,18,25,4,8,40,6,17,9,12,14,32,46,12,11,99,20,34,7,48,45,19,13,13,11,56,23,29,22,4,22,43,30,8,4,11,17,6,84,55,47,21,21,7,40,42,11,74,11,18,31,9,8,19,5,17,65,19,17,12,10,14,14,40,8,8,42,14,18,13,12,77,5,7,3,5,5,7,17,19,14,17,16,29,9,13,42,17,5,7,5,8,14,5,9,20,35,9,6,10,21,6,9,4,47,4,23,9,4,27,38,7,19,11,4,14,112,18,15,9,6,18,25,46,23,22,17,31,17,25,17,11,18,44,15,12,2,7,4,8,20,6,4,10,7,4,16,9,33,15,14,22,5,9,32,15,7,9,16,7,16,49,6,22,17,7,11,77,7,12,12,26,18,17,69,21,5,36,7,12,19,6,128,5,19,75,7,4,30,7,35,21,15,19,11,67,10,9,18,24,6,15,26,17,25,58,3,8,5,46,10,35,42,4,5,9,5,28,16,6,4,6,62,7,10,35,21,58,15,13,23,51,9,14,7,48,5,10,16,22,49,10,4,3,63,27,4,3,17,35,4,12,8,11,11,6,20,4,39,32,25,9,17,17,35,4,7,19,5,35,24,10,68,43,5,5,31,
2.85,16,144,175,165,265,174,165,152,146,164,146,149,169,172,185,167,134,173,109,156,126,179,128,141,225,136,128,180,74,171,108,80,145,155,108,171,181,84,106,156,97,83,169,91,99,86,116,188,85,210,107,113,71,182,114,71,133,106,50,76,100,83,121,86,126,49,99,68,90,62,269,36,139,78,60,126,74,57,55,63,68,63,71,82,137,116,183,58,134,82,69,61,31,46,67,33,69,88,57,41,46,95,99,56,37,63,79,31,44,62,46,42,57,63,74,76,46,87,26,91,79,80,19,30,49,45,45,83,41,59,47,48,93,57,23,53,55,108,94,77,34,51,24,51,23,29,56,38,33,93,36,77,45,88,24,69,97,39,63,81,19,38,36,40,20,83,36,50,39,28,47,52,60,35,65,97,55,27,76,59,47,60,42,47,86,31,63,143,85,71,54,56,52,79,75,50,36,31,59,42,49,32,56,45,51,86,126,54,133,140,66,39,57,21,71,28,59,115,87,189,99,117,66,82,85,68,110,116,88,141,107,69,79,88,102,77,112,91,93,151,125,73,75,62,58,108,73,94,74,73,103,134,116,114,101,138,110,127,61,103,78,63,100,133,100,94,107,72,73,87,113,81,62,81,110,102,103,80,139,164,113,60,102,132,151,112,79,120,85,100,146,227,133,90,79,105,132,53,102,76,53,118,91,80,89,137,77,125,85,99,89,78,71,106,66,130,111,69,101,64,124,108,78,84,77,167,134,192,67,82,79,46,66,76,91,95,37,102,90,93,82,53,46,26,72,63,90,77,52,103,56,53,59,43,103,87,56,45,54,61,44,75,87,101,59,144,79,76,53,107,52,51,24,63,41,70,70,56,92,46,45,51,48,34,22,85,57,46,58,57,17,49,48,54,61,49,62,32,62,44,41,63,46,24,34,39,23,14,48,35,19,95,24,30,13,32,63,48,40,34,21,25,72,10,20,25,21,43,27,30,33,27,48,31,37,27,55,18,29,112,46,37,66,26,31,71,78,90,27,32,29,63,31,33,67,21,38,20,16,27,20,58,67,28,77,41,82,46,21,26,11,37,35,22,23,21,56,46,60,45,39,32,21,52,46,36,17,109,38,15,12,91,32,59,50,40,56,38,26,22,24,18,223,40,49,21,97,38,113,43,45,42,26,58,61,21,56,37,61,54,35,55,59,40,40,35,35,34,61,35,113,86,28,65,44,86,35,21,28,41,40,62,37,111,45,48,38,103,17,109,78,41,51,40,32,39,72,49,62,33,11,41,70,68,44,163,42,18,28,34,39,37,25,19,31,28,56,57,37,25,80,52,21,27,48,32,58,30,22,58,30,13,59,23,65,75,56,51,77,69,35,96,15,52,151,21,130,31,63,23,25,47,65,102,45,49,16,8,94,29,53,13,40,95,20,23,53,15,55,48,39,11,43,57,38,85,34,87,39,13,47,34,22,29,58,51,18,49,28,31,42,13,15,24,14,49,52,11,29,22,20,8,46,27,106,15,38,78,51,71,38,63,60,73,14,21,42,16,8,86,30,80,47,47,30,45,150,55,6,118,12,76,45,11,31,29,60,16,64,27,30,18,12,24,48,12,52,18,49,8,49,10,15,65,18,44,76,49,21,23,41,45,21,7,65,48,60,59,97,26,66,89,21,64,42,67,24,15,25,33,26,90,12,39,10,14,108,47,34,40,86,17,36,72,118,60,16,34,5,27,72,23,11,20,78,37,32,25,31,39,64,31,9,17,42,32,86,58,49,27,38,23,82,14,95,38,20,50,37,9,25,30,54,27,108,75,25,24,42,38,40,25,29,26,5,23,21,34,19,63,17,68,38,38,33,28,47,15,12,9,39,17,21,96,20,39,21,142,46,11,20,34,26,8,41,6,53,29,21,42,25,20,19,10,12,26,27,55,50,23,18,15,47,54,36,21,15,16,34,49,36,65,11,27,31,18,12,93,19,97,54,9,8,18,11,11,22,22,14,20,27,5,5,30,16,90,38,52,64,24,31,48,25,45,58,118,5,18,9,21,76,16,15,14,65,26,19,22,53,27,75,38,8,5,4,72,16,9,30,35,52,7,46,30,11,47,43,23,31,59,39,20,32,39,17,5,109,65,13,10,22,15,21,36,5,15,18,18,12,73,19,29,55,13,113,26,53,51,47,27,25,19,58,42,38,18,46,34,11,13,25,82,7,37,19,20,20,9,11,8,19,69,23,12,13,20,14,15,85,58,19,38,32,8,88,36,22,14,17,22,21,90,26,33,50,13,49,36,9,25,14,22,18,8,23,61,14,41,51,5,75,6,24,39,11,20,19,30,30,40,19,43,18,8,28,47,13,7,8,80,4,16,56,51,32,16,65,44,43,80,15,13,14,46,47,20,15,26,51,12,24,11,28,12,21,14,11,11,64,
2.67,15,111,179,137,164,187,164,140,151,175,69,136,178,118,112,136,150,98,123,111,150,136,82,187,139,83,115,113,140,87,147,87,184,199,80,54,136,116,80,66,68,76,100,71,143,111,120,91,85,50,74,59,75,68,74,225,60,32,31,62,101,65,129,74,82,53,75,108,35,119,46,55,42,115,58,59,21,40,66,74,128,66,24,72,67,35,40,41,90,49,54,90,18,44,27,60,46,41,43,96,78,46,34,34,48,50,23,21,35,70,30,34,36,41,173,28,81,61,5,29,37,34,39,20,54,47,42,63,66,35,23,35,53,31,25,33,31,23,17,51,30,22,53,48,54,31,50,30,10,123,46,71,68,31,40,15,37,13,41,13,8,51,46,47,37,39,17,20,57,26,46,7,9,29,26,20,21,23,66,29,39,68,34,79,27,40,14,13,28,39,15,72,45,50,94,33,103,26,47,15,63,27,84,39,30,75,60,22,34,40,157,141,44,25,61,97,52,37,103,36,25,48,94,48,46,63,60,120,52,50,100,85,46,78,126,50,60,50,50,83,66,90,54,72,49,45,110,119,132,125,59,94,51,77,68,78,199,85,79,67,66,95,71,120,72,45,44,110,80,86,56,96,76,90,111,96,72,49,69,87,88,89,64,45,81,76,58,98,83,89,100,50,86,72,43,50,49,61,59,53,98,69,59,85,49,51,111,69,115,88,56,61,93,79,81,69,78,46,88,75,76,74,116,29,124,27,26,79,28,145,48,83,34,53,36,36,47,66,33,56,62,41,73,37,79,58,21,14,41,54,37,140,23,41,140,85,46,30,92,83,56,39,77,30,64,37,24,44,25,59,38,21,22,19,31,37,33,44,55,59,12,18,16,38,43,27,24,117,120,22,48,51,29,8,32,36,31,30,39,58,46,20,21,17,17,9,20,19,56,28,102,8,52,34,22,14,12,23,6,25,25,4,16,20,13,29,13,68,32,8,41,23,31,27,17,27,28,8,44,12,6,4,38,51,14,43,27,15,18,39,23,16,45,24,91,75,26,70,67,15,45,16,13,51,60,20,14,5,18,26,7,32,23,62,19,17,18,97,41,85,12,16,13,10,82,46,61,52,20,10,17,13,46,58,46,21,15,29,8,24,28,21,50,66,7,15,53,39,53,34,38,52,23,56,19,14,50,57,23,43,30,9,11,17,7,43,12,15,4,23,20,6,12,17,28,22,63,8,26,36,21,20,51,33,7,29,84,21,50,126,17,11,50,59,28,26,51,89,20,11,34,90,42,65,37,11,15,28,17,15,16,5,72,44,39,121,26,24,68,22,9,15,8,33,12,33,19,67,9,51,9,50,41,70,35,18,30,31,73,28,22,5,29,41,25,4,10,5,53,45,36,25,11,14,45,13,52,13,22,12,5,29,21,20,70,4,120,31,122,45,8,91,26,9,9,19,20,3,7,54,11,34,12,45,41,30,6,35,19,27,51,4,25,14,16,38,44,32,18,143,31,4,27,5,70,37,41,38,3,11,6,16,34,75,24,41,16,26,7,11,32,4,24,16,7,26,36,19,37,65,27,14,16,38,23,5,28,26,13,25,9,23,5,15,23,4,14,11,4,6,3,69,13,4,5,17,6,33,13,8,49,12,21,13,3,8,10,23,68,112,99,25,54,41,14,5,7,9,24,5,23,16,32,40,13,13,17,11,4,12,33,41,18,11,89,30,27,13,17,38,6,8,14,67,11,45,36,45,5,79,9,62,55,11,18,41,26,38,4,17,31,4,35,63,23,27,20,34,24,4,27,46,6,8,43,5,7,8,24,10,12,38,11,25,31,28,19,14,8,16,44,12,4,6,58,60,31,17,46,9,17,8,4,20,4,33,5,8,5,17,7,9,13,2,9,4,15,4,5,72,12,23,15,9,5,50,61,52,46,19,31,17,16,5,11,10,7,8,11,4,30,4,11,71,15,11,36,15,40,72,15,5,7,12,53,38,4,62,58,32,5,11,8,19,21,8,13,12,14,4,42,4,16,3,2,14,15,4,32,22,27,10,7,22,11,12,6,37,8,14,23,28,10,54,5,13,47,36,6,41,14,9,34,11,20,25,30,4,9,4,29,26,5,3,46,11,39,11,21,4,8,7,33,7,11,5,58,22,5,5,21,32,8,9,34,18,54,58,16,15,22,26,33,3,4,5,14,22,28,36,36,3,41,4,115,32,17,19,53,5,43,34,46,4,17,10,4,78,8,26,5,6,42,11,19,48,37,3,18,26,3,11,57,23,21,13,5,30,5,6,50,10,25,7,4,10,26,11,27,4,61,4,22,12,44,26,27,47,7,35,4,11,10,8,27,17,54,16,18,12,34,21,10,67,18,13,21,20,12,51,5,17,5,21,74,13,7,20,95,27,42,6,3,19,36,10,11,8,6,
2.49,14,129,184,158,238,159,190,193,223,148,158,140,134,204,211,148,118,137,129,139,213,168,163,110,192,178,112,84,128,161,109,136,158,163,105,105,142,123,122,93,221,150,132,203,107,110,89,80,307,155,111,78,97,130,134,108,94,74,95,66,100,87,114,81,151,114,95,79,123,78,59,133,63,96,63,97,66,66,126,65,88,71,60,39,63,76,95,70,83,96,66,146,48,49,35,144,67,57,97,73,40,39,60,69,46,39,105,38,93,84,32,32,63,62,81,53,42,72,45,57,55,60,32,43,73,52,112,42,57,19,55,31,55,23,32,37,23,85,31,70,72,64,77,49,93,47,48,52,15,53,42,65,21,89,42,41,56,47,35,35,32,98,78,110,43,42,57,30,66,87,54,136,36,22,69,26,49,63,63,37,53,55,47,44,37,44,64,27,90,101,37,87,81,115,92,36,72,93,96,95,67,63,56,60,89,83,71,57,79,170,90,26,76,90,113,141,49,53,65,70,189,88,92,126,202,94,109,123,89,89,59,122,95,82,142,154,101,133,134,108,99,92,92,78,93,56,59,71,90,99,150,167,116,90,107,133,69,59,155,70,86,97,80,92,59,126,65,96,142,69,129,197,81,72,73,84,80,127,67,85,94,104,89,139,77,122,247,107,103,116,98,112,92,71,116,138,86,68,79,63,127,99,123,76,62,113,168,99,71,98,69,98,66,79,113,119,74,69,75,103,77,52,74,92,86,59,82,69,91,66,75,58,64,79,71,117,64,81,81,39,96,65,38,57,101,38,105,75,47,52,59,134,52,84,58,78,70,104,56,64,106,42,62,87,70,70,61,52,51,87,81,29,76,43,176,39,38,43,50,53,88,56,54,68,36,76,120,37,53,114,31,36,11,32,29,53,79,13,43,15,67,146,18,22,51,43,33,19,12,33,28,13,21,38,25,29,271,36,23,30,49,59,53,92,65,49,59,20,23,38,56,51,11,82,112,45,58,36,22,115,67,31,102,47,95,41,48,22,24,57,28,32,32,28,59,80,69,144,28,88,20,22,10,121,42,28,27,17,25,44,14,50,94,9,80,24,112,47,62,82,20,43,51,39,91,111,38,53,37,46,28,176,24,47,32,72,22,22,37,58,42,37,57,50,50,29,70,17,61,35,31,29,45,40,112,71,32,37,47,102,34,46,69,72,52,30,37,25,21,28,21,40,12,44,32,21,25,20,60,36,66,74,58,47,14,27,71,27,35,41,32,75,79,43,46,45,59,48,98,75,30,51,27,49,74,20,64,50,26,44,74,32,32,26,56,38,26,37,34,42,25,30,50,59,62,36,33,30,36,14,57,70,35,25,16,59,42,37,91,25,88,29,66,27,60,27,28,8,42,22,225,88,54,22,33,46,42,274,41,21,27,62,20,30,61,33,48,14,29,89,36,42,55,16,34,11,49,72,29,93,26,18,50,29,20,58,95,38,35,43,17,23,21,18,92,22,31,32,39,36,19,18,62,49,12,54,24,10,21,45,23,7,30,5,23,126,14,33,44,23,10,24,12,56,33,76,40,39,22,22,48,169,36,55,40,50,17,45,18,31,21,66,35,72,28,13,20,44,15,50,35,66,24,28,69,23,102,31,17,41,17,8,30,8,18,25,15,6,19,21,23,14,14,64,26,33,10,61,25,21,43,4,12,7,27,25,41,22,51,33,24,47,10,27,6,61,13,77,70,48,47,33,53,47,62,205,150,49,45,37,24,74,24,18,25,33,39,15,36,57,50,16,38,52,45,51,65,73,67,41,79,34,15,17,23,35,47,30,17,21,52,116,59,70,59,55,26,21,32,23,36,23,31,14,45,20,22,27,25,106,21,45,11,46,19,35,15,20,18,6,12,11,58,34,45,48,46,3,57,24,55,13,49,14,32,14,33,34,35,19,4,42,15,17,4,12,11,17,3,70,4,24,15,79,7,92,52,40,8,44,9,41,18,67,32,29,32,8,26,82,18,13,27,25,117,21,29,13,5,28,95,34,15,42,29,45,18,9,48,6,9,38,23,25,53,22,24,47,153,18,15,27,47,21,19,6,47,15,8,42,13,87,13,18,35,10,18,17,9,50,39,37,18,51,50,43,45,15,38,42,25,21,9,27,32,38,54,50,29,39,8,5,52,12,9,61,44,61,14,11,34,10,30,19,31,5,50,42,24,50,28,127,22,4,33,33,17,28,21,32,111,19,22,36,30,27,13,76,39,26,91,56,11,8,25,30,35,133,57,27,28,92,34,18,22,68,70,28,18,95,25,25,31,4,43,19,59,28,44,117,9,19,19,8,9,24,53,48,7,10,29,18,41,47,10,5,26,64,10,41,16,24,6,23,74,52,8,22,55,25,36,54,23,24,99,22,7,74,26,4,28,14,36,181,8,43,27,61,14,
2.31,13,154,207,136,142,210,179,111,173,129,104,136,114,121,196,121,98,144,129,128,140,85,126,68,94,92,83,95,128,123,80,126,104,136,120,96,185,77,106,191,95,122,103,68,127,92,105,90,95,46,60,52,116,55,81,68,50,132,98,104,51,84,73,73,80,45,104,58,81,80,84,99,97,65,40,36,43,47,53,60,45,40,66,26,128,85,51,26,51,56,93,85,25,127,27,77,47,44,49,134,22,41,36,48,49,11,60,32,35,91,26,78,19,40,38,36,53,57,61,53,32,65,33,21,22,19,35,15,36,22,48,38,34,55,59,45,56,41,73,30,45,45,48,28,50,35,60,17,44,69,87,31,25,39,28,105,25,24,10,87,19,30,18,40,64,19,59,22,26,67,53,49,55,28,9,38,72,45,19,25,11,76,78,31,29,74,71,25,57,29,43,71,58,51,78,46,40,58,68,57,44,18,78,119,60,54,84,49,77,84,42,82,76,35,40,74,65,150,61,109,27,117,45,40,92,78,71,97,63,71,42,100,99,64,62,92,56,82,58,103,117,76,76,84,102,60,132,129,89,91,130,75,67,113,81,105,53,72,147,65,87,80,121,205,68,107,64,120,64,42,117,132,116,93,81,93,44,79,79,57,73,57,87,70,66,54,40,70,42,114,70,59,43,140,81,61,43,68,73,115,68,92,145,67,43,56,63,68,75,53,61,47,64,58,57,81,51,64,103,86,48,95,39,69,80,132,30,60,76,73,22,56,31,48,86,18,40,94,35,81,61,98,17,48,53,26,32,55,43,39,48,73,60,45,54,38,36,32,40,55,15,63,30,40,97,55,30,37,11,13,79,37,40,22,49,11,81,26,100,12,16,55,16,29,44,45,14,20,67,16,52,17,24,23,25,25,43,15,33,39,37,32,22,30,15,38,6,47,19,72,34,36,40,14,10,15,26,9,22,39,3,35,13,11,9,30,66,13,7,17,17,6,36,17,6,77,12,22,33,50,34,17,25,34,18,13,12,19,23,34,26,12,15,27,19,14,58,130,152,22,62,38,18,21,6,17,21,37,16,33,20,18,26,23,32,19,43,46,26,4,50,11,68,20,33,12,60,7,12,37,21,13,44,8,24,43,145,19,29,15,77,29,25,13,21,42,45,33,26,39,17,44,41,47,63,6,43,13,19,112,59,43,21,84,57,35,83,12,26,18,28,25,38,30,82,36,72,40,35,12,40,49,5,20,42,18,12,17,24,19,19,44,43,53,53,6,43,36,63,19,20,12,12,21,12,62,30,14,22,5,26,29,6,33,12,7,12,18,22,27,62,18,28,27,33,16,46,27,24,11,123,32,44,38,40,20,24,20,28,5,23,18,52,18,14,16,17,32,47,39,6,6,21,45,16,33,36,11,36,33,7,15,12,23,35,12,8,17,47,14,35,62,7,29,21,36,73,24,14,5,60,38,7,27,7,6,10,22,102,4,14,51,34,31,10,5,14,20,11,4,14,10,24,24,19,3,19,5,19,13,12,51,18,19,36,47,37,7,7,16,7,33,15,18,10,48,19,14,57,14,4,26,7,27,35,32,23,41,47,52,45,22,50,16,16,87,24,5,26,4,12,11,14,10,27,34,4,19,35,8,29,31,4,49,10,10,29,21,5,21,14,29,5,37,3,29,25,15,31,66,8,19,12,13,68,8,53,5,25,38,17,42,50,49,38,54,9,5,13,24,22,41,59,40,48,26,25,37,16,27,22,6,29,22,9,16,22,7,11,49,31,21,25,101,32,9,18,7,14,61,24,4,20,3,18,40,19,8,6,18,15,7,25,37,23,20,88,8,40,41,13,5,8,42,22,63,24,14,15,8,32,37,18,11,17,6,39,6,6,62,35,5,37,17,4,12,21,43,12,16,22,7,33,11,22,6,22,64,59,4,4,75,10,10,9,25,11,124,13,28,15,16,5,4,6,71,11,36,4,4,7,4,4,38,8,21,31,27,7,10,7,4,6,3,3,7,10,39,12,2,13,12,5,11,12,33,7,23,6,19,24,19,8,17,7,12,51,11,54,5,13,20,20,17,11,6,3,54,8,5,46,26,20,52,9,4,28,87,5,4,38,8,5,7,4,43,27,13,23,12,7,6,22,20,34,19,4,10,9,44,13,8,20,26,12,6,4,8,6,51,24,39,7,78,47,14,12,14,11,9,20,6,30,8,34,39,12,45,4,71,35,11,29,33,10,4,14,22,82,4,9,33,11,5,15,37,43,29,28,15,4,29,85,12,14,42,35,3,6,15,14,29,14,10,12,11,18,4,44,17,8,11,17,13,27,11,4,6,16,4,63,6,3,5,37,17,3,5,34,30,12,5,84,20,19,17,30,17,30,23,44,56,4,4,4,3,9,29,34,5,17,24,9,15,3,11,4,5,80,
2.13,12,169,121,174,181,178,92,173,161,101,149,183,103,158,170,146,149,132,220,118,126,160,94,104,102,112,152,175,61,122,192,128,88,129,168,128,121,104,86,99,133,84,139,119,93,62,85,163,63,93,76,96,111,99,104,67,68,86,73,104,59,53,97,70,78,78,61,82,96,47,38,34,45,67,33,70,129,95,41,96,34,50,66,94,72,56,35,36,93,89,53,43,69,20,40,54,81,45,16,58,35,62,33,60,51,43,18,36,36,31,88,34,72,53,20,58,109,30,27,57,31,20,52,28,23,32,13,32,68,14,59,27,20,35,30,75,68,20,32,53,37,29,52,16,54,15,20,37,85,17,6,21,30,45,36,49,42,59,13,30,46,19,81,9,43,12,38,20,41,20,24,19,54,51,29,34,100,20,64,63,27,16,81,50,16,44,23,26,89,40,47,50,93,70,58,28,23,42,68,41,53,49,143,43,36,67,38,53,65,91,219,65,92,80,59,53,145,125,52,65,56,53,72,52,107,84,92,86,72,63,80,59,86,79,58,90,50,110,71,119,107,65,72,146,62,74,81,127,77,48,54,77,101,64,115,98,73,53,109,87,67,104,77,117,68,76,71,61,59,95,63,43,120,110,42,96,67,42,114,45,77,64,151,92,105,86,69,44,66,68,85,93,120,51,116,59,71,46,47,73,26,51,53,77,39,67,32,72,75,53,88,30,55,42,41,61,62,64,22,82,74,42,39,34,137,29,22,80,86,44,51,65,65,22,50,40,50,47,80,59,56,36,57,64,24,53,49,53,31,18,22,21,35,113,39,26,39,31,146,53,43,45,17,57,30,67,27,92,5,41,80,17,28,37,41,21,69,45,21,53,47,59,75,50,56,28,61,18,9,16,49,61,24,33,7,16,20,36,79,25,14,13,19,35,18,15,18,15,56,37,11,14,23,67,24,52,24,11,100,38,56,16,30,14,12,12,20,9,4,4,26,20,14,16,14,29,18,18,7,11,39,4,9,14,57,6,23,60,11,31,22,58,17,25,15,31,18,38,14,13,16,73,4,34,32,12,32,29,25,25,25,42,38,35,38,40,33,12,46,10,63,86,16,56,16,5,45,10,24,24,36,37,24,41,41,14,9,12,23,6,33,40,42,46,50,56,80,25,41,203,48,23,6,19,18,96,43,8,18,32,38,41,27,19,7,51,19,38,30,33,51,40,23,8,18,4,104,8,32,11,21,24,33,12,14,41,12,5,25,44,6,38,65,11,18,37,14,16,28,33,34,39,77,40,46,14,16,27,53,37,59,29,49,46,66,12,13,31,57,32,53,14,13,19,37,51,71,26,10,25,6,20,65,5,5,41,23,41,31,13,19,18,18,15,13,19,33,14,6,55,14,7,8,41,8,14,28,14,12,31,6,19,24,5,17,11,17,28,9,46,26,44,7,23,42,54,61,16,41,20,147,25,19,12,18,5,73,15,12,24,17,136,19,11,9,17,67,4,26,41,11,25,17,30,44,12,21,19,5,8,3,6,14,21,45,43,59,39,57,16,11,79,20,41,18,28,5,11,4,6,19,16,3,45,22,57,18,5,15,58,6,23,53,63,43,23,15,8,6,9,66,6,32,47,54,14,8,26,33,11,89,25,87,6,7,23,14,11,21,60,37,6,86,30,28,17,14,4,19,69,20,21,38,5,25,15,50,3,8,9,6,11,11,4,41,6,22,6,28,28,59,36,21,36,8,100,14,11,35,58,9,4,25,38,4,32,21,11,13,8,22,8,25,21,7,196,9,6,7,14,21,7,6,57,27,44,29,34,57,9,40,57,5,4,16,72,3,8,8,12,18,8,12,17,61,72,15,3,19,27,37,34,10,28,5,40,13,17,26,3,11,3,27,6,6,37,3,4,35,17,18,2,9,7,21,14,18,52,8,24,24,5,67,4,17,36,32,27,12,11,58,9,10,69,20,5,57,4,12,4,4,16,23,14,20,6,19,23,26,28,13,14,28,11,22,6,46,9,5,10,28,9,4,7,4,54,5,55,28,7,44,28,10,17,31,3,8,33,14,6,27,9,7,6,11,32,41,41,11,35,5,15,23,68,18,19,29,16,10,5,11,8,82,15,72,51,23,38,9,6,28,31,12,13,4,31,10,74,14,5,31,5,85,33,19,38,12,4,8,47,12,18,51,13,8,45,18,24,34,4,66,25,6,18,3,28,5,18,14,21,10,6,17,37,25,3,16,11,19,9,11,19,9,4,7,8,10,9,40,40,12,30,7,15,15,27,26,15,55,6,38,91,31,7,13,5,25,33,21,25,5,9,45,8,18,9,28,91,12,64,40,45,5,5,21,35,26,7,4,45,17,16,8,11,36,13,13,7,4,6,34,3,12,5,14,5,6,4,12,6,14,5,43,4,4,21,6,110,27,
1.96,11,234,229,184,192,227,236,240,181,191,143,234,174,233,180,204,149,163,161,204,173,124,236,203,206,144,125,154,138,111,148,157,152,168,126,110,116,207,140,128,238,113,104,121,85,129,70,73,118,109,116,85,114,103,159,70,93,83,96,184,205,93,124,139,83,68,80,44,71,114,69,58,71,50,106,62,76,79,106,52,65,82,63,97,100,27,75,89,118,60,107,54,40,41,35,58,28,57,110,56,32,23,107,112,48,63,51,31,118,72,22,80,43,77,76,86,13,135,60,53,56,46,70,25,54,27,29,44,76,49,13,100,53,42,37,60,21,85,59,48,70,70,19,53,84,304,73,27,97,43,35,125,17,60,63,122,56,30,60,125,67,61,33,33,66,44,69,55,65,38,119,45,93,75,88,105,49,76,58,63,127,49,43,42,123,52,29,53,49,127,75,77,60,47,46,74,60,35,59,53,82,77,62,64,75,70,65,117,39,64,116,122,64,78,97,90,90,80,122,132,81,88,114,69,74,66,90,141,85,72,52,102,84,78,108,122,204,100,138,161,122,105,78,123,70,123,81,82,82,106,108,128,62,110,92,92,126,106,91,129,84,77,144,80,84,130,68,98,131,81,124,65,90,96,84,83,101,90,99,109,123,59,85,79,72,87,91,67,76,119,121,145,72,104,99,91,102,171,145,84,101,112,88,65,68,96,95,51,130,93,144,71,130,118,76,88,87,51,62,65,102,112,143,62,60,161,58,87,63,105,100,66,44,123,97,94,94,60,85,76,111,58,66,85,104,57,54,98,73,42,122,51,41,83,32,51,48,18,26,77,72,106,47,30,117,37,37,92,60,41,56,52,42,63,58,49,54,108,43,71,70,27,35,60,96,49,48,11,90,31,19,47,33,56,45,97,33,51,12,37,46,58,67,39,46,57,28,68,27,43,26,102,33,132,55,37,18,64,37,66,21,48,7,53,61,60,83,19,35,14,32,68,39,20,31,23,33,62,74,26,33,38,19,27,25,21,11,5,50,63,65,47,17,47,19,59,68,68,35,34,44,29,98,102,52,36,15,73,28,33,66,38,85,106,166,23,58,105,113,59,64,24,29,17,35,35,64,72,132,60,49,75,27,34,66,45,50,49,66,25,29,43,36,53,42,30,225,61,155,60,80,35,50,30,54,45,78,67,31,58,32,41,56,30,20,23,25,49,71,32,63,40,73,22,31,50,22,48,43,21,49,130,16,26,104,65,35,75,49,20,50,15,41,69,32,73,42,53,73,32,41,60,30,45,32,19,55,44,97,65,129,47,35,51,48,57,17,58,30,82,60,69,87,136,50,56,26,26,36,45,33,52,26,54,42,40,56,57,65,34,38,39,44,106,86,77,60,54,54,61,48,54,21,9,76,44,30,26,54,82,8,42,28,27,35,30,36,46,34,33,18,25,43,13,10,56,20,19,43,261,42,23,14,49,69,36,14,38,26,86,64,61,94,7,99,137,119,33,43,34,26,16,33,19,30,55,43,50,13,45,68,33,21,22,23,41,33,54,51,86,14,12,15,33,31,34,46,36,37,8,37,81,121,28,83,32,73,69,29,44,18,40,53,70,52,28,40,31,18,33,41,30,21,63,25,24,66,89,23,33,18,35,23,40,64,86,37,44,19,28,10,53,42,18,21,37,17,6,15,27,19,21,20,11,69,51,38,63,37,32,26,45,26,37,53,83,27,46,98,9,23,14,7,23,100,28,31,55,19,16,44,35,16,64,54,52,25,25,42,79,68,11,28,62,52,38,20,22,22,11,16,15,47,39,47,98,50,17,37,42,33,11,49,44,20,30,48,69,37,10,45,7,10,24,39,15,56,13,6,35,77,9,42,53,19,18,25,58,30,31,25,15,10,44,53,24,50,18,20,24,32,44,13,15,44,91,57,31,19,19,30,48,66,24,72,29,18,53,29,8,36,18,12,24,45,19,16,12,10,69,49,18,41,9,36,15,14,90,42,93,71,21,44,33,39,33,34,35,23,7,26,32,19,9,5,44,13,14,15,54,21,73,61,13,23,74,53,31,18,50,10,7,51,49,6,43,16,5,21,23,40,13,36,33,8,39,9,26,19,15,11,29,39,146,12,110,29,20,12,9,20,71,18,10,39,26,19,7,93,45,38,39,55,14,22,21,65,28,11,45,33,17,31,28,44,21,52,12,63,26,26,25,28,62,32,76,25,26,35,8,44,15,46,19,13,37,45,45,32,35,61,25,40,24,91,82,23,6,21,55,69,51,43,18,37,35,14,12,9,30,43,37,16,70,30,15,50,118,19,20,10,22,14,62,15,24,35,22,69,19,6,50,96,20,87,5,14,8,77,15,36,11,12,35,54,34,70,13,43,18,24,5,40,9,21,42,30,52,9,10,92,57,15,17,88,14,8,5,11,
1.78,10,210,178,163,145,152,175,204,190,152,184,124,175,134,166,156,228,155,144,150,140,109,142,206,207,107,134,159,164,166,112,79,125,118,95,70,111,117,78,87,133,136,180,118,70,63,106,66,236,61,78,40,66,51,59,47,105,107,49,69,54,52,56,63,68,36,131,68,56,60,59,66,42,34,78,41,15,103,81,57,19,86,43,36,38,38,68,28,24,41,16,30,106,40,17,40,163,22,25,27,44,79,81,35,51,39,38,43,14,42,43,23,27,33,22,36,44,66,19,30,95,35,44,24,41,10,63,83,28,25,68,20,52,24,69,14,27,14,40,29,59,39,43,35,28,47,26,23,32,5,39,44,34,63,26,36,27,40,24,24,89,48,33,42,100,14,48,9,60,39,65,51,102,28,17,75,84,35,11,26,24,54,56,20,57,65,41,51,50,48,53,107,127,47,17,49,114,40,33,71,55,78,57,90,80,68,78,83,93,105,77,112,59,49,54,79,83,38,43,93,118,84,53,75,109,79,114,123,43,74,67,109,91,68,102,93,186,92,90,91,63,81,88,117,127,157,126,87,99,99,87,90,72,49,130,84,75,84,66,106,103,98,117,81,75,89,78,174,123,64,90,71,87,102,90,70,118,64,81,81,61,197,76,143,100,70,44,96,73,55,62,84,105,34,74,100,61,180,78,95,58,111,72,62,108,70,76,75,70,52,86,95,90,57,101,82,56,88,44,75,44,52,97,23,53,64,91,78,89,24,78,37,37,53,26,90,63,38,26,81,47,38,89,44,24,96,43,59,60,52,68,24,65,52,37,36,21,61,42,11,75,30,30,74,28,51,31,25,65,61,117,58,35,18,37,27,24,8,41,19,22,33,42,39,30,37,18,70,25,57,81,32,35,29,47,10,67,18,56,16,61,33,12,26,63,13,53,27,49,142,12,45,15,28,50,39,14,47,112,12,26,23,22,43,5,25,41,9,3,8,22,32,21,25,15,23,74,11,13,36,50,27,26,15,8,18,44,28,11,42,6,34,12,5,13,58,19,14,21,44,13,6,20,53,81,15,51,43,46,31,7,44,88,12,50,5,15,30,107,49,32,12,8,5,72,9,31,23,39,40,28,14,34,37,30,76,27,11,83,23,20,7,87,12,85,24,33,14,102,12,10,23,22,26,40,37,6,10,5,39,46,17,22,39,36,257,67,21,40,8,36,111,17,10,8,36,40,37,41,34,40,11,46,74,62,36,48,15,62,39,5,104,32,42,45,30,47,39,103,28,29,61,19,30,52,58,28,17,67,18,62,13,130,55,31,54,136,27,21,46,24,17,8,21,12,10,26,38,34,32,32,54,17,6,58,21,52,35,22,42,44,8,19,30,12,68,40,84,69,30,28,22,86,46,28,17,18,45,35,30,19,9,37,5,34,48,12,58,24,18,15,20,11,77,25,19,6,8,20,31,6,9,10,56,36,48,15,72,29,53,24,118,43,9,4,45,29,28,25,62,15,12,5,9,21,19,69,10,8,39,9,4,6,6,46,28,10,37,34,46,5,7,25,49,22,3,8,19,15,32,39,53,5,17,23,30,9,10,25,31,11,3,69,16,62,33,5,7,10,13,4,14,36,21,54,50,52,6,26,28,99,14,17,76,20,18,13,17,39,24,24,31,143,30,52,43,38,88,23,14,53,36,30,9,20,54,12,14,30,39,5,7,37,53,12,55,12,26,12,59,32,25,16,5,35,19,26,16,7,8,18,30,50,25,5,45,19,10,44,38,23,10,62,18,23,41,51,42,51,36,22,36,14,41,26,16,4,14,13,22,4,12,18,19,23,13,3,6,51,5,72,17,93,31,32,53,10,62,20,24,16,23,8,6,22,3,81,32,16,19,8,43,40,10,15,15,30,21,25,7,55,57,73,6,8,9,6,4,23,21,61,8,42,86,11,39,10,10,6,34,37,5,49,29,4,8,15,5,59,34,29,4,5,47,20,86,47,32,7,16,29,20,26,15,12,26,33,21,15,8,24,18,13,10,4,36,3,21,10,11,20,31,36,16,6,17,74,9,15,13,38,73,21,49,15,10,13,8,33,4,11,16,19,15,5,10,13,57,29,16,15,79,15,32,15,13,5,8,16,29,5,10,8,27,25,14,12,44,41,18,69,5,4,20,24,5,8,4,9,4,5,32,34,49,37,19,12,15,51,52,3,17,16,28,63,61,5,5,15,5,12,33,4,50,15,27,33,4,9,4,83,9,8,30,24,10,36,20,31,19,4,69,5,35,32,42,23,14,14,15,83,28,25,11,19,5,6,16,70,12,12,5,7,4,4,5,22,35,9,15,32,14,7,11,29,266,7,15,4,3,13,45,12,8,29,6,11,7,35,12,37,2,19,11,8,43,20,33,4,35,13,10,44,3,20,9,27,26,63,
1.6,9,218,262,201,368,231,226,277,197,229,230,238,200,207,239,227,344,242,159,158,180,183,182,185,252,168,123,164,213,135,127,200,125,169,191,298,146,148,121,117,198,133,161,98,142,194,92,170,99,101,117,135,142,291,108,115,120,175,94,76,159,158,99,118,146,65,195,95,102,96,59,194,102,77,74,52,109,149,175,88,59,116,98,73,164,111,96,123,18,89,94,72,113,162,59,52,67,38,30,51,47,99,113,95,151,59,98,56,52,72,70,94,65,89,33,49,44,72,40,129,36,91,45,78,35,66,32,228,61,80,46,95,25,59,90,87,184,118,41,54,44,41,57,75,36,28,39,125,52,68,63,44,80,111,123,78,96,77,42,45,55,31,40,29,71,51,88,106,64,82,74,59,98,116,55,107,78,76,83,72,51,87,79,45,91,60,85,157,125,88,57,169,108,109,58,76,79,106,95,72,137,102,90,80,159,133,113,136,85,110,119,110,114,105,94,127,136,147,72,97,110,146,114,103,87,215,111,163,88,169,88,137,261,214,134,157,102,156,143,110,106,125,122,104,159,150,156,140,110,120,108,94,176,104,115,102,103,160,128,155,132,123,152,145,96,116,124,113,149,117,84,175,126,133,114,129,123,117,101,183,141,94,169,102,105,120,115,142,103,131,80,119,224,113,156,99,139,169,103,135,172,140,100,138,103,107,160,118,93,126,133,84,92,87,73,105,56,123,123,99,108,104,99,125,96,90,132,45,75,103,110,82,127,81,94,68,56,46,71,74,76,79,45,82,117,32,36,115,92,97,83,45,86,90,52,39,85,69,53,81,60,25,64,121,68,75,32,45,88,97,59,71,108,57,19,110,49,41,56,64,64,29,43,69,34,145,28,40,114,23,46,17,71,64,62,37,301,16,61,63,65,63,40,40,46,35,36,96,36,13,30,69,41,87,38,55,52,34,180,51,46,30,33,79,28,18,17,32,33,86,52,85,55,44,33,13,40,72,19,57,74,20,69,34,45,56,61,66,25,39,47,24,68,19,49,108,25,124,92,95,40,32,49,38,95,77,66,33,108,73,152,128,36,70,66,77,45,29,51,108,65,46,55,39,12,28,72,44,22,56,26,97,99,33,95,22,57,42,58,46,40,99,56,63,46,45,25,28,46,53,48,57,58,42,34,32,45,48,51,38,48,56,32,54,57,72,25,50,100,89,127,52,44,8,87,53,110,27,22,31,60,29,119,22,55,61,55,23,44,63,56,53,48,57,61,68,43,96,63,46,11,40,41,91,37,59,51,35,51,108,94,25,44,48,55,52,83,46,137,72,28,40,59,57,35,10,137,34,26,46,45,52,19,39,38,92,29,74,22,71,44,19,76,51,56,16,13,71,55,5,24,64,63,37,35,26,307,82,24,59,60,13,57,47,11,44,11,27,26,52,24,96,42,47,44,35,111,20,63,37,22,62,49,10,57,11,28,46,36,36,24,19,53,15,33,78,26,20,16,7,82,25,19,47,71,48,24,58,66,45,31,20,49,52,41,12,59,28,41,22,28,12,33,18,76,10,54,32,16,56,19,90,7,16,11,49,40,31,32,34,50,25,34,23,77,54,65,60,15,229,21,66,47,28,28,40,16,71,15,74,16,42,70,64,70,39,63,42,69,46,52,46,88,58,50,32,42,36,34,62,41,32,65,44,43,17,12,59,43,92,15,45,36,55,54,30,42,26,40,7,32,18,60,139,73,38,15,36,45,66,41,16,40,73,21,70,11,22,47,10,46,38,12,20,25,24,40,31,55,33,136,47,48,3,127,28,75,34,32,32,22,52,99,43,34,27,133,28,8,53,49,71,80,34,22,60,27,19,21,10,107,54,5,29,30,47,44,32,79,24,22,30,56,10,49,35,10,26,21,11,94,51,29,40,51,70,37,33,21,54,11,38,34,34,51,72,40,81,34,11,57,14,109,67,27,42,28,32,12,14,34,13,25,22,75,33,8,44,35,80,88,67,17,63,28,17,35,19,29,7,23,22,42,21,10,5,25,32,13,28,13,14,20,22,38,28,49,23,17,75,48,13,15,38,10,9,25,56,38,33,30,42,34,52,15,34,28,37,38,58,9,52,48,29,34,48,40,13,20,21,81,14,18,31,21,26,17,63,49,36,28,36,146,55,41,37,54,10,66,6,17,39,37,33,36,21,76,87,47,23,17,12,64,34,7,19,43,35,60,154,12,34,22,61,67,48,16,21,38,73,24,50,41,10,33,11,34,46,65,20,32,47,22,6,12,17,18,58,23,13,31,43,29,33,40,70,11,62,13,28,28,71,15,20,34,75,46,60,65,14,11,43,33,9,22,36,24,41,55,13,51,20,49,17,23,186,29,35,10,15,32,28,33,28,15,13,25,16,29,17,32,50,16,40,36,42,18,22,12,
1.42,8,169,217,242,261,225,257,176,197,194,216,169,167,160,180,191,166,164,248,118,156,149,196,181,179,144,150,231,142,182,120,163,140,130,88,126,198,126,90,82,116,108,80,123,88,119,99,89,124,119,73,84,96,78,152,54,104,94,82,96,73,69,85,46,27,98,89,82,212,114,45,130,63,99,128,47,51,71,172,77,86,42,57,39,49,131,88,37,94,139,60,36,58,41,53,88,52,27,43,30,63,33,62,46,78,60,42,58,106,19,35,43,49,68,54,88,39,46,65,19,58,57,56,45,39,110,43,60,132,28,128,33,33,30,88,54,28,80,39,27,27,112,21,34,46,63,38,52,23,86,83,26,110,74,61,54,99,60,81,57,51,31,46,60,48,55,51,82,69,84,100,54,43,28,15,52,129,113,115,34,96,46,56,84,63,81,72,60,55,108,96,86,96,68,72,42,88,68,139,41,156,132,140,79,107,123,84,95,81,129,88,112,105,102,95,84,108,102,159,167,116,142,123,82,125,120,138,156,205,113,108,192,100,183,168,181,89,151,124,137,117,130,175,138,101,125,204,147,100,156,141,139,139,90,150,194,124,142,115,112,133,175,108,85,113,210,172,127,112,98,124,108,125,102,148,80,130,102,94,150,138,98,119,103,118,105,61,175,80,85,173,104,64,106,133,117,144,75,82,97,111,88,91,144,106,54,74,65,85,76,114,80,59,90,104,81,47,100,141,98,82,95,119,33,45,60,97,69,108,68,66,84,55,115,36,103,112,102,46,99,117,67,40,91,115,63,65,82,38,55,36,102,73,73,70,69,103,34,144,45,93,32,89,54,46,50,38,8,64,37,47,76,47,49,50,67,41,72,26,20,25,22,18,43,166,30,78,32,76,88,16,15,37,53,47,85,69,13,42,26,33,35,19,82,37,4,79,24,70,31,22,46,33,32,13,11,44,18,7,23,45,56,51,45,82,24,13,33,37,23,32,34,25,64,52,9,36,27,63,6,24,75,48,40,9,19,31,11,15,32,13,110,25,14,57,22,23,49,74,54,15,54,18,28,43,14,57,18,18,76,56,62,56,52,52,31,8,66,75,45,37,70,78,41,65,45,23,147,48,40,47,46,90,13,88,70,36,34,57,66,82,19,58,75,15,7,35,47,29,63,48,10,15,23,18,40,19,22,75,17,27,20,21,22,13,50,14,12,12,21,6,22,26,18,24,35,60,37,32,29,22,91,58,27,72,8,28,19,21,8,21,26,22,11,57,53,45,24,119,17,9,17,4,11,32,21,31,20,22,26,30,7,32,34,38,73,24,71,25,107,7,23,18,27,20,11,28,111,115,26,25,15,9,15,33,30,38,41,48,60,18,103,18,22,55,19,58,22,41,46,56,32,15,20,55,24,31,57,44,11,11,58,41,27,33,76,50,54,35,70,21,10,3,22,29,16,45,9,49,77,49,30,18,17,44,32,11,11,61,47,9,13,36,22,22,19,8,27,5,13,52,11,31,59,15,11,27,30,6,21,19,20,14,21,40,15,9,31,35,3,3,48,22,9,33,35,28,30,21,17,13,3,19,97,48,6,7,17,37,49,49,130,66,36,16,4,27,14,33,20,34,63,24,29,51,51,42,24,8,45,54,45,42,13,68,85,28,16,6,105,16,57,22,27,10,37,31,15,18,41,29,57,86,16,21,68,25,14,12,20,14,32,22,13,17,11,15,21,34,17,23,17,84,54,46,18,37,42,70,19,37,75,25,41,10,36,25,31,47,28,31,6,4,41,45,11,29,54,10,43,45,18,65,27,25,3,8,18,18,13,13,15,9,11,12,31,37,62,26,18,50,5,12,11,41,30,9,18,4,89,23,59,7,4,20,4,3,12,11,62,23,12,22,27,5,4,4,6,10,44,36,42,36,35,23,5,45,29,9,23,45,17,4,20,27,62,5,18,17,48,14,30,5,54,14,39,16,55,11,8,46,35,23,17,49,31,16,41,23,79,29,54,23,5,21,55,23,14,2,48,8,27,20,45,42,41,36,14,41,68,38,75,9,61,23,5,22,41,21,134,4,91,8,54,34,29,96,29,9,43,20,90,41,56,10,28,37,23,4,34,22,3,3,4,17,51,11,108,21,28,23,14,6,14,63,81,33,36,50,101,17,24,29,3,70,36,13,33,24,15,87,71,20,46,8,105,13,12,16,30,11,9,31,32,66,64,25,38,24,27,18,44,26,12,31,31,47,14,3,19,47,74,6,7,5,56,77,55,19,12,29,11,89,22,12,8,65,5,5,25,15,24,5,32,16,58,4,4,22,40,54,20,63,15,12,23,19,35,7,18,19,60,28,16,23,18,34,39,36,58,11,4,42,55,29,35,19,5,38,5,49,12,4,20,4,32,73,59,5,18,54,4,8,6,16,10,74,29,17,
1.24,7,223,293,228,295,229,319,273,243,227,268,212,224,166,246,203,188,237,190,208,189,171,231,248,209,311,191,202,200,212,168,171,168,177,246,195,151,161,290,111,155,100,182,120,150,188,207,189,137,114,137,192,210,135,165,163,136,294,111,126,135,116,105,106,83,115,105,177,145,211,122,117,91,155,116,120,77,134,81,82,162,195,130,117,112,82,143,127,83,121,117,69,95,113,61,117,117,209,86,48,54,84,66,59,89,77,99,128,137,88,108,78,90,97,60,66,57,47,97,73,50,88,127,85,291,112,135,48,85,68,49,59,79,141,148,107,97,80,100,98,86,151,123,115,70,75,59,74,106,111,37,63,44,104,74,158,189,155,89,76,82,93,143,47,81,100,72,79,113,152,137,70,63,93,120,81,65,95,118,170,107,75,129,101,142,100,87,166,99,134,156,135,122,101,113,88,126,93,228,138,95,190,143,117,155,151,116,116,162,113,112,132,118,124,245,186,151,147,153,151,129,122,135,187,118,177,229,229,143,199,210,142,148,176,227,91,138,148,142,142,165,117,235,175,163,163,152,141,166,144,228,167,174,127,154,197,133,201,190,165,172,180,205,153,137,132,137,121,115,159,136,188,170,134,143,135,131,113,105,105,155,160,118,158,188,126,142,137,130,174,156,116,155,103,99,112,111,151,153,107,107,130,163,78,102,154,141,138,97,100,135,128,102,98,162,122,120,89,86,136,130,171,94,74,102,144,111,104,117,140,115,105,97,90,91,90,127,84,104,89,67,98,109,59,85,222,79,45,83,78,48,96,73,122,90,73,53,149,121,80,65,61,82,78,65,36,106,81,108,65,48,60,62,77,48,42,43,68,97,40,70,66,41,50,70,53,67,63,52,57,57,19,15,101,26,110,53,77,33,51,20,43,49,78,122,38,40,24,26,42,59,62,25,56,34,53,92,42,62,100,54,33,35,68,19,27,14,170,52,31,89,38,45,93,69,134,43,73,100,66,56,36,106,99,30,73,42,88,80,34,76,44,57,88,51,57,89,64,44,76,52,57,54,57,42,115,64,69,61,88,70,86,96,71,52,35,51,43,29,43,59,56,89,45,65,48,69,60,37,46,67,105,62,33,91,135,75,121,68,44,103,154,97,38,80,74,41,45,56,50,91,179,128,72,34,73,49,63,37,99,59,51,59,32,46,54,78,28,46,33,56,35,75,50,27,48,75,40,59,46,138,78,46,53,39,46,90,76,68,63,87,40,40,62,259,47,98,28,88,93,61,46,77,69,56,59,66,131,71,27,38,104,89,22,123,45,45,15,72,35,60,30,63,25,68,15,8,51,57,93,94,67,42,28,68,47,64,30,17,42,57,53,103,105,34,21,43,68,42,33,67,69,85,19,37,137,26,71,22,129,66,32,8,53,38,65,30,87,61,50,54,31,18,31,57,46,41,42,17,90,59,28,39,8,26,100,57,47,91,59,27,24,64,41,63,67,46,9,37,95,25,46,69,100,30,49,36,40,23,82,58,60,24,26,25,20,51,65,52,58,32,34,22,53,50,25,78,84,88,60,209,38,80,43,21,129,65,49,59,34,44,39,58,44,71,44,43,71,52,71,56,41,70,45,30,43,44,75,29,61,35,59,60,51,52,33,38,37,55,69,72,24,17,36,47,72,22,30,19,48,31,38,54,132,54,78,23,35,43,31,35,20,32,36,18,56,32,43,23,44,24,43,40,102,35,50,21,45,70,62,80,46,85,50,65,51,34,34,27,95,34,60,36,38,40,27,41,19,42,36,42,86,6,59,30,42,34,27,42,18,67,44,52,105,28,21,36,37,24,36,10,87,18,44,17,9,34,27,112,22,54,146,47,61,24,27,32,39,33,24,42,19,289,23,33,67,119,8,26,25,17,61,37,39,22,11,28,43,38,35,31,50,43,33,11,40,36,67,13,28,32,46,14,56,11,19,23,23,54,111,44,38,55,7,52,28,26,20,37,35,25,36,20,20,26,64,39,14,31,19,25,85,28,72,7,30,64,12,26,28,81,11,24,61,63,29,70,20,45,79,41,15,9,19,24,57,36,96,177,71,25,59,48,19,32,93,13,24,41,75,38,31,45,32,26,68,18,30,58,35,22,52,48,46,20,24,67,134,12,152,30,28,33,69,30,48,103,38,6,22,26,29,35,34,38,67,77,39,38,59,60,32,55,37,124,29,37,14,19,29,52,75,33,158,36,22,44,57,33,46,71,21,9,27,10,24,76,88,57,50,18,58,91,129,57,43,13,33,112,53,70,37,23,56,19,24,88,53,69,49,53,106,37,44,72,40,34,37,71,9,44,8,26,39,53,39,60,34,27,44,11,89,23,60,86,76,80,23,103,55,40,164,57,27,5,72,19,5,11,57,86,52,32,20,105,59,24,32,100,
1.07,6,208,213,274,243,193,223,225,198,196,289,236,214,172,191,194,156,227,184,176,152,131,159,154,196,110,196,153,178,157,136,151,209,166,162,215,145,112,149,95,154,158,161,176,136,62,124,90,144,117,102,196,143,249,130,119,129,113,114,67,242,217,106,98,84,105,102,49,64,73,92,65,80,147,107,79,58,64,179,45,82,284,71,45,158,51,80,146,143,90,91,77,146,92,52,72,88,35,47,66,81,75,73,74,152,76,41,22,101,100,82,78,131,81,166,76,81,32,56,54,53,82,55,85,50,75,170,83,73,97,56,52,38,17,53,82,72,39,34,91,96,65,47,118,60,59,45,74,66,138,84,90,45,35,66,101,110,61,21,56,74,59,74,37,58,201,73,81,30,111,39,61,111,85,54,116,119,74,88,158,86,59,78,88,90,113,80,79,117,93,77,99,75,97,72,143,77,93,140,79,81,119,125,105,124,88,71,88,107,118,121,73,126,199,112,167,94,96,71,89,139,119,131,93,150,99,104,115,150,134,140,130,149,128,126,97,177,107,204,199,142,150,171,183,101,117,108,170,134,91,149,118,102,131,145,134,85,81,142,153,113,121,106,177,162,108,117,131,189,152,151,138,148,99,159,76,163,136,164,138,99,75,124,176,161,131,137,116,93,157,141,109,126,104,118,129,131,88,110,160,103,101,130,175,103,79,113,91,115,119,130,71,68,55,74,123,57,103,125,50,110,43,93,181,38,127,100,101,48,48,91,40,45,123,89,58,104,58,102,84,161,111,47,34,52,71,55,138,82,72,49,51,69,53,40,83,65,54,14,126,34,94,40,62,54,47,47,109,45,24,46,77,23,64,13,69,127,16,12,34,28,13,30,37,49,29,38,90,46,28,39,19,63,52,102,58,17,41,95,57,26,16,25,25,55,19,41,38,45,29,33,27,26,24,28,50,23,23,37,33,34,30,24,49,54,23,34,48,32,12,66,27,23,12,13,11,141,35,43,23,65,54,46,62,38,45,28,74,40,70,29,22,46,34,37,29,49,24,30,50,48,64,44,63,106,18,46,73,54,21,24,54,68,39,79,46,69,22,25,41,37,30,66,72,80,45,55,58,43,64,35,16,63,34,32,55,13,94,25,57,42,26,56,121,36,18,39,14,117,64,125,63,66,20,59,123,42,13,47,106,50,17,108,17,44,75,79,42,41,15,77,32,34,92,122,67,20,147,42,13,50,52,41,83,30,65,18,76,90,18,81,62,29,19,17,38,46,50,55,21,23,73,74,115,29,4,60,48,32,43,41,50,38,24,46,43,135,62,61,18,17,15,33,24,153,65,13,40,32,20,94,59,30,27,39,52,46,9,51,19,39,9,61,36,23,41,10,17,31,65,23,31,13,29,6,43,17,19,72,104,31,25,39,71,61,70,14,18,9,53,7,17,43,11,83,56,16,4,76,39,29,47,45,9,57,4,6,24,65,62,47,7,50,112,30,60,20,115,11,26,29,43,58,8,22,124,7,67,55,8,26,6,63,5,10,44,46,65,13,29,8,49,18,45,16,62,10,17,68,39,24,26,65,10,71,51,32,11,67,25,24,40,40,48,41,19,43,6,38,38,31,36,10,14,5,34,179,20,48,74,23,21,82,23,81,14,6,9,8,56,29,8,53,52,87,33,75,34,17,38,110,20,26,10,110,18,79,30,21,13,42,22,12,15,24,39,44,15,19,33,116,4,58,5,31,8,28,25,36,26,22,11,34,55,92,7,39,4,50,30,30,14,24,34,21,9,80,4,11,115,64,58,28,37,58,83,77,70,27,59,9,68,23,34,10,5,10,10,24,17,5,55,84,22,50,46,20,6,94,28,26,90,48,21,61,51,39,68,32,56,41,18,95,62,29,41,62,16,14,31,82,4,15,41,29,34,27,50,28,32,11,61,84,28,4,31,56,29,41,21,57,33,50,13,21,65,22,37,11,17,16,25,51,36,48,32,89,48,25,13,5,104,19,38,25,71,6,18,36,10,7,43,32,20,51,32,107,42,31,16,15,18,16,28,29,145,24,70,50,13,64,40,5,36,75,16,104,53,21,45,60,60,22,25,101,46,36,11,13,23,135,28,60,42,31,48,17,48,19,15,30,67,13,77,34,29,3,36,77,101,109,26,52,16,19,26,44,23,76,15,24,37,37,38,46,19,87,12,13,21,46,13,32,14,17,29,86,12,18,18,13,46,39,22,21,14,22,6,31,41,46,89,26,26,15,28,33,41,64,16,10,27,68,39,15,10,26,87,53,72,23,23,21,50,15,14,23,8,33,32,8,62,27,21,34,81,69,39,29,28,25,82,61,17,29,77,67,28,52,30,29,63,31,19,15,82,5,16,86,34,17,28,19,32,24,18,7,13,19,101,9,32,117,7,102,24,15,32,6,
0.89,5,224,309,295,254,294,229,220,254,261,278,254,250,260,235,191,181,257,197,210,170,236,245,150,164,326,192,228,178,155,197,207,140,164,178,139,182,149,132,127,184,114,160,135,248,89,116,103,161,191,144,138,121,117,115,192,176,142,115,159,91,147,119,110,142,84,151,116,94,249,255,177,144,76,103,66,240,80,175,178,68,84,101,145,115,129,165,75,121,77,204,72,128,100,129,180,104,112,91,62,77,106,94,88,109,236,124,147,76,111,68,88,89,65,68,37,118,137,116,88,70,73,109,80,64,130,72,103,147,101,90,101,76,66,100,106,75,71,50,89,100,78,95,72,97,99,257,84,86,120,105,274,95,135,77,92,57,103,74,98,96,99,90,131,96,172,95,57,147,115,84,75,130,74,129,97,80,126,91,90,149,132,141,177,183,133,120,150,109,141,156,142,106,150,103,201,108,130,166,150,143,130,153,205,128,106,101,170,169,137,117,159,166,150,104,137,133,184,121,172,159,101,274,143,195,124,164,154,169,189,142,119,156,149,123,228,124,152,112,140,107,147,180,171,137,182,170,133,188,176,183,152,171,173,143,216,135,161,116,168,154,129,130,95,121,201,113,161,117,135,209,122,166,175,169,125,190,144,140,131,101,145,196,110,100,157,110,161,103,166,109,142,165,78,99,114,199,135,137,100,94,91,95,98,82,118,95,136,93,71,178,94,87,76,119,78,167,126,296,97,92,99,156,106,75,63,44,178,83,88,148,75,105,47,51,199,69,67,79,97,117,69,173,56,81,89,46,83,103,69,82,89,52,86,68,114,80,91,109,61,106,49,57,59,67,70,129,46,74,38,64,97,113,45,32,123,40,44,84,86,91,94,58,95,86,58,65,77,58,53,30,60,96,61,86,70,25,57,49,35,34,58,174,99,47,41,75,56,77,72,107,91,41,51,69,77,21,78,35,34,103,36,113,135,82,51,67,62,176,60,77,108,35,66,53,20,91,54,148,34,89,37,64,109,39,54,104,53,98,38,81,84,47,105,62,50,42,62,103,90,43,47,112,69,22,50,108,83,101,126,36,45,90,23,168,113,203,38,53,85,127,81,94,73,85,70,69,109,126,34,73,37,97,69,113,312,136,53,113,70,40,57,57,70,65,60,29,35,80,73,58,140,70,194,119,98,51,98,88,103,165,42,103,85,66,71,52,101,105,133,62,67,45,95,133,55,54,86,185,55,47,48,79,58,50,89,65,106,86,85,92,332,39,38,169,138,113,26,117,59,58,70,63,70,77,40,57,41,108,62,35,31,61,49,70,73,47,68,53,72,115,65,30,19,34,63,46,71,71,149,38,97,44,89,161,91,37,64,93,86,81,54,84,38,96,18,42,40,49,200,28,53,128,41,26,102,38,25,35,37,55,27,48,172,55,56,43,38,39,43,54,34,15,75,55,100,48,62,56,31,95,62,101,34,137,29,44,38,80,49,117,37,44,100,38,101,88,55,42,109,282,60,95,23,36,107,28,40,62,50,95,91,39,61,46,58,63,23,138,62,52,31,126,45,23,97,53,61,53,73,112,24,51,107,140,83,83,73,69,45,35,25,37,45,31,135,69,88,61,61,30,82,44,94,57,65,104,111,29,67,36,54,125,31,53,57,48,171,58,48,115,51,81,47,20,118,39,23,115,77,88,208,45,81,43,52,72,110,47,73,67,67,77,58,11,37,61,75,23,72,84,43,102,65,62,42,105,35,38,45,58,50,79,65,64,26,38,130,24,12,25,100,49,90,63,30,31,53,71,27,63,20,35,74,77,69,89,17,92,77,118,61,67,98,78,101,67,39,94,22,80,17,145,38,103,111,36,36,56,19,116,222,87,67,33,71,54,21,41,77,96,75,33,93,93,50,34,72,35,46,96,26,21,157,108,57,32,61,110,32,40,80,29,126,21,14,64,46,45,29,45,18,72,33,63,77,58,41,123,50,54,95,38,51,103,111,14,85,22,32,98,95,60,29,28,42,78,80,21,28,63,56,14,23,31,30,17,44,73,96,82,27,16,43,142,19,69,123,36,79,27,62,91,88,141,36,54,60,62,75,44,97,64,58,28,24,42,30,63,56,57,123,81,59,70,36,86,65,21,143,54,59,50,54,130,148,54,38,79,18,64,136,87,180,78,78,27,40,19,33,29,114,40,65,87,65,28,40,66,15,38,113,27,18,177,56,39,63,28,57,72,61,27,91,80,94,67,61,45,49,48,63,68,107,109,78,73,28,83,91,93,77,93,54,86,38,95,130,89,63,106,40,20,35,41,31,129,30,54,68,57,49,81,70,40,154,69,45,55,54,20,66,37,56,44,33,46,142,98,154,33,36,79,81,274,27,27,38,15,59,31,47,59,120,25,60,97,33,38,51,64,24,87,60,27,96,88,48,76,
0.71,4,189,233,223,281,321,233,192,237,232,187,390,172,162,213,186,229,211,130,168,150,185,201,219,225,120,132,171,188,140,99,223,163,140,171,131,112,70,142,141,159,166,104,96,116,149,68,67,121,80,93,91,97,76,98,124,94,144,124,90,94,91,62,115,133,70,115,112,42,110,72,42,74,95,109,122,76,76,130,148,96,67,131,60,64,37,238,64,169,61,60,68,55,101,64,126,94,33,80,89,64,104,48,99,71,101,95,35,41,40,76,118,280,169,44,138,50,81,35,71,64,37,111,63,69,41,89,275,49,93,118,146,95,31,29,75,53,66,112,49,103,57,102,37,95,66,103,51,176,29,66,77,77,42,95,93,99,81,55,92,88,112,102,85,77,98,95,46,126,34,95,99,98,103,110,110,105,50,95,46,77,61,104,141,150,140,95,147,75,68,137,111,63,102,72,75,131,134,136,129,173,125,81,168,89,99,119,170,89,127,145,118,129,133,117,95,145,95,105,78,70,141,110,140,318,153,138,135,159,143,143,145,133,149,102,115,239,166,79,171,130,94,108,113,144,83,99,124,108,124,91,61,125,87,127,102,138,87,149,67,109,125,165,134,95,101,180,73,110,114,96,130,104,217,114,114,67,121,117,114,124,103,136,117,60,114,120,80,168,77,76,90,63,98,54,144,51,95,145,79,101,55,141,57,93,70,73,120,61,51,82,106,123,76,71,116,132,88,71,123,75,89,42,143,74,57,109,91,91,30,64,132,58,62,122,187,50,40,65,71,43,72,53,10,33,52,28,76,75,44,76,22,23,60,47,93,55,35,63,49,32,51,73,41,28,27,37,67,50,68,50,24,56,57,48,63,28,17,23,70,31,15,14,20,16,48,70,13,100,22,20,100,18,95,71,21,46,31,19,30,22,95,15,25,76,21,26,40,14,63,10,84,41,22,38,58,31,39,40,102,15,96,53,57,35,50,8,123,56,14,62,57,138,59,37,40,84,60,23,38,21,64,41,66,51,79,114,23,131,73,21,53,30,46,45,17,145,66,84,66,56,55,99,15,69,40,94,43,85,39,68,71,27,30,43,42,28,41,63,57,64,45,17,134,29,13,103,54,10,47,22,54,13,58,66,82,26,44,71,45,40,67,51,34,51,110,102,39,69,64,54,79,24,27,30,9,34,13,75,85,62,40,64,27,18,37,39,45,66,10,68,36,46,27,59,22,82,51,47,30,45,18,29,76,92,35,92,122,50,73,97,73,52,64,92,51,42,31,35,25,51,55,49,66,11,47,24,45,34,73,74,41,46,69,10,19,11,32,22,34,64,55,38,63,62,29,112,98,86,41,136,16,6,52,59,23,85,66,24,110,36,41,25,47,14,21,131,30,22,18,23,39,73,31,27,51,70,11,27,5,26,30,60,40,68,6,46,59,57,16,10,14,81,19,18,26,15,13,47,20,11,104,34,50,51,26,5,26,15,26,64,34,20,126,25,7,37,55,61,21,33,31,39,41,42,16,79,54,69,41,15,6,23,35,57,25,36,201,87,29,23,35,33,20,27,37,5,41,89,85,47,42,15,53,72,12,40,27,80,93,28,67,27,5,48,50,55,64,10,57,23,76,55,117,61,5,36,11,35,11,101,101,26,13,44,14,127,25,16,12,47,48,41,60,42,37,11,23,28,23,28,42,5,26,105,19,47,10,41,23,42,48,5,26,26,26,37,8,64,79,48,81,45,89,18,22,172,18,20,74,20,42,6,13,36,45,39,123,74,81,35,61,8,65,31,18,10,131,122,45,84,69,5,5,67,58,56,43,25,22,59,48,53,60,26,82,30,153,6,81,38,5,55,116,5,49,39,19,12,30,91,32,53,78,68,21,27,31,52,14,32,18,90,41,11,11,82,21,21,162,59,23,16,79,33,43,47,47,48,19,63,27,65,23,57,74,41,66,97,42,82,29,36,104,60,33,83,29,23,61,45,8,40,15,72,3,91,28,148,97,52,21,60,12,24,43,35,83,52,23,36,40,12,52,43,12,15,20,72,30,12,56,62,62,19,33,48,33,11,30,12,44,51,61,7,37,55,45,35,17,42,81,81,27,42,29,89,72,40,28,40,64,56,28,56,55,11,32,82,58,67,86,40,52,38,9,4,24,37,31,117,28,58,50,6,43,27,35,14,81,19,28,36,35,67,21,79,34,47,31,43,81,28,79,26,3,27,59,16,35,91,9,33,23,39,33,42,128,55,17,28,58,87,10,91,41,8,115,55,94,30,65,71,7,21,9,28,112,32,41,60,82,15,51,9,19,52,38,32,4,8,30,57,119,51,37,82,77,27,89,40,80,31,16,13,45,29,15,27,21,49,50,5,65,50,48,35,60,11,37,21,4,57,11,32,52,88,90,14,58,22,23,91,9,32,44,50,62,5,
0.53,3,221,238,288,232,287,349,364,237,285,218,388,175,225,262,241,169,268,235,203,204,187,169,211,240,217,184,187,180,187,176,224,222,183,185,280,135,168,211,196,285,250,180,181,193,191,144,155,219,174,196,127,97,191,171,162,128,149,146,144,107,91,167,116,117,101,168,121,100,106,209,183,109,109,142,82,79,140,165,143,53,124,73,149,83,93,153,127,115,109,118,171,100,104,96,83,135,95,119,162,327,98,118,110,214,148,64,155,92,97,124,87,112,305,83,70,67,81,287,95,52,55,123,42,78,69,96,114,128,69,56,106,70,102,64,81,75,88,111,160,83,157,58,66,201,156,140,111,99,109,207,135,67,93,180,93,249,91,164,73,196,129,71,56,127,79,110,50,139,228,124,88,102,112,81,97,118,110,88,122,105,99,84,87,185,115,104,139,106,78,153,158,96,97,92,123,132,110,169,119,224,170,100,165,193,155,130,105,147,130,147,143,120,194,132,148,228,145,165,108,177,100,116,353,132,136,180,175,192,235,185,145,158,139,132,147,207,107,123,173,402,159,145,125,150,151,178,243,181,125,135,149,116,146,131,120,114,109,135,141,138,187,140,194,151,120,110,167,86,114,152,196,149,96,121,121,131,128,128,108,135,145,85,89,157,131,196,107,94,122,183,214,122,124,136,80,269,108,101,129,94,131,133,113,85,176,91,119,104,101,60,97,72,196,134,151,79,76,97,71,93,136,133,57,133,75,255,55,55,105,50,85,202,122,158,118,93,115,83,69,77,120,55,110,47,78,48,96,141,166,123,123,64,73,101,224,69,54,92,47,72,76,113,132,39,71,174,108,159,107,63,99,43,112,118,75,84,85,109,40,127,40,48,112,43,67,83,110,177,52,47,29,60,81,85,26,60,107,73,32,110,73,126,35,37,68,58,76,39,226,76,95,183,41,34,67,141,22,118,155,89,103,57,186,120,116,64,74,222,70,105,46,133,30,100,61,110,75,107,56,89,47,50,146,89,96,89,119,159,48,57,79,130,58,91,59,55,92,87,99,98,57,63,101,64,112,68,49,85,120,134,148,235,77,188,90,61,67,84,102,59,77,81,79,82,72,60,114,74,55,64,77,152,108,78,165,40,89,97,37,98,75,91,86,154,78,80,110,82,60,117,38,33,177,61,118,91,128,127,63,96,171,233,64,41,83,54,41,123,107,70,115,47,59,76,133,109,68,45,77,52,190,88,148,63,58,102,80,103,107,69,144,38,73,107,47,50,25,108,144,38,44,57,75,102,84,55,23,44,145,51,122,132,44,65,72,68,168,88,105,176,21,106,37,30,60,105,150,72,117,12,54,57,50,134,16,115,24,40,74,87,50,49,44,53,45,166,42,81,121,80,88,85,73,45,54,42,67,62,26,21,31,221,150,126,30,65,65,78,24,106,116,39,86,85,42,54,40,30,66,67,51,104,143,129,31,41,157,39,111,187,76,60,91,136,49,45,52,61,31,52,59,95,54,98,79,80,46,98,117,145,98,27,73,106,73,84,67,125,125,77,100,128,43,67,89,72,62,29,100,102,159,76,71,52,52,50,86,88,55,62,41,162,66,81,117,46,61,143,115,49,55,88,68,30,107,69,20,53,32,43,46,131,95,50,59,70,115,36,141,70,50,44,97,63,61,112,43,79,80,85,77,78,50,286,79,45,22,109,65,46,59,31,100,33,41,24,102,42,55,60,137,54,44,57,66,43,58,26,67,33,32,100,26,61,42,68,72,43,82,13,40,56,84,48,80,116,73,29,44,82,38,104,12,48,55,80,61,75,36,21,52,43,90,47,82,40,70,97,60,59,92,88,63,40,66,90,31,72,32,22,127,86,56,122,31,33,20,116,61,90,28,29,54,19,72,61,22,110,72,44,48,44,34,32,30,61,51,26,62,93,51,46,34,32,17,60,66,61,42,71,107,54,97,84,50,67,75,44,82,183,149,43,57,134,131,107,46,38,25,64,84,82,53,77,48,35,78,51,53,64,74,28,28,61,57,128,62,22,52,101,87,24,47,63,64,34,46,29,147,57,17,43,65,74,32,61,95,49,51,77,48,54,83,52,80,83,61,50,25,48,40,18,100,59,70,76,63,23,70,39,68,29,34,62,61,61,35,38,63,54,52,130,106,108,110,25,58,44,152,43,50,41,70,83,24,109,43,34,87,46,52,63,49,153,57,65,75,92,71,65,50,21,48,40,34,37,99,63,42,40,43,37,151,97,130,78,48,29,45,52,50,45,62,36,137,136,33,20,54,49,21,54,141,58,54,50,83,29,55,36,36,41,114,124,80,57,66,16,77,55,38,65,22,6,64,58,99,79,81,40,44,116,40,44,85,54,98,45,18,23,26,113,56,129,11,95,72,53,83,28,38,42,47,82,58,24,55,23,
0.36,2,230,207,188,254,214,229,317,277,185,192,284,279,198,152,239,233,185,195,171,217,137,199,158,268,147,131,183,235,131,236,92,108,300,97,252,290,118,109,135,81,152,250,113,144,178,190,78,140,157,146,94,139,114,104,113,113,101,108,93,76,111,98,94,91,139,68,98,131,73,183,21,119,124,81,77,112,55,95,81,67,28,53,133,87,134,47,68,90,161,124,361,57,52,64,82,40,139,99,82,76,219,97,39,132,35,124,83,58,80,104,58,68,49,46,113,36,63,60,93,93,29,103,55,69,71,14,73,39,161,93,125,115,71,76,72,65,52,53,59,47,81,109,123,84,41,51,213,64,37,58,34,84,30,84,88,138,44,56,130,52,70,140,69,70,126,85,93,91,95,75,66,86,105,141,80,77,78,245,54,128,56,120,111,99,113,131,37,65,62,75,109,151,83,159,106,230,95,105,134,132,149,99,104,112,68,173,78,114,131,106,125,115,119,185,152,91,97,67,96,133,158,156,166,83,67,196,152,181,108,95,98,156,82,91,127,125,109,123,212,125,215,122,100,101,145,117,259,117,160,125,131,103,115,106,113,134,106,145,151,87,109,188,101,117,111,103,89,95,119,78,82,140,163,80,111,105,110,188,82,137,97,182,49,87,132,102,56,67,84,178,102,80,94,161,164,113,99,105,60,105,32,42,78,76,152,107,64,58,53,62,28,118,139,91,73,19,100,140,76,82,69,44,103,55,123,39,27,46,37,68,81,52,129,68,79,53,74,38,68,57,28,62,87,99,24,54,91,165,66,33,73,44,23,13,19,65,50,34,41,53,27,40,29,89,102,11,112,51,56,31,51,63,73,23,17,25,85,90,76,44,66,28,38,30,101,79,26,43,35,34,39,53,35,24,90,42,138,58,24,127,118,43,66,64,55,69,53,47,61,18,40,22,38,33,62,171,97,12,52,64,35,33,113,20,54,94,39,136,20,73,66,98,101,46,33,41,92,27,104,36,90,69,82,73,23,48,30,64,49,58,30,12,108,74,114,34,62,195,145,59,149,70,85,9,123,8,276,45,15,106,21,55,85,118,86,160,57,59,29,27,20,86,28,55,99,64,84,114,46,19,58,13,38,22,100,47,146,49,94,50,20,92,75,71,89,60,137,45,19,55,63,42,61,23,27,69,118,37,41,40,43,147,25,84,66,105,31,72,17,33,30,47,188,108,119,77,91,49,38,43,14,48,47,44,64,61,93,94,72,107,92,135,81,41,82,87,79,32,114,15,42,24,39,52,20,45,116,13,66,35,59,59,35,9,29,49,63,20,41,20,57,8,47,17,48,63,24,91,25,25,6,28,55,113,30,89,3,17,24,101,40,41,99,68,68,38,75,52,69,33,7,13,17,24,46,150,17,60,100,137,113,44,55,55,128,47,72,58,42,10,29,64,65,52,125,30,39,22,8,55,11,51,65,33,23,20,78,21,42,32,32,76,9,43,46,64,136,125,148,70,19,20,26,80,66,28,166,53,69,50,37,20,32,39,44,69,75,66,47,53,82,89,46,28,83,40,46,99,83,34,73,54,101,42,24,181,171,39,10,88,22,70,38,84,80,66,77,38,99,15,85,33,61,10,54,29,44,163,81,74,95,25,13,105,49,57,73,30,65,110,110,57,32,122,64,47,19,37,25,56,19,123,35,54,105,56,40,27,54,4,45,59,40,32,41,25,66,50,16,52,78,38,93,48,19,36,68,75,16,68,26,3,61,46,136,100,69,50,19,62,27,47,72,67,30,63,42,52,60,44,29,26,32,42,63,53,55,54,106,102,41,10,22,60,7,27,56,35,67,29,20,33,9,5,61,38,115,46,25,17,64,34,89,33,98,48,14,22,5,6,62,10,34,26,12,80,5,28,64,83,125,42,46,11,29,9,34,25,44,60,91,20,18,5,13,4,31,37,31,64,21,42,32,25,61,48,49,82,58,21,41,44,63,8,60,32,40,80,79,54,27,46,21,80,9,39,64,7,75,22,8,9,65,60,69,30,45,52,45,61,51,93,35,58,52,45,7,42,56,18,134,68,23,10,166,63,66,38,39,42,63,38,17,74,45,121,33,26,43,50,71,56,38,44,35,41,16,30,35,82,39,33,37,77,34,43,7,33,25,24,39,16,116,26,116,14,55,76,11,82,77,42,51,76,32,55,66,21,46,83,14,33,70,60,35,56,39,24,41,24,16,31,112,119,91,41,80,53,39,80,40,41,42,49,55,73,77,78,108,55,35,33,45,64,51,49,76,21,20,26,20,33,47,45,36,73,25,19,31,11,61,65,39,60,27,9,16,9,20,15,4,27,61,26,54,22,61,18,59,64,26,5,48,11,16,25,63,59,29,30,13,24,35,30,25,3,41,5,31,52,39,49,10,47,24,87,50,13,
0.18,1,235,322,267,230,326,295,1036,383,234,257,187,256,195,181,335,219,234,239,251,180,263,279,232,199,139,514,230,170,189,164,177,175,230,185,195,173,166,190,353,160,142,294,400,389,386,168,175,205,182,121,183,191,111,188,128,234,122,186,113,168,191,90,113,141,170,272,112,130,165,139,116,128,239,91,113,124,315,102,65,202,212,73,127,132,113,164,62,146,119,59,133,190,113,152,186,149,114,206,119,188,94,70,83,79,77,153,148,86,123,112,236,97,160,93,205,121,98,117,78,67,126,189,74,89,107,155,129,90,132,69,90,78,80,69,200,99,196,85,88,82,53,98,198,118,84,123,103,140,92,118,78,172,139,80,118,101,197,112,138,92,101,107,109,169,110,129,57,137,98,125,93,110,214,181,139,124,100,183,260,107,123,104,85,199,116,87,130,240,140,163,199,174,140,177,132,169,185,114,170,140,112,190,131,138,198,191,129,224,169,165,228,152,114,168,140,111,104,285,116,111,137,150,140,170,115,163,111,232,159,132,215,209,147,109,162,144,172,101,149,152,149,100,197,110,112,141,192,133,163,125,83,178,172,170,94,174,109,138,118,87,119,130,193,125,151,201,153,97,229,196,109,176,97,75,87,205,123,146,145,156,114,70,93,174,96,84,94,224,152,179,103,117,89,164,147,216,85,266,95,110,184,65,178,152,121,114,82,90,105,116,78,118,120,154,120,82,104,78,78,191,117,102,107,146,103,77,85,138,105,67,142,100,115,113,76,85,110,168,86,94,120,97,58,73,80,64,106,65,103,181,84,274,87,74,130,41,143,39,70,130,56,57,44,32,21,103,66,76,97,66,69,57,116,33,213,134,99,79,67,149,51,70,86,97,64,61,64,117,97,58,51,22,56,61,52,104,75,113,90,137,72,91,78,93,105,92,91,127,122,146,233,23,113,82,154,74,60,168,99,87,75,74,87,68,59,83,146,75,118,104,34,127,61,43,96,108,98,36,113,18,100,104,74,152,87,65,110,78,232,92,132,46,52,71,85,58,49,100,16,90,125,118,143,117,66,97,117,83,121,105,90,54,86,47,180,90,84,123,97,80,80,178,100,31,125,76,88,76,143,107,96,60,96,63,78,63,175,45,59,68,73,67,41,72,98,91,62,66,152,82,73,104,68,109,148,114,143,60,51,99,42,57,74,152,37,76,77,99,81,154,82,65,57,100,160,78,168,40,63,36,109,70,43,75,59,71,121,210,147,98,107,79,140,107,79,119,130,85,121,51,86,71,81,106,68,25,107,71,74,85,64,35,84,87,36,79,39,63,62,65,73,110,121,66,97,83,165,78,108,59,90,83,76,97,52,68,118,95,121,99,53,48,107,190,15,169,73,77,65,49,127,55,91,59,44,47,95,124,90,43,76,31,236,122,67,104,34,58,38,144,56,51,44,97,104,34,80,59,34,95,60,79,53,109,63,98,101,73,48,75,27,107,102,124,81,46,85,122,46,197,118,69,188,108,117,65,82,72,68,106,73,176,131,14,71,33,79,74,87,96,80,56,74,178,112,98,112,81,122,51,96,73,168,51,42,150,101,95,61,63,39,95,53,76,55,92,90,60,75,75,50,100,152,104,39,155,38,55,79,46,70,114,49,79,57,121,112,152,133,72,268,162,63,125,47,91,93,62,41,107,51,74,262,62,230,34,59,39,148,20,72,73,42,33,51,145,107,176,100,65,40,42,100,133,20,50,90,54,100,119,64,34,27,112,110,104,102,61,99,34,66,28,32,56,28,24,103,88,39,35,10,97,45,28,25,81,40,47,40,58,68,102,22,252,57,63,148,71,51,91,49,92,131,101,50,36,48,60,24,74,72,105,92,163,73,269,11,44,24,31,62,40,43,74,94,72,19,87,39,48,63,35,61,125,160,46,69,174,187,154,56,33,123,61,30,87,36,51,75,48,78,79,32,56,29,51,88,88,75,50,116,78,86,69,83,83,81,122,54,111,65,107,77,55,133,85,49,98,60,72,62,28,35,114,26,55,90,106,44,68,103,81,60,55,72,100,42,37,68,40,159,42,53,106,63,37,42,63,82,64,29,59,44,52,116,70,49,59,94,122,33,52,42,95,145,100,141,97,92,74,130,79,104,56,46,131,70,69,52,85,76,46,67,35,68,74,83,84,65,50,67,28,61,50,85,101,89,38,45,107,127,34,61,101,63,81,55,103,127,60,44,63,28,74,62,69,91,55,195,45,123,54,72,69,98,143,42,98,76,68,68,50,66,106,73,39,68,69,86,120,74,79,82,56,88,100,59,55,70,85,194,76,87,84,56,54,42,135,104,141,56,78,96,44,39,93,84,67,59,47,109,45,46,39,39,67,78,76,51,51,21,48,81,94,50,59,65,17,74,95,112,56,90,86,73,120,51,55,
0,0,301,237,179,290,216,178,1334,270,269,162,194,216,228,232,454,173,175,217,543,184,210,174,131,128,163,447,173,143,137,149,169,217,204,316,381,157,126,132,244,85,239,158,184,110,255,109,133,189,204,66,91,102,144,94,97,79,180,116,156,65,170,89,111,94,121,94,74,97,226,216,72,104,76,47,122,107,124,119,178,92,41,69,118,77,291,107,49,96,133,68,70,54,78,92,56,85,130,138,178,118,43,46,77,76,46,36,45,121,50,133,69,36,76,147,153,55,85,166,33,93,38,91,34,35,56,114,120,70,49,27,61,37,161,73,137,52,33,43,43,39,67,91,23,67,41,139,137,163,141,95,117,79,148,50,123,74,61,143,75,64,64,49,66,51,136,52,72,89,122,219,95,86,81,82,86,108,102,75,96,119,86,150,126,166,125,125,131,202,147,160,114,147,218,61,97,204,150,83,133,176,145,124,85,111,134,118,82,104,100,197,117,99,151,109,139,136,186,178,103,105,62,132,58,111,148,109,158,144,57,122,200,114,146,124,167,101,83,112,93,83,138,109,87,149,99,106,101,126,205,120,128,137,220,176,106,173,152,69,138,48,102,96,124,52,77,189,92,154,111,109,119,104,55,123,154,118,104,99,121,84,66,79,73,125,100,93,121,90,63,72,106,79,127,20,62,59,67,84,55,37,83,36,69,83,26,89,131,48,105,85,89,60,203,236,63,55,31,73,113,48,71,50,56,126,38,169,98,33,35,90,106,73,87,47,50,54,128,45,46,42,77,56,48,41,67,11,42,53,220,85,125,48,44,31,101,74,122,21,44,98,80,41,60,58,38,48,93,88,99,80,66,44,48,9,54,84,91,29,106,72,36,54,145,79,43,103,41,48,134,33,60,73,28,79,51,51,68,59,32,56,35,203,84,52,73,151,121,60,30,102,71,38,69,45,46,82,94,119,41,71,62,60,146,77,47,52,58,93,125,42,54,115,97,25,145,20,40,45,60,125,62,104,87,27,63,63,90,18,65,81,30,77,42,109,53,115,89,130,178,33,102,90,37,55,120,97,60,98,36,115,76,82,35,40,50,31,275,99,165,99,150,99,81,68,74,51,30,52,76,48,154,121,61,60,121,111,147,186,42,127,65,32,13,98,65,74,48,90,67,17,67,75,98,66,126,46,80,59,133,73,44,70,75,7,62,101,22,19,25,40,187,46,32,74,62,74,35,36,33,60,54,21,39,72,12,19,74,64,99,82,63,131,14,11,133,95,7,74,76,93,53,83,132,73,25,55,77,108,67,36,44,63,67,65,130,66,56,99,18,72,112,18,53,13,117,37,64,161,6,88,17,109,22,64,89,23,109,85,34,86,18,44,44,67,31,52,12,105,61,10,30,68,58,87,91,84,53,37,61,40,83,54,11,37,66,83,32,46,30,124,35,52,67,128,47,31,46,105,17,178,39,131,97,35,31,40,83,42,71,132,71,92,43,49,139,33,99,64,33,39,44,24,23,76,149,59,96,55,55,52,97,62,35,7,46,29,62,71,29,68,42,35,95,271,95,17,41,33,76,67,68,93,67,114,37,49,56,15,22,57,23,16,39,62,82,54,43,41,89,25,34,67,66,108,23,10,87,11,20,96,11,88,30,68,32,16,13,48,24,56,59,80,85,54,40,41,82,47,34,27,62,42,59,52,53,66,53,66,24,52,57,42,55,53,46,10,31,82,68,70,32,86,24,28,4,156,23,69,52,52,6,105,40,17,29,48,39,62,40,70,88,22,46,42,105,58,119,32,38,84,94,22,70,69,60,62,29,40,13,15,12,38,79,49,40,35,105,52,168,176,20,107,87,51,29,38,50,18,28,64,85,112,94,74,38,54,42,79,7,24,13,33,10,46,9,69,60,30,186,119,41,64,46,49,32,39,75,56,101,11,35,76,20,47,17,84,22,33,63,84,23,45,65,36,16,75,11,25,49,59,36,55,53,49,87,16,15,39,56,82,72,115,36,78,106,43,47,115,63,103,31,63,84,100,14,53,41,53,24,114,78,35,79,30,21,83,32,38,20,12,57,101,45,64,51,24,20,23,72,36,26,5,70,48,17,17,19,41,78,59,145,15,50,56,42,22,70,25,35,31,49,48,34,208,27,48,128,29,29,41,14,88,51,52,28,62,33,60,49,50,67,49,56,43,15,49,40,36,81,28,60,120,54,13,139,93,58,77,70,68,86,100,49,55,10,22,111,35,28,7,29,49,72,39,124,48,321,4,40,25,41,42,134,20,46,82,65,46,49,89,69,87,24,69,88,27,17,30,99,30,54,52,67,59,56,22,59,27,25,54,34,24,28,99,151,29,73,17,92,135,36,14,96,30,40,59,81,36,130,94,48,36,20,40,29,57,63,56,147,54,97,53,29,49,31,60,96,77,
